2 0.3671875 0.28359375 0.021875 0.00625
2 0.42734375 0.27734375 0.034375 0.0109375
2 0.29609375 0.3015625 0.0359375 0.0078125
2 0.0921875 0.278125 0.03125 0.0078125
2 0.12109375 0.2734375 0.0265625 0.0109375
4 0.21171875 0.48046875 0.0234375 0.0609375
4 0.13046875 0.47734375 0.0234375 0.053125
4 0.175 0.4546875 0.021875 0.0515625
4 0.23203125 0.44375 0.0203125 0.053125
4 0.11484375 0.440625 0.05625 0.0234375
4 0.13984375 0.5578125 0.0296875 0.0453125
4 0.121875 0.58046875 0.0375 0.0453125
4 0.08984375 0.58671875 0.040625 0.0453125
4 0.2171875 0.40859375 0.03125 0.0140625
4 0.1171875 0.39375 0.021875 0.04375
4 0.14609375 0.353125 0.0109375 0.0359375
4 0.15703125 0.35390625 0.0140625 0.03125
2 0.33359375 0.275 0.0625 0.025
2 0.0609375 0.25625 0.0203125 0.00625
2 0.1796875 0.2453125 0.009375 0.0046875
4 0.21875 0.31640625 0.00625 0.0109375
2 0.303125 0.278125 0.0125 0.0125
2 0.36484375 0.27265625 0.0234375 0.009375
2 0.384375 0.28125 0.021875 0.0078125
2 0.40390625 0.27890625 0.01875 0.009375