2 0.2953125 0.2921875 0.059375 0.0203125
2 0.44375 0.215625 0.0859375 0.071875
2 0.55625 0.246875 0.075 0.0265625
2 0.88125 0.25 0.0546875 0.028125
2 0.7859375 0.2671875 0.04375 0.0125
2 0.7125 0.2796875 0.109375 0.1390625
2 0.16875 0.309375 0.084375 0.0375
2 0.0375 0.25 0.075 0.053125
4 0.4234375 0.2421875 0.0046875 0.0109375
4 0.8828125 0.2515625 0.00625 0.0078125
4 0.446875 0.2421875 0.003125 0.0078125
2 0.078125 0.3203125 0.1328125 0.084375
2 0.859375 0.2609375 0.19375 0.1328125
2 0.225 0.296875 0.1015625 0.0265625
2 0.7703125 0.253125 0.06875 0.01875
2 0.1796875 0.2828125 0.096875 0.025
4 0.7640625 0.296875 0.0125 0.0171875
4 0.6734375 0.4671875 0.0171875 0.0203125
4 0.0625 0.3140625 0.0203125 0.01875
2 0.44296875 0.03515625 0.0859375 0.0703125
2 0.55625 0.0078125 0.075 0.015625
2 0.88046875 0.00703125 0.0546875 0.0140625
2 0.7125 0.01953125 0.109375 0.0390625
2 0.0375 0.01328125 0.075 0.0265625
4 0.4234375 0.0078125 0.0046875 0.0109375
4 0.8828125 0.00078125 0.00625 0.0015625
4 0.446875 0.0078125 0.003125 0.0078125
2 0.859375 0.02734375 0.19375 0.0546875
2 0.7703125 0.003125 0.06875 0.00625