2 0.75625 0.7640625 0.4828125 0.1234375
2 0.4984375 0.63125 0.5890625 0.153125
2 0.340625 0.5765625 0.35 0.109375
2 0.3359375 0.54375 0.41875 0.103125
2 0.2359375 0.4875 0.290625 0.0484375
2 0.1828125 0.465625 0.1828125 0.0328125
2 0.265625 0.45 0.3078125 0.028125
2 0.4203125 0.4 0.1953125 0.025
2 0.240625 0.4296875 0.1703125 0.0375
2 0.278125 0.421875 0.1890625 0.0265625
2 0.3515625 0.40625 0.165625 0.0421875
2 0.509375 0.38125 0.1265625 0.025
4 0.5953125 0.3671875 0.0171875 0.015625
2 0.2125 0.4625 0.215625 0.0359375
2 0.75625 0.9015625 0.4828125 0.1234375
2 0.49765625 0.97890625 0.5890625 0.0421875