2 0.525 0.7859375 0.065625 0.015625
2 0.328125 0.76875 0.015625 0.0078125
2 0.2421875 0.7875 0.0203125 0.0046875
2 0.1796875 0.7703125 0.0171875 0.0140625
4 0.4765625 0.8609375 0.0390625 0.0734375
4 0.5015625 0.8578125 0.025 0.0671875
4 0.453125 0.859375 0.0296875 0.0734375
4 0.4234375 0.85625 0.021875 0.0703125
4 0.2953125 0.8515625 0.0234375 0.059375
4 0.2484375 0.8515625 0.021875 0.05
4 0.5640625 0.8640625 0.0296875 0.0625
4 0.271875 0.8578125 0.03125 0.0796875
4 0.409375 0.853125 0.015625 0.06875
4 0.184375 0.853125 0.0140625 0.01875
2 0.8015625 0.834375 0.0609375 0.0609375
2 0.00546875 0.76796875 0.0109375 0.0078125
2 0.0890625 0.7875 0.0203125 0.0046875
2 0.1515625 0.7703125 0.0171875 0.0140625
4 0.0359375 0.8515625 0.0234375 0.059375
4 0.0828125 0.8515625 0.021875 0.05
4 0.059375 0.8578125 0.03125 0.0796875
4 0.146875 0.853125 0.0140625 0.01875
2 0.8640625 0.834375 0.0609375 0.0609375