2 0.87890625 0.75703125 0.171875 0.20625
4 0.26484375 0.5203125 0.0109375 0.0171875
2 0.73671875 0.621875 0.2921875 0.296875
4 0.28828125 0.5296875 0.0140625 0.0234375
2 0.4890625 0.54375 0.3828125 0.371875
2 0.2734375 0.47734375 0.315625 0.3734375
3 0.3171875 0.60546875 0.01875 0.0171875
3 0.66015625 0.65078125 0.0171875 0.0234375
3 0.68671875 0.66875 0.0171875 0.0234375
3 0.715625 0.68125 0.015625 0.0234375
3 0.7453125 0.68984375 0.015625 0.0234375
3 0.77578125 0.69921875 0.015625 0.021875
3 0.80703125 0.70859375 0.015625 0.021875