2 0.35625 0.496875 0.4265625 0.128125
2 0.6765625 0.515625 0.209375 0.0484375
2 0.134375 0.4421875 0.040625 0.0359375
4 0.4125 0.4953125 0.0296875 0.04375
4 0.3875 0.4921875 0.0203125 0.0359375
4 0.7 0.4984375 0.0203125 0.0359375
4 0.728125 0.509375 0.0234375 0.021875
4 0.6796875 0.5015625 0.0109375 0.021875
2 0.8375 0.4375 0.028125 0.0140625
2 0.9171875 0.4296875 0.028125 0.028125
2 0.6796875 0.44375 0.028125 0.0171875
2 0.4796875 0.428125 0.021875 0.0375
2 0.7171875 0.4546875 0.0328125 0.0203125
4 0.2484375 0.484375 0.0125 0.0109375
4 0.265625 0.4828125 0.0171875 0.0171875
4 0.321875 0.4921875 0.01875 0.015625
4 0.3078125 0.4890625 0.015625 0.0140625
4 0.2953125 0.4875 0.0109375 0.0109375