2 0.509375 0.690625 0.215625 0.0453125
2 0.196875 0.709375 0.3328125 0.1234375
2 0.2671875 0.590625 0.21875 0.0640625
2 0.6625 0.6046875 0.228125 0.0234375
2 0.825 0.596875 0.0234375 0.0609375
4 0.2625 0.690625 0.0203125 0.0390625
4 0.33125 0.721875 0.0234375 0.0390625
4 0.515625 0.6640625 0.0234375 0.0203125
4 0.5375 0.665625 0.01875 0.0203125
4 0.55 0.66875 0.015625 0.025
4 0.321875 0.7203125 0.015625 0.0359375
4 0.090625 0.6078125 0.0046875 0.0078125
4 0.1046875 0.6078125 0.00625 0.0140625
4 0.3671875 0.6 0.0046875 0.0078125
2 0.509375 0.97734375 0.215625 0.0453125
2 0.19609375 0.9484375 0.3328125 0.103125
4 0.2625 0.978125 0.0203125 0.0390625
4 0.33125 0.946875 0.0234375 0.0390625
4 0.51484375 0.996875 0.0234375 0.00625
4 0.5375 0.99609375 0.01875 0.0078125
4 0.55 0.99375 0.015625 0.0125
4 0.321875 0.9484375 0.015625 0.0359375