2 0.24296875 0.5265625 0.171875 0.2203125
2 0.7125 0.48203125 0.575 0.6984375
2 0.57421875 0.75859375 0.8515625 0.1921875
4 0.63046875 0.72109375 0.1078125 0.1796875
4 0.53359375 0.70390625 0.1046875 0.23125
4 0.26171875 0.55234375 0.0265625 0.03125
4 0.22421875 0.5515625 0.01875 0.0234375
4 0.24921875 0.5515625 0.0171875 0.0328125
4 0.27734375 0.53515625 0.009375 0.0203125
4 0.253125 0.5171875 0.00625 0.0125
2 0.9640625 0.4953125 0.071875 0.065625
2 0.7078125 0.07109375 0.571875 0.1421875
2 0.57578125 0.9265625 0.8484375 0.146875
4 0.63359375 0.94765625 0.10625 0.1015625
4 0.5375 0.9453125 0.1015625 0.109375