4 0.5015625 0.615625 0.1 0.371875
4 0.6125 0.6796875 0.1859375 0.234375
4 0.6875 0.559375 0.0328125 0.0546875
4 0.296875 0.5890625 0.059375 0.0984375
4 0.928125 0.5421875 0.0296875 0.0546875
4 0.303125 0.646875 0.0890625 0.096875
4 0.2546875 0.665625 0.0375 0.0984375
4 0.0234375 0.61875 0.046875 0.128125
4 0.8328125 0.6796875 0.0515625 0.1390625
4 0.9546875 0.628125 0.090625 0.1203125
4 0.4296875 0.6671875 0.1484375 0.2015625
2 0.584375 0.46875 0.0171875 0.015625
4 0.1125 0.625 0.053125 0.1890625
4 0.5953125 0.5640625 0.0203125 0.0515625
4 0.61171875 0.9765625 0.1859375 0.046875