2 0.21328125 0.4125 0.0484375 0.0328125
2 0.4375 0.63046875 0.0625 0.0453125
2 0.46875 0.6796875 0.0515625 0.06875
2 0.71796875 0.42421875 0.0921875 0.05625
2 0.18203125 0.41328125 0.0390625 0.0296875
2 0.13125 0.48203125 0.0453125 0.05625
2 0.2578125 0.5359375 0.0671875 0.053125
2 0.9609375 0.46484375 0.078125 0.0890625
2 0.553125 0.58671875 0.090625 0.0609375
2 0.69140625 0.58828125 0.0828125 0.225
2 0.4578125 0.434375 0.1109375 0.034375
2 0.4375 0.5203125 0.0546875 0.04375
2 0.3671875 0.428125 0.078125 0.053125
2 0.4484375 0.971875 0.05 0.0546875