2 0.2921875 0.3359375 0.0453125 0.015625
2 0.5328125 0.33125 0.059375 0.015625
4 0.275 0.7421875 0.1609375 0.165625
4 0.5140625 0.73125 0.2234375 0.1828125
4 0.3953125 0.6609375 0.05 0.0890625
4 0.103125 0.69375 0.1921875 0.1828125
4 0.103125 0.6546875 0.0796875 0.06875
4 0.1296875 0.4359375 0.0484375 0.096875
4 0.490625 0.415625 0.0515625 0.059375
4 0.571875 0.71875 0.1515625 0.1421875
4 0.3171875 0.6015625 0.1265625 0.13125
4 0.2953125 0.6203125 0.146875 0.125
4 0.3578125 0.3953125 0.0421875 0.0375
4 0.175 0.521875 0.1015625 0.084375
4 0.1078125 0.51875 0.034375 0.0390625
2 0.2296875 0.303125 0.01875 0.0109375
2 0.821875 0.3375 0.01875 0.003125
2 0.29140625 0.003125 0.0453125 0.00625
2 0.5328125 0.00546875 0.059375 0.0109375
4 0.27421875 0.91875 0.1609375 0.1625
4 0.51328125 0.91953125 0.2234375 0.1609375
4 0.3953125 0.978125 0.05 0.04375
4 0.10234375 0.93828125 0.1921875 0.1234375
4 0.10234375 0.98671875 0.0796875 0.0265625
4 0.57109375 0.9359375 0.1515625 0.128125
2 0.2296875 0.03125 0.01875 0.0109375