2 0.5140625 0.70859375 0.7546875 0.3328125
4 0.19453125 0.696875 0.1140625 0.2078125
4 0.2421875 0.63984375 0.1 0.13125
4 0.3015625 0.62578125 0.090625 0.13125
4 0.36640625 0.609375 0.0984375 0.1359375
4 0.42890625 0.59375 0.0875 0.115625
4 0.85859375 0.56015625 0.1125 0.2484375
4 0.47890625 0.58359375 0.075 0.1
4 0.5234375 0.56796875 0.0703125 0.10625
4 0.75390625 0.5984375 0.0984375 0.15
4 0.7046875 0.5171875 0.078125 0.0875
4 0.759375 0.55390625 0.121875 0.1890625
4 0.15234375 0.72421875 0.1234375 0.2703125
2 0.09296875 0.76015625 0.125 0.1796875
4 0.61171875 0.64921875 0.1234375 0.159375
4 0.56953125 0.5515625 0.0703125 0.10625
4 0.4546875 0.51171875 0.0734375 0.078125
4 0.63203125 0.53046875 0.0796875 0.109375
4 0.6625 0.5234375 0.05625 0.0859375
4 0.8046875 0.540625 0.0875 0.1796875
4 0.76796875 0.55 0.09375 0.175
4 0.696875 0.66484375 0.11875 0.1953125
2 0.575 0.93515625 0.725 0.1296875
4 0.75703125 0.9296875 0.0875 0.0640625