2 0.2671875 0.72109375 0.303125 0.3171875
2 0.09453125 0.7015625 0.171875 0.2671875
2 0.8765625 0.64453125 0.246875 0.2796875
2 0.45078125 0.6546875 0.1703125 0.2421875
2 0.84765625 0.6890625 0.209375 0.2578125
2 0.97734375 0.3796875 0.028125 0.0234375
2 0.94921875 0.29296875 0.0484375 0.0125
4 0.6578125 0.56171875 0.61875 0.6171875
2 0.2875 0.93984375 0.2875 0.1203125
2 0.1203125 0.9765625 0.15625 0.046875
2 0.8921875 0.92109375 0.215625 0.1109375
2 0.47734375 0.975 0.1546875 0.05
2 0.865625 0.90859375 0.1984375 0.1375
4 0.6875 0.909375 0.58125 0.18125