4 0.2609375 0.525 0.046875 0.0609375
4 0.453125 0.4765625 0.0265625 0.0203125
4 0.8953125 0.4828125 0.0328125 0.0359375
4 0.5125 0.4578125 0.0171875 0.0234375
4 0.7203125 0.484375 0.0328125 0.034375
4 0.228125 0.4625 0.01875 0.025
4 0.5578125 0.45 0.015625 0.01875
2 0.8953125 0.496875 0.0265625 0.015625
4 0.8890625 0.4640625 0.0125 0.0171875
4 0.671875 0.4625 0.01875 0.01875
4 0.815625 0.49375 0.0265625 0.0296875
4 0.2609375 0.184375 0.046875 0.0609375
4 0.2609375 0.765625 0.046875 0.0609375
4 0.453125 0.2328125 0.0265625 0.0203125
4 0.453125 0.8140625 0.0265625 0.0203125
4 0.8953125 0.2265625 0.0328125 0.0359375
4 0.8953125 0.8078125 0.0328125 0.0359375
4 0.5125 0.2515625 0.0171875 0.0234375
4 0.5125 0.8328125 0.0171875 0.0234375
4 0.7203125 0.225 0.0328125 0.034375
4 0.7203125 0.80625 0.0328125 0.034375
4 0.228125 0.246875 0.01875 0.025
4 0.228125 0.828125 0.01875 0.025
4 0.5578125 0.259375 0.015625 0.01875
4 0.5578125 0.840625 0.015625 0.01875
2 0.8953125 0.2125 0.0265625 0.015625
2 0.8953125 0.79375 0.0265625 0.015625
4 0.8890625 0.2453125 0.0125 0.0171875
4 0.8890625 0.8265625 0.0125 0.0171875
4 0.671875 0.246875 0.01875 0.01875
4 0.671875 0.828125 0.01875 0.01875
4 0.815625 0.215625 0.0265625 0.0296875
4 0.815625 0.796875 0.0265625 0.0296875