4 0.64609375 0.8484375 0.053125 0.071875
2 0.946875 0.625 0.0953125 0.059375
2 0.86640625 0.63828125 0.1109375 0.021875
2 0.33203125 0.62421875 0.0984375 0.03125
2 0.21640625 0.62109375 0.1390625 0.0515625
2 0.06484375 0.74765625 0.0625 0.0453125
2 0.8625 0.75234375 0.0484375 0.0328125
2 0.2984375 0.73359375 0.0859375 0.04375
2 0.10390625 0.75 0.0390625 0.028125
2 0.71640625 0.76328125 0.0875 0.040625
4 0.67109375 0.703125 0.0109375 0.0109375
2 0.15390625 0.74765625 0.0890625 0.0421875
2 0.48984375 0.78125 0.078125 0.0375
2 0.8046875 0.68203125 0.0859375 0.1875
4 0.6421875 0.9171875 0.053125 0.071875
2 0.053125 0.95625 0.0625 0.0453125
2 0.28515625 0.98203125 0.084375 0.01875
2 0.09296875 0.959375 0.0390625 0.028125
2 0.703125 0.99375 0.0875 0.0125
2 0.1421875 0.96484375 0.0890625 0.0390625
2 0.48046875 0.96796875 0.078125 0.0375