4 0.0828125 0.5390625 0.03125 0.0921875
4 0.178125 0.5375 0.03125 0.075
4 0.59375 0.4921875 0.00625 0.0203125
4 0.6328125 0.4890625 0.00625 0.0125
4 0.6625 0.484375 0.0140625 0.03125
4 0.7390625 0.490625 0.0109375 0.0328125
4 0.540625 0.5015625 0.009375 0.0234375
4 0.6015625 0.4921875 0.00625 0.01875
4 0.675 0.4828125 0.00625 0.0140625
4 0.68125 0.48125 0.00625 0.0125
2 0.8546875 0.49375 0.078125 0.0203125
4 0.2890625 0.521875 0.015625 0.0421875
4 0.615625 0.4890625 0.0046875 0.0171875
4 0.6984375 0.4984375 0.00625 0.0109375