2 0.3203125 0.7359375 0.03125 0.0171875
2 0.26796875 0.71640625 0.0078125 0.0078125
4 0.809375 0.74453125 0.0125 0.015625
4 0.79765625 0.7546875 0.0171875 0.0140625
4 0.953125 0.75078125 0.0125 0.0359375
4 0.9765625 0.7515625 0.0203125 0.0453125
4 0.83828125 0.76171875 0.0265625 0.0421875
4 0.90703125 0.7359375 0.01875 0.03125
4 0.778125 0.74921875 0.0125 0.0234375
4 0.65 0.7421875 0.009375 0.0265625
4 0.7421875 0.74609375 0.009375 0.0265625
4 0.6953125 0.7484375 0.0109375 0.025
4 0.7484375 0.74765625 0.00625 0.021875
4 0.3125 0.734375 0.0125 0.0125
4 0.6640625 0.74921875 0.0125 0.0171875
2 0.309375 0.9390625 0.03125 0.0171875
2 0.25546875 0.953125 0.0078125 0.0078125
4 0.796875 0.98203125 0.0125 0.015625
4 0.78671875 0.9703125 0.0171875 0.0140625
4 0.940625 0.9859375 0.0125 0.028125
4 0.96328125 0.984375 0.0203125 0.03125
4 0.82734375 0.96796875 0.0265625 0.0421875
4 0.8921875 0.9921875 0.01875 0.015625
4 0.76640625 0.97421875 0.0125 0.0234375
4 0.63828125 0.9671875 0.009375 0.0265625
4 0.73046875 0.9734375 0.009375 0.0265625
4 0.68359375 0.96640625 0.0109375 0.025
4 0.73671875 0.97265625 0.00625 0.021875
4 0.3015625 0.93984375 0.0125 0.0125
4 0.65234375 0.96171875 0.0125 0.0171875