2 0.490625 0.509375 0.06875 0.0328125
2 0.56875 0.5234375 0.065625 0.0390625
2 0.65625 0.528125 0.05625 0.0296875
2 0.7078125 0.534375 0.0640625 0.0328125
2 0.8125 0.5484375 0.1140625 0.03125
2 0.090625 0.6734375 0.18125 0.0578125
2 0.1421875 0.7015625 0.284375 0.071875
2 0.90625 0.61875 0.1734375 0.05
2 0.8828125 0.7265625 0.2328125 0.0859375
2 0.19375 0.7296875 0.3671875 0.06875
2 0.6203125 0.525 0.0484375 0.0390625
2 0.91875 0.675 0.159375 0.06875
2 0.7953125 0.74375 0.2375 0.053125
2 0.2421875 0.50625 0.1 0.034375
2 0.359375 0.5171875 0.078125 0.0265625
2 0.0546875 0.5484375 0.109375 0.05
2 0.0609375 0.58515625 0.121875 0.0265625
2 0.70703125 0.99453125 0.0640625 0.0109375
2 0.81171875 0.98828125 0.1140625 0.0234375
2 0.090625 0.8671875 0.18125 0.0578125
2 0.1421875 0.8390625 0.284375 0.071875
2 0.90625 0.921875 0.1734375 0.05
2 0.8828125 0.8140625 0.2328125 0.0859375
2 0.19375 0.8109375 0.3671875 0.06875
2 0.91875 0.865625 0.159375 0.06875
2 0.7953125 0.796875 0.2375 0.053125
2 0.0546875 0.98359375 0.109375 0.0328125
2 0.0609375 0.95390625 0.121875 0.0265625