2 0.81796875 0.775 0.2984375 0.121875
4 0.79140625 0.61640625 0.0109375 0.0296875
4 0.1859375 0.5234375 0.015625 0.028125
4 0.80859375 0.6171875 0.015625 0.0328125
2 0.30625 0.746875 0.6125 0.165625
4 0.79921875 0.61796875 0.0125 0.0296875
4 0.6734375 0.6125 0.009375 0.0171875
2 0.7703125 0.65625 0.1546875 0.0578125
2 0.5421875 0.62890625 0.1921875 0.0625
2 0.3515625 0.61171875 0.1640625 0.0578125
2 0.15234375 0.6046875 0.3046875 0.140625
2 0.73046875 0.64609375 0.1515625 0.0546875
2 0.79140625 0.95 0.2984375 0.1
2 0.29921875 0.84375 0.5984375 0.165625
2 0.12890625 0.91640625 0.2578125 0.1046875