2 0.496875 0.6453125 0.8140625 0.2890625
2 0.65625 0.334375 0.3046875 0.1625
4 0.5 0.4421875 0.1921875 0.259375
4 0.5328125 0.234375 0.0515625 0.14375
4 0.740625 0.234375 0.040625 0.078125
4 0.603125 0.2296875 0.0265625 0.075
4 0.63125 0.221875 0.046875 0.0515625
4 0.225 0.446875 0.1921875 0.2203125
4 0.4265625 0.23125 0.065625 0.1390625
4 0.665625 0.225 0.0328125 0.0546875
4 0.3125 0.2421875 0.0203125 0.0453125
2 0.49609375 0.940625 0.8140625 0.11875
2 0.65546875 0.0359375 0.3046875 0.071875
4 0.5328125 0.090625 0.0515625 0.14375
4 0.740625 0.090625 0.040625 0.078125
4 0.603125 0.0953125 0.0265625 0.075
4 0.63125 0.103125 0.046875 0.0515625
4 0.4265625 0.09375 0.065625 0.1390625
4 0.665625 0.1 0.0328125 0.0546875
4 0.3125 0.0828125 0.0203125 0.0453125