2 0.8625 0.7078125 0.275 0.1578125
2 0.715625 0.7140625 0.134375 0.0953125
2 0.5453125 0.6953125 0.06875 0.078125
2 0.63125 0.6859375 0.134375 0.1234375
2 0.1453125 0.671875 0.103125 0.0828125
2 0.2390625 0.6828125 0.065625 0.0375
2 0.453125 0.6890625 0.171875 0.0671875
2 0.0390625 0.6921875 0.071875 0.040625
2 0.590625 0.678125 0.059375 0.0515625
4 0.7328125 0.628125 0.0171875 0.0546875
4 0.7640625 0.615625 0.009375 0.025
4 0.653125 0.628125 0.01875 0.0359375
4 0.534375 0.64375 0.0171875 0.0359375
4 0.421875 0.621875 0.0078125 0.01875
4 0.246875 0.6171875 0.015625 0.015625
2 0.8625 0.9375 0.275 0.125
2 0.715625 0.9484375 0.134375 0.0953125
2 0.5453125 0.9640625 0.06875 0.071875
2 0.63125 0.95703125 0.134375 0.0859375
2 0.1453125 0.97421875 0.103125 0.0515625
2 0.2390625 0.9796875 0.065625 0.0375
2 0.453125 0.96953125 0.171875 0.0609375
2 0.0390625 0.9703125 0.071875 0.040625
2 0.590625 0.97890625 0.059375 0.0421875