2 0.40859375 0.4828125 0.128125 0.128125
2 0.57890625 0.53203125 0.2125 0.265625
2 0.48203125 0.5265625 0.0484375 0.0375
2 0.8046875 0.5125 0.0359375 0.0125
2 0.93203125 0.74296875 0.10625 0.1125
2 0.74140625 0.51796875 0.021875 0.0109375
2 0.3578125 0.5609375 0.0921875 0.0953125
2 0.35546875 0.41484375 0.040625 0.034375
2 0.284375 0.45625 0.06875 0.040625
4 0.57421875 0.71015625 0.0109375 0.01875
2 0.53984375 0.9546875 0.1984375 0.090625
2 0.91875 0.89609375 0.10625 0.1125
2 0.3234375 0.95859375 0.0890625 0.0640625
2 0.39140625 0.00703125 0.0390625 0.0140625
4 0.56015625 0.86640625 0.0109375 0.01875