4 0.3859375 0.88515625 0.04375 0.0796875
4 0.34453125 0.884375 0.034375 0.071875
4 0.325 0.86171875 0.028125 0.0625
4 0.24921875 0.86484375 0.040625 0.08125
4 0.2265625 0.859375 0.0203125 0.053125
4 0.22109375 0.86328125 0.0375 0.0828125
4 0.125 0.91328125 0.0484375 0.1015625
4 0.47578125 0.921875 0.0421875 0.0578125
4 0.19921875 0.8625 0.021875 0.0796875
4 0.646875 0.8828125 0.0234375 0.059375
4 0.578125 0.95 0.053125 0.053125
2 0.74609375 0.82109375 0.009375 0.003125
4 0.684375 0.89921875 0.0296875 0.034375
2 0.7296875 0.79453125 0.0125 0.0203125
4 0.03515625 0.90390625 0.0484375 0.1015625
2 0.93828125 0.84140625 0.009375 0.003125
2 0.96015625 0.81875 0.0125 0.0203125