2 0.45390625 0.64140625 0.1328125 0.05
4 0.4640625 0.58359375 0.0171875 0.0203125
4 0.5015625 0.5890625 0.015625 0.015625
4 0.50390625 0.6109375 0.0171875 0.0203125
4 0.4828125 0.62109375 0.0125 0.0125
4 0.4640625 0.61953125 0.01875 0.0203125
4 0.40625 0.61640625 0.015625 0.021875
4 0.453125 0.61796875 0.015625 0.021875
4 0.48984375 0.59765625 0.009375 0.0109375
4 0.4484375 0.5890625 0.0171875 0.0359375
4 0.4875 0.58984375 0.0109375 0.0140625
4 0.5015625 0.61875 0.0140625 0.0125
4 0.4453125 0.6171875 0.0125 0.0203125