4 0.91015625 0.5921875 0.0203125 0.0375
2 0.50625 0.5671875 0.103125 0.0390625
2 0.31171875 0.53515625 0.1765625 0.096875
2 0.3875 0.5015625 0.0796875 0.0546875
2 0.15859375 0.50546875 0.2125 0.0953125
2 0.26796875 0.46484375 0.0546875 0.03125
2 0.6375 0.4234375 0.159375 0.3671875
2 0.08203125 0.48046875 0.1640625 0.0921875
3 0.62734375 0.59140625 0.0140625 0.0140625
3 0.17578125 0.515625 0.009375 0.015625
3 0.1890625 0.51875 0.0078125 0.015625
2 0.41640625 0.9859375 0.1015625 0.028125
2 0.22734375 0.93046875 0.171875 0.078125
2 0.08984375 0.89921875 0.1796875 0.0828125
2 0.69765625 0.14296875 0.13125 0.2328125
2 0.0375 0.88359375 0.075 0.0703125
3 0.09296875 0.90390625 0.009375 0.015625
3 0.10703125 0.90703125 0.0078125 0.015625