4 0.6875 0.7 0.1859375 0.2515625
4 0.2328125 0.69296875 0.240625 0.4375
4 0.4640625 0.64765625 0.1703125 0.3859375
4 0.55625 0.56796875 0.1953125 0.30625
4 0.68671875 0.55 0.1734375 0.2953125
4 0.43046875 0.715625 0.2265625 0.3328125
4 0.37734375 0.4359375 0.2078125 0.278125
4 0.59609375 0.440625 0.0984375 0.1328125
4 0.5640625 0.7265625 0.1703125 0.2390625
4 0.43359375 0.2421875 0.2390625 0.2109375
2 0.30390625 0.33984375 0.6078125 0.2296875
4 0.62109375 0.26796875 0.2203125 0.240625
4 0.3609375 0.59296875 0.1140625 0.1859375
4 0.48203125 0.47109375 0.096875 0.1375
4 0.721875 0.89765625 0.1703125 0.1625
4 0.28125 0.94296875 0.19375 0.1140625
4 0.51484375 0.9375 0.1265625 0.125
4 0.46875 0.925 0.2 0.15
4 0.59765625 0.9203125 0.15625 0.159375
4 0.40546875 0.08671875 0.2328125 0.1734375
2 0.2765625 0.07109375 0.553125 0.1421875
4 0.57890625 0.05 0.2015625 0.1