2 0.3765625 0.6234375 0.0890625 0.0234375
2 0.296875 0.6125 0.0796875 0.0140625
2 0.0359375 0.6171875 0.071875 0.0375
2 0.54375 0.5234375 0.8328125 0.11875
2 0.39375 0.5859375 0.0609375 0.0109375
2 0.453125 0.5796875 0.0328125 0.00625
2 0.5046875 0.5828125 0.0484375 0.009375
2 0.5640625 0.5859375 0.04375 0.0125
2 0.59375 0.578125 0.0453125 0.0171875
2 0.6609375 0.5796875 0.053125 0.021875
2 0.703125 0.6015625 0.0375 0.0390625
2 0.3796875 0.6 0.0546875 0.0171875
2 0.8484375 0.5859375 0.053125 0.015625