2 0.5390625 0.61875 0.7640625 0.1625
4 0.959375 0.5421875 0.0140625 0.0390625
4 0.8625 0.5234375 0.009375 0.025
4 0.846875 0.5296875 0.021875 0.0234375
4 0.128125 0.5515625 0.0171875 0.0421875
4 0.1109375 0.5515625 0.0125 0.0515625
4 0.665625 0.584375 0.0203125 0.0375
4 0.925 0.53125 0.0140625 0.0234375
4 0.853125 0.528125 0.0109375 0.0171875
4 0.9703125 0.5453125 0.0125 0.0203125
2 0.1484375 0.68125 0.1 0.0390625
4 0.8703125 0.51875 0.0046875 0.0078125
3 0.3375 0.4671875 0.015625 0.0140625
3 0.33125 0.48125 0.0140625 0.0125
3 0.346875 0.4765625 0.0125 0.0125
3 0.340625 0.490625 0.0125 0.0125
3 0.35 0.4875 0.009375 0.0109375
3 0.36875 0.4859375 0.0109375 0.0109375
3 0.384375 0.46875 0.0171875 0.0125
3 0.390625 0.48125 0.0140625 0.0109375
3 0.378125 0.509375 0.009375 0.0125
3 0.3796875 0.5296875 0.009375 0.0140625
3 0.375 0.496875 0.0109375 0.0125
3 0.3859375 0.4953125 0.0125 0.0125
3 0.4015625 0.4890625 0.0140625 0.0140625
3 0.446875 0.471875 0.0140625 0.015625
3 0.459375 0.48125 0.0125 0.0109375
3 0.446875 0.4859375 0.009375 0.009375
3 0.4375 0.4953125 0.0109375 0.0109375
3 0.528125 0.4609375 0.0171875 0.0171875
3 0.565625 0.5265625 0.0125 0.0140625
3 0.5140625 0.4671875 0.0140625 0.0140625
3 0.4921875 0.45625 0.0140625 0.0125
3 0.484375 0.4703125 0.0140625 0.0125
3 0.5 0.4703125 0.0140625 0.0125
3 0.503125 0.4796875 0.0140625 0.009375
3 0.4703125 0.475 0.0125 0.0125
3 0.48125 0.4828125 0.0140625 0.0140625
3 0.465625 0.5 0.0125 0.009375
3 0.4703125 0.4875 0.0078125 0.0109375
3 0.45625 0.49375 0.009375 0.00625
3 0.4796875 0.5 0.009375 0.0078125