4 0.746875 0.8859375 0.009375 0.021875
4 0.671875 0.91875 0.0125 0.0234375
4 0.6828125 0.959375 0.0125 0.01875
4 0.1671875 0.55 0.0046875 0.0125
4 0.19375 0.553125 0.003125 0.0109375
4 0.303125 0.5015625 0.00625 0.0125
4 0.7828125 0.8984375 0.0078125 0.015625
4 0.0640625 0.60625 0.009375 0.0125
4 0.25 0.5109375 0.003125 0.0078125
4 0.2671875 0.5703125 0.003125 0.0109375
4 0.2921875 0.559375 0.0078125 0.01875
2 0.19375 0.1765625 0.00625 0.0109375
2 0.4234375 0.1703125 0.0046875 0.009375
4 0.28125 0.5578125 0.0078125 0.0140625