2 0.1640625 0.60859375 0.328125 0.2015625
2 0.89375 0.57734375 0.2125 0.2140625
2 0.56328125 0.37109375 0.2875 0.1375
4 0.4546875 0.66796875 0.078125 0.228125
4 0.35703125 0.70703125 0.065625 0.1328125
4 0.31328125 0.7015625 0.0625 0.096875
4 0.240625 0.696875 0.0765625 0.1359375
2 0.44453125 0.44140625 0.2953125 0.2453125
2 0.171875 0.50234375 0.1796875 0.05
2 0.046875 0.4203125 0.0921875 0.0859375
2 0.35078125 0.36640625 0.190625 0.0578125
2 0.18359375 0.46328125 0.215625 0.0515625
2 0.16015625 0.94375 0.3203125 0.10625
2 0.88671875 0.9703125 0.2109375 0.059375
2 0.5671875 0.04140625 0.2875 0.0828125
4 0.45 0.9140625 0.0765625 0.171875
4 0.35390625 0.90078125 0.065625 0.1328125
4 0.31015625 0.9046875 0.0625 0.096875
4 0.23671875 0.90625 0.0765625 0.1359375
2 0.45078125 0.03203125 0.2921875 0.0640625
2 0.35546875 0.0203125 0.1890625 0.040625