2 0.7578125 0.3109375 0.2015625 0.2875
4 0.4 0.4390625 0.078125 0.0765625
4 0.346875 0.4578125 0.0546875 0.06875
4 0.534375 0.4453125 0.0234375 0.0203125
4 0.1921875 0.409375 0.015625 0.0296875
4 0.203125 0.3953125 0.0109375 0.015625
4 0.15 0.409375 0.015625 0.01875
2 0.5984375 0.3890625 0.0765625 0.0921875
2 0.51875 0.390625 0.0875 0.065625
2 0.971875 0.4359375 0.0546875 0.0484375
2 0.8921875 0.421875 0.0625 0.0328125
4 0.1375 0.409375 0.0109375 0.0140625
2 0.4625 0.40625 0.05625 0.034375
2 0.5390625 0.5671875 0.6875 0.240625
2 0.15 0.44375 0.153125 0.0578125
3 0.3125 0.51875 0.0375 0.0203125
3 0.365625 0.5171875 0.040625 0.01875
3 0.4109375 0.515625 0.0484375 0.021875
3 0.215625 0.4390625 0.0109375 0.01875
3 0.08125 0.446875 0.0078125 0.028125
2 0.75703125 0.08359375 0.2015625 0.1671875