2 0.80078125 0.59609375 0.3984375 0.2671875
2 0.38515625 0.43828125 0.521875 0.3453125
2 0.784375 0.4890625 0.2875 0.1671875
4 0.6578125 0.66953125 0.009375 0.015625
4 0.63125 0.67578125 0.0140625 0.0203125
4 0.765625 0.671875 0.0125 0.0203125
4 0.9015625 0.66640625 0.0109375 0.0171875
4 0.97109375 0.64921875 0.0109375 0.015625
4 0.95703125 0.6515625 0.0140625 0.0140625
4 0.6890625 0.671875 0.0078125 0.0265625
4 0.725 0.67578125 0.0109375 0.015625
4 0.790625 0.6734375 0.0109375 0.015625
4 0.6421875 0.68046875 0.0109375 0.009375
4 0.68125 0.68125 0.0078125 0.0078125
4 0.8078125 0.67109375 0.015625 0.0171875
3 0.05078125 0.71875 0.0203125 0.0234375
2 0.80390625 0.90859375 0.3921875 0.1765625
2 0.378125 0.0875 0.51875 0.175
4 0.66171875 0.8875 0.009375 0.015625
4 0.63515625 0.88203125 0.0140625 0.0203125
4 0.76953125 0.88125 0.0125 0.0203125
4 0.90546875 0.88203125 0.0109375 0.0171875
4 0.97578125 0.89609375 0.0109375 0.015625
4 0.96171875 0.8953125 0.0140625 0.0140625
4 0.69296875 0.884375 0.0078125 0.0265625
4 0.72890625 0.87890625 0.0109375 0.015625
4 0.79453125 0.8796875 0.0109375 0.015625
4 0.6453125 0.87734375 0.0109375 0.009375
4 0.684375 0.875 0.0078125 0.0078125
4 0.81171875 0.88046875 0.015625 0.0171875
3 0.053125 0.859375 0.0203125 0.0234375