2 0.6171875 0.6109375 0.19375 0.071875
4 0.596875 0.58203125 0.0625 0.0703125
4 0.7265625 0.55703125 0.0515625 0.0484375
4 0.71640625 0.53203125 0.028125 0.028125
4 0.48359375 0.4859375 0.03125 0.05625
4 0.74453125 0.53671875 0.0765625 0.05
4 0.4453125 0.46953125 0.0296875 0.0453125
4 0.4296875 0.45625 0.021875 0.0375
4 0.53125 0.48671875 0.0515625 0.0859375
4 0.70859375 0.54921875 0.01875 0.021875
2 0.84765625 0.5421875 0.096875 0.075
4 0.51171875 0.43203125 0.04375 0.078125
2 0.7578125 0.55625 0.2109375 0.065625
2 0.5046875 0.50703125 0.05625 0.0484375
4 0.675 0.51484375 0.03125 0.040625
4 0.7625 0.51328125 0.0375 0.0453125
4 0.3578125 0.41796875 0.028125 0.0375