4 0.7703125 0.63828125 0.015625 0.01875
4 0.36875 0.56875 0.00625 0.0078125
4 0.59609375 0.58515625 0.0140625 0.0125
2 0.14140625 0.5484375 0.0453125 0.0140625
2 0.3671875 0.5625 0.1171875 0.109375
2 0.70703125 0.6234375 0.36875 0.115625
2 0.50625 0.55078125 0.125 0.0546875
2 0.709375 0.584375 0.1890625 0.0671875
4 0.75234375 0.84375 0.015625 0.01875
4 0.34453125 0.8421875 0.00625 0.0078125
4 0.571875 0.865625 0.0140625 0.0125
2 0.1171875 0.82265625 0.0453125 0.0140625
2 0.415625 0.01875 0.1125 0.0375
2 0.3421875 0.8484375 0.1171875 0.109375
2 0.6875 0.84765625 0.36875 0.115625
2 0.553125 0.02265625 0.125 0.0453125
2 0.47734375 0.88359375 0.125 0.0546875
2 0.75625 0.0328125 0.1875 0.040625
2 0.6828125 0.8859375 0.1890625 0.0671875