2 0.09375 0.4609375 0.1828125 0.1421875
4 0.72265625 0.80625 0.3296875 0.2859375
4 0.39453125 0.5609375 0.1046875 0.140625
4 0.81875 0.70234375 0.3625 0.4953125
4 0.4859375 0.559375 0.0625 0.0796875
4 0.4625 0.59921875 0.1421875 0.1125
4 0.5421875 0.5546875 0.0671875 0.1109375
4 0.48125 0.540625 0.065625 0.05625
4 0.37890625 0.48828125 0.03125 0.0359375
4 0.35625 0.484375 0.0328125 0.0421875
4 0.38515625 0.50546875 0.0453125 0.04375
4 0.30859375 0.4625 0.0109375 0.01875
4 0.0265625 0.51015625 0.053125 0.1765625
4 0.4046875 0.4875 0.028125 0.0296875
4 0.67734375 0.9546875 0.3046875 0.090625
4 0.74921875 0.97109375 0.2921875 0.0578125