2 0.63359375 0.58125 0.6890625 0.215625
4 0.50703125 0.5578125 0.0390625 0.05
4 0.534375 0.55078125 0.0421875 0.0375
4 0.1421875 0.5046875 0.009375 0.015625
4 0.11953125 0.51015625 0.0078125 0.0140625
4 0.07578125 0.51484375 0.0125 0.0171875
2 0.87578125 0.365625 0.1046875 0.103125
2 0.67421875 0.90859375 0.6515625 0.1828125
4 0.58125 0.98046875 0.034375 0.0296875
4 0.61015625 0.98046875 0.0390625 0.021875
4 0.065625 0.07109375 0.00625 0.00625
4 0.04296875 0.07421875 0.00625 0.0046875
4 0.00234375 0.084375 0.0046875 0.009375