2 0.53125 0.29765625 0.0625 0.115625
4 0.64609375 0.62734375 0.0375 0.034375
4 0.5921875 0.64375 0.01875 0.01875
4 0.50546875 0.59375 0.0375 0.0515625
4 0.5578125 0.45546875 0.0109375 0.015625
4 0.34921875 0.29296875 0.00625 0.0109375
4 0.6109375 0.62578125 0.0203125 0.0265625
4 0.52421875 0.6375 0.0125 0.015625
4 0.49140625 0.6546875 0.0328125 0.0359375
4 0.5859375 0.62890625 0.01875 0.021875
4 0.5734375 0.6421875 0.01875 0.025
2 0.55390625 0.25546875 0.021875 0.0265625
2 0.0109375 0.4125 0.021875 0.0375
2 0.01484375 0.40078125 0.0296875 0.0265625
2 0.80078125 0.175 0.028125 0.0234375
2 0.8359375 0.1609375 0.0234375 0.0140625
2 0.8140625 0.16875 0.01875 0.015625
2 0.8375 0.165625 0.0421875 0.0375
4 0.4765625 0.66171875 0.0203125 0.0265625
4 0.50546875 0.64609375 0.0109375 0.0078125
2 0.04453125 0.3796875 0.0890625 0.053125
2 0.7828125 0.1796875 0.021875 0.0234375
2 0.8265625 0.16640625 0.01875 0.0125
2 0.74375 0.1484375 0.0125 0.0125
4 0.040625 0.60390625 0.01875 0.0359375
2 0.465625 0.05703125 0.0625 0.1140625
4 0.72421875 0.9203125 0.0375 0.034375
4 0.66953125 0.93359375 0.01875 0.01875
4 0.3109375 0.15078125 0.00625 0.0109375
4 0.6953125 0.9390625 0.0203125 0.0265625
4 0.6140625 0.97265625 0.0125 0.015625
4 0.57734375 0.97421875 0.0328125 0.0359375
4 0.671875 0.94921875 0.01875 0.021875
4 0.6546875 0.94375 0.01875 0.025
2 0.50703125 0.08046875 0.021875 0.0265625
2 0.76171875 0.02734375 0.028125 0.0234375
2 0.79921875 0.021875 0.0234375 0.0140625
2 0.77578125 0.0265625 0.01875 0.015625
2 0.79765625 0.01796875 0.0421875 0.0359375
4 0.5609375 0.97578125 0.0203125 0.0265625
4 0.59296875 0.975 0.0109375 0.0078125
2 0.02421875 0.23125 0.0484375 0.053125
2 0.74375 0.03203125 0.021875 0.0234375
2 0.7875 0.021875 0.01875 0.0125
2 0.725 0.07890625 0.0125 0.0125