2 0.5 0.496875 1 0.74375
4 0.67578125 0.51640625 0.1046875 0.125
4 0.6078125 0.49765625 0.115625 0.15625
4 0.07109375 0.440625 0.1421875 0.2625
4 0.36015625 0.50234375 0.1484375 0.2515625
4 0.32265625 0.396875 0.0828125 0.096875
4 0.790625 0.590625 0.084375 0.09375
4 0.27421875 0.41328125 0.0859375 0.153125
4 0.4515625 0.43515625 0.11875 0.1625
2 0.53515625 0.1578125 0.9296875 0.315625
2 0.44453125 0.8359375 0.8890625 0.328125
4 0.70234375 0.0484375 0.09375 0.05
4 0.01953125 0.85234375 0.0390625 0.1140625
4 0.27109375 0.91796875 0.1171875 0.10625
4 0.4078125 0.009375 0.075 0.01875
4 0.36484375 0.00625 0.0640625 0.0125
4 0.53671875 0.03515625 0.1015625 0.0703125