4 0.159375 0.3125 0.028125 0.0265625
4 0.4109375 0.284375 0.0234375 0.0515625
4 0.265625 0.253125 0.00625 0.00625
2 0.203125 0.209375 0.00625 0.0125
2 0.2203125 0.2109375 0.0046875 0.009375
4 0.8625 0.246875 0.0203125 0.0484375
4 0.2796875 0.2390625 0.00625 0.009375
4 0.7203125 0.221875 0.0046875 0.0046875
4 0.28125 0.2515625 0.00625 0.009375
2 0.684375 0.2078125 0.0125 0.0046875
2 0.2546875 0.2109375 0.0046875 0.0109375
2 0.409375 0.2078125 0.0046875 0.00625
4 0.759375 0.221875 0.0046875 0.0046875
4 0.090625 0.3125 0.028125 0.0265625
2 0.046875 0.209375 0.00625 0.0125
2 0.0296875 0.2109375 0.0046875 0.009375
4 0.8875 0.246875 0.0203125 0.0484375
4 0.990625 0.221875 0.0046875 0.0046875