2 0.92109375 0.2515625 0.040625 0.084375
4 0.4890625 0.62578125 0.234375 0.4671875
4 0.7078125 0.5796875 0.271875 0.65
4 0.7890625 0.31796875 0.0796875 0.1171875
4 0.4109375 0.35 0.071875 0.1265625
4 0.12734375 0.41328125 0.0578125 0.046875
4 0.70859375 0.3125 0.0484375 0.146875
4 0.81875 0.2734375 0.0640625 0.08125
2 0.2515625 0.34609375 0.0234375 0.0484375
2 0.1375 0.37109375 0.0046875 0.015625
2 0.23515625 0.3546875 0.0140625 0.0234375
4 0.2765625 0.3953125 0.015625 0.025
4 0.30859375 0.39296875 0.021875 0.025
4 0.34375 0.39296875 0.01875 0.01875
4 0.71875 0.296875 0.025 0.0765625
4 0.28125 0.57734375 0.1875 0.3421875
4 0.35703125 0.38359375 0.028125 0.0328125