4 0.2875 0.540625 0.003125 0.0171875
4 0.3453125 0.54375 0.009375 0.021875
4 0.678125 0.6375 0.0875 0.2125
4 0.26875 0.54375 0.0046875 0.01875
4 0.353125 0.540625 0.009375 0.025
2 0.8078125 0.5953125 0.0453125 0.0296875
2 0.6015625 0.565625 0.046875 0.021875
2 0.1734375 0.575 0.015625 0.009375
4 0.30625 0.54375 0.0109375 0.01875
2 0.809375 0.559375 0.040625 0.040625
4 0.04375 0.540625 0.003125 0.0171875
4 0.9703125 0.6375 0.059375 0.2125
4 0.0625 0.54375 0.0046875 0.01875
2 0.8546875 0.5953125 0.0453125 0.0296875
2 0.1578125 0.575 0.015625 0.009375
4 0.025 0.54375 0.0109375 0.01875
2 0.853125 0.559375 0.040625 0.040625