2 0.48203125 0.5390625 0.5546875 0.48125
4 0.48203125 0.39765625 0.0734375 0.1078125
4 0.475 0.4515625 0.0546875 0.1453125
4 0.49375 0.56640625 0.0640625 0.0953125
4 0.5140625 0.61015625 0.071875 0.09375
4 0.57734375 0.53203125 0.0859375 0.1734375
4 0.62109375 0.50546875 0.059375 0.1140625
4 0.6359375 0.45625 0.04375 0.0734375
4 0.37421875 0.49140625 0.0734375 0.115625
4 0.4359375 0.565625 0.09375 0.0921875
4 0.53671875 0.378125 0.0546875 0.1125
4 0.45625 0.6109375 0.075 0.0953125
4 0.58046875 0.39140625 0.096875 0.121875
4 0.565625 0.453125 0.1015625 0.125