2 0.3890625 0.6796875 0.23125 0.08125
4 0.14375 0.6015625 0.0125 0.0328125
4 0.1578125 0.6015625 0.0125 0.03125
4 0.1984375 0.6015625 0.0109375 0.0359375
4 0.246875 0.5984375 0.01875 0.0328125
4 0.3375 0.5875 0.0109375 0.01875
4 0.2859375 0.596875 0.0171875 0.0390625
4 0.309375 0.596875 0.0109375 0.0328125
4 0.346875 0.6 0.0109375 0.025
4 0.265625 0.6046875 0.0078125 0.021875
4 0.3421875 0.6703125 0.0296875 0.0390625
4 0.2234375 0.6015625 0.015625 0.03125
4 0.621875 0.590625 0.0109375 0.0359375
4 0.6453125 0.59375 0.015625 0.03125
1 0.5046875 0.4453125 0.0890625 0.2609375