2 0.5296875 0.49765625 0.940625 0.7265625
4 0.3765625 0.34765625 0.159375 0.1375
4 0.50390625 0.35546875 0.15625 0.115625
4 0.65625 0.3328125 0.1171875 0.1015625
4 0.7765625 0.31015625 0.1421875 0.1328125
4 0.80234375 0.2796875 0.178125 0.1640625
4 0.32421875 0.34140625 0.096875 0.1296875
4 0.49296875 0.3140625 0.121875 0.1265625
2 0.5046875 0.0984375 0.915625 0.196875
2 0.55234375 0.89921875 0.8953125 0.2015625
4 0.35390625 0.03828125 0.1546875 0.06875
4 0.4796875 0.01796875 0.15 0.0359375
4 0.63203125 0.015625 0.1140625 0.03125
4 0.75546875 0.02578125 0.1390625 0.0515625
4 0.784375 0.046875 0.175 0.09375
4 0.303125 0.0453125 0.09375 0.071875
4 0.4734375 0.0421875 0.11875 0.084375