2 0.303125 0.8484375 0.3265625 0.1578125
4 0.32421875 0.7 0.009375 0.015625
4 0.31953125 0.7078125 0.0125 0.0203125
4 0.3015625 0.70546875 0.0125 0.0140625
4 0.290625 0.71796875 0.0140625 0.021875
4 0.29609375 0.70859375 0.009375 0.0140625
4 0.771875 0.58203125 0.0140625 0.028125
4 0.64453125 0.59609375 0.0125 0.01875
4 0.27734375 0.71796875 0.0140625 0.028125
4 0.3125 0.703125 0.0078125 0.0125
4 0.58671875 0.60859375 0.0109375 0.015625
4 0.7640625 0.58359375 0.0140625 0.028125
4 0.315625 0.70390625 0.0046875 0.009375
4 0.309375 0.71015625 0.0109375 0.021875
2 0.34296875 0.96640625 0.3265625 0.0671875