2 0.4671875 0.5 0.846875 0.303125
2 0.9296875 0.4671875 0.1390625 0.0328125
4 0.2 0.5453125 0.0296875 0.05625
4 0.434375 0.553125 0.025 0.0546875
4 0.3328125 0.5546875 0.0484375 0.053125
4 0.5359375 0.55 0.0265625 0.0515625
4 0.615625 0.5421875 0.034375 0.0546875
4 0.7453125 0.5234375 0.034375 0.0390625
4 0.7203125 0.5375 0.021875 0.0328125
4 0.2265625 0.5375 0.0171875 0.0140625
4 0.178125 0.5375 0.025 0.0421875
4 0.1421875 0.546875 0.0171875 0.021875
4 0.1203125 0.5390625 0.0140625 0.0234375
4 0.65 0.540625 0.034375 0.0515625
4 0.2890625 0.528125 0.01875 0.0171875
4 0.290625 0.51875 0.5140625 0.09375