2 0.2671875 0.82890625 0.28125 0.125
2 0.33515625 0.66484375 0.3109375 0.08125
2 0.28828125 0.5734375 0.303125 0.0828125
2 0.48671875 0.51953125 0.3484375 0.09375
2 0.6265625 0.4109375 0.2265625 0.059375
2 0.50859375 0.3609375 0.2609375 0.0625
2 0.5890625 0.3484375 0.1890625 0.0546875
2 0.534375 0.2375 0.296875 0.09375
2 0.2265625 0.04140625 0.1296875 0.06875
2 0.5984375 0.325 0.2375 0.05625
3 0.2765625 0.49453125 0.0546875 0.040625
3 0.14765625 0.66171875 0.0390625 0.05
3 0.25703125 0.3828125 0.040625 0.03125
3 0.21953125 0.32421875 0.046875 0.0375
3 0.5109375 0.059375 0.0375 0.034375
3 0.26640625 0.240625 0.0453125 0.0359375
3 0.44140625 0.41875 0.0375 0.0390625
2 0.03828125 0.815625 0.0765625 0.115625
2 0.04609375 0.559375 0.0921875 0.071875
2 0.07265625 0.03359375 0.1 0.0671875
3 0.07265625 0.6578125 0.0390625 0.05
3 0.0359375 0.31484375 0.046875 0.0375