4 0.41484375 0.5578125 0.1484375 0.3078125
4 0.4828125 0.63828125 0.0984375 0.1875
4 0.35 0.42734375 0.025 0.0484375
2 0.90546875 0.8046875 0.128125 0.1875
2 0.771875 0.64921875 0.425 0.1703125
2 0.66015625 0.55859375 0.3234375 0.1359375
2 0.134375 0.440625 0.0453125 0.0375
2 0.03984375 0.4671875 0.0796875 0.04375
2 0.93203125 0.578125 0.121875 0.0421875
2 0.8390625 0.5296875 0.321875 0.090625
2 0.0796875 0.45703125 0.0921875 0.0359375
2 0.15625 0.4109375 0.0765625 0.034375
2 0.1875 0.40625 0.059375 0.028125
4 0.875 0.60859375 0.0109375 0.0171875
2 0.015625 0.5171875 0.03125 0.046875
2 0.86875 0.990625 0.1125 0.01875