2 0.5484375 0.69296875 0.6421875 0.2703125
4 0.41953125 0.44765625 0.028125 0.0546875
4 0.65390625 0.43671875 0.0421875 0.090625
4 0.49609375 0.44140625 0.028125 0.065625
4 0.44921875 0.4390625 0.0390625 0.071875
4 0.3390625 0.440625 0.040625 0.071875
4 0.3671875 0.45390625 0.0125 0.0328125
4 0.31484375 0.52109375 0.0171875 0.03125
4 0.42734375 0.55234375 0.0171875 0.04375
4 0.45703125 0.5453125 0.025 0.0203125
4 0.3921875 0.45390625 0.0296875 0.0484375
4 0.1609375 0.43828125 0.0171875 0.021875
4 0.36171875 0.446875 0.0171875 0.053125
4 0.1859375 0.45390625 0.0140625 0.0265625
2 0.51640625 0.92421875 0.6328125 0.1515625