2 0.2671875 0.57890625 0.34375 0.3171875
2 0.74921875 0.646875 0.3703125 0.296875
3 0.24609375 0.634375 0.0421875 0.0421875
3 0.27734375 0.64609375 0.034375 0.034375
3 0.325 0.6609375 0.0234375 0.0265625
3 0.296875 0.66171875 0.0234375 0.0234375
3 0.56796875 0.7203125 0.01875 0.0265625
3 0.58515625 0.7296875 0.028125 0.01875
3 0.6796875 0.75 0.0359375 0.0140625
2 0.74296875 0.95703125 0.3671875 0.0859375
3 0.56328125 0.9828125 0.01875 0.0265625
3 0.58046875 0.9734375 0.028125 0.01875
3 0.6765625 0.95625 0.0359375 0.0140625