2 0.334375 0.53828125 0.3015625 0.1703125
4 0.61015625 0.484375 0.0140625 0.015625
4 0.63828125 0.475 0.0109375 0.015625
4 0.70390625 0.46015625 0.0140625 0.01875
4 0.74140625 0.45546875 0.0140625 0.01875
4 0.7578125 0.4578125 0.0203125 0.0359375
4 0.7796875 0.45625 0.0234375 0.04375
4 0.83125 0.45 0.0265625 0.0390625
4 0.88125 0.4234375 0.0203125 0.028125
4 0.96484375 0.409375 0.0171875 0.01875
4 0.68515625 0.478125 0.0171875 0.034375
4 0.7328125 0.46953125 0.01875 0.034375
4 0.9171875 0.41796875 0.0109375 0.0125
4 0.8484375 0.43203125 0.0125 0.0171875