4 0.525 0.38203125 0.24375 0.2671875
4 0.44921875 0.21484375 0.209375 0.19375
4 0.15625 0.40859375 0.246875 0.3234375
4 0.52109375 0.58125 0.2375 0.303125
4 0.23671875 0.23984375 0.2484375 0.1953125
4 0.0640625 0.253125 0.128125 0.16875
2 0.10078125 0.6453125 0.2015625 0.565625
4 0.2234375 0.73515625 0.309375 0.378125
4 0.7140625 0.228125 0.2453125 0.28125
2 0.78125 0.46171875 0.4375 0.7921875
2 0.34609375 0.5140625 0.6921875 0.80625
4 0.08359375 0.2109375 0.0453125 0.034375
4 0.39453125 0.23125 0.1234375 0.16875
4 0.4296875 0.0703125 0.203125 0.140625
4 0.21796875 0.09375 0.24375 0.1515625
4 0.0546875 0.11640625 0.109375 0.1421875
2 0.13515625 0.95859375 0.1671875 0.0828125
4 0.2515625 0.94609375 0.28125 0.1078125
4 0.6890625 0.05390625 0.228125 0.1078125
4 0.07421875 0.13671875 0.0453125 0.034375
4 0.3734375 0.06640625 0.1171875 0.1203125