2 0.32109375 0.60078125 0.56875 0.2359375
2 0.90859375 0.5671875 0.1765625 0.0703125
2 0.6328125 0.53515625 0.084375 0.0484375
2 0.56484375 0.5109375 0.1125 0.0390625
4 0.66328125 0.5140625 0.0203125 0.0390625
4 0.5828125 0.53046875 0.06875 0.1359375
4 0.48203125 0.59375 0.0390625 0.05
4 0.365625 0.5953125 0.0671875 0.078125
4 0.86328125 0.54453125 0.034375 0.053125
4 0.46015625 0.503125 0.0203125 0.0609375
4 0.47265625 0.50625 0.021875 0.0546875
4 0.43125 0.5984375 0.0875 0.078125
4 0.91953125 0.5734375 0.0125 0.01875
4 0.63125 0.53203125 0.0171875 0.0171875
4 0.90078125 0.56796875 0.0234375 0.025
2 0.27578125 0.953125 0.5515625 0.09375