2 0.5515625 0.48125 0.896875 0.50625
4 0.26171875 0.67734375 0.125 0.2546875
4 0.4171875 0.61171875 0.046875 0.0984375
4 0.1453125 0.64296875 0.1296875 0.2625
4 0.46171875 0.609375 0.034375 0.06875
4 0.4390625 0.60234375 0.0234375 0.065625
4 0.47890625 0.60390625 0.021875 0.05625
4 0.3953125 0.61171875 0.034375 0.0578125
4 0.39921875 0.57890625 0.025 0.046875
4 0.50546875 0.60703125 0.0234375 0.0234375
4 0.48515625 0.61171875 0.01875 0.0484375
4 0.2296875 0.8796875 0.1125 0.1765625
4 0.109375 0.865625 0.115625 0.1671875