4 0.4953125 0.59375 0.05 0.1515625
4 0.746875 0.534375 0.028125 0.0640625
4 0.2953125 0.6484375 0.1328125 0.0671875
4 0.446875 0.6453125 0.0515625 0.040625
4 0.44375 0.6203125 0.065625 0.034375
4 0.7921875 0.4625 0.0125 0.03125
4 0.8203125 0.4609375 0.009375 0.0296875
4 0.76875 0.44375 0.0078125 0.009375
4 0.3828125 0.6375 0.0359375 0.03125
4 0.709375 0.4453125 0.009375 0.0265625
2 0.5984375 0.496875 0.0390625 0.0171875
2 0.2984375 0.3828125 0.0109375 0.0171875
4 0.409375 0.65 0.0359375 0.053125
4 0.921875 0.534375 0.028125 0.0640625
4 0.05078125 0.64765625 0.1015625 0.0671875
4 0.8765625 0.4625 0.0125 0.03125
4 0.8484375 0.4609375 0.009375 0.0296875
4 0.9 0.44375 0.0078125 0.009375
4 0.959375 0.4453125 0.009375 0.0265625
2 0.0328125 0.3828125 0.0109375 0.0171875