2 0.14375 0.3359375 0.246875 0.0703125
2 0.871875 0.2265625 0.0671875 0.00625
2 0.440625 0.2046875 0.0484375 0.0703125
4 0.3296875 0.40625 0.125 0.2796875
4 0.0625 0.57734375 0.125 0.2609375
4 0.29375 0.690625 0.3375 0.26875
4 0.6421875 0.503125 0.0875 0.2609375
4 0.5390625 0.46875 0.0703125 0.16875
4 0.715625 0.4796875 0.065625 0.1328125
4 0.384375 0.4234375 0.084375 0.2703125
2 0.746875 0.2125 0.03125 0.00625
2 0.590625 0.2140625 0.025 0.015625
2 0.98125 0.2421875 0.0359375 0.0171875
4 0.2015625 0.503125 0.071875 0.1640625
4 0.365625 0.69375 0.2953125 0.259375
4 0.41875 0.4875 0.046875 0.1625
4 0.196875 0.33125 0.0515625 0.0765625
4 0.0375 0.33125 0.0390625 0.0390625
2 0.14375 0.01640625 0.246875 0.0328125
2 0.871875 0.1078125 0.0671875 0.00625
2 0.440625 0.1296875 0.0484375 0.0703125
4 0.3296875 0.03359375 0.125 0.0671875
4 0.29375 0.9203125 0.3375 0.159375
2 0.746875 0.121875 0.03125 0.00625
2 0.590625 0.1203125 0.025 0.015625
2 0.98125 0.0921875 0.0359375 0.0171875
4 0.36484375 0.92109375 0.2953125 0.1578125
4 0.19609375 0.0203125 0.0515625 0.040625
4 0.03671875 0.0109375 0.0390625 0.021875