4 0.559375 0.5296875 0.071875 0.3359375
4 0.5359375 0.515625 0.1515625 0.3546875
4 0.1828125 0.609375 0.1234375 0.1078125
4 0.3078125 0.6109375 0.11875 0.090625
4 0.94375 0.5890625 0.103125 0.059375
4 0.9375 0.459375 0.01875 0.0125
4 0.853125 0.4453125 0.0125 0.021875
4 0.634375 0.440625 0.015625 0.0109375
2 0.1921875 0.3078125 0.009375 0.0125
4 0.4125 0.6046875 0.0953125 0.05
4 0.596875 0.5859375 0.0578125 0.0671875
4 0.5046875 0.4078125 0.021875 0.0390625
4 0.9015625 0.5625 0.03125 0.0234375
4 0.2234375 0.6078125 0.053125 0.0359375
2 0.575 0.509375 0.5578125 0.125
2 0.5390625 0.3265625 0.6078125 0.0671875
2 0.1921875 0.0234375 0.009375 0.0125
2 0.53828125 0.01875 0.6078125 0.0375