4 0.14375 0.7859375 0.284375 0.15625
4 0.0921875 0.5078125 0.1359375 0.08125
4 0.1671875 0.4484375 0.040625 0.0265625
4 0.115625 0.4125 0.0140625 0.0125
4 0.259375 0.428125 0.0125 0.0328125
4 0.1515625 0.409375 0.025 0.01875
4 0.490625 0.4109375 0.009375 0.0265625
4 0.5203125 0.43125 0.0109375 0.034375
4 0.684375 0.6125 0.103125 0.053125
4 0.4453125 0.4390625 0.009375 0.0125
4 0.2203125 0.4546875 0.0671875 0.0234375
4 0.403125 0.4375 0.0109375 0.0390625
2 0.6578125 0.4265625 0.0296875 0.0078125
4 0.44375 0.409375 0.0125 0.025
4 0.14375 0.94296875 0.284375 0.1140625