2 0.29765625 0.7046875 0.56875 0.4375
2 0.53125 0.646875 0.3671875 0.3171875
2 0.61328125 0.51171875 0.5640625 0.334375
2 0.77421875 0.45546875 0.2875 0.140625
2 0.11328125 0.5546875 0.2265625 0.13125
2 0.07734375 0.58359375 0.1546875 0.1296875
2 0.1875 0.53046875 0.146875 0.0953125
2 0.2375 0.515625 0.1421875 0.09375
2 0.3484375 0.496875 0.13125 0.0703125
2 0.0953125 0.50625 0.0734375 0.034375
3 0.12109375 0.80703125 0.0609375 0.0421875
3 0.3453125 0.840625 0.05 0.0734375
3 0.56484375 0.56796875 0.025 0.0328125
3 0.65234375 0.5625 0.053125 0.0359375
3 0.70078125 0.54296875 0.0484375 0.034375
3 0.865625 0.4875 0.03125 0.03125
2 0.37109375 0.92265625 0.5234375 0.1546875
2 0.60625 0.91875 0.33125 0.1625
3 0.3671875 0.921875 0.05 0.0734375