4 0.871875 0.3375 0.0734375 0.0765625
4 0.915625 0.3296875 0.0546875 0.06875
4 0.8796875 0.2515625 0.021875 0.0828125
4 0.0921875 0.2703125 0.015625 0.0640625
4 0.0578125 0.278125 0.034375 0.053125
4 0.315625 0.2515625 0.0140625 0.025
4 0.3828125 0.26875 0.0171875 0.01875
4 0.2421875 0.2421875 0.009375 0.015625
4 0.175 0.2703125 0.0328125 0.0203125
4 0.9609375 0.26875 0.025 0.0359375
4 0.1828125 0.253125 0.00625 0.028125
4 0.86875 0.2375 0.0109375 0.0546875
2 0.0875 0.4171875 0.175 0.134375
4 0.8796875 0.01953125 0.021875 0.0390625
4 0.31484375 0.00546875 0.0140625 0.0109375
4 0.2421875 0.0078125 0.009375 0.015625
4 0.1828125 0.00546875 0.00625 0.0109375
4 0.86796875 0.01953125 0.0109375 0.0390625