2 0.446875 0.6390625 0.13125 0.04375
4 0.459375 0.58125 0.015625 0.01875
4 0.496875 0.5890625 0.015625 0.0140625
4 0.4984375 0.6109375 0.015625 0.01875
4 0.4765625 0.6203125 0.0125 0.0125
4 0.4578125 0.6171875 0.0171875 0.01875
4 0.4 0.6109375 0.0140625 0.021875
4 0.446875 0.615625 0.0140625 0.021875
4 0.484375 0.596875 0.009375 0.0109375
4 0.44375 0.5859375 0.015625 0.0359375
4 0.4828125 0.5890625 0.0109375 0.0140625
4 0.4953125 0.61875 0.0140625 0.0125
4 0.4390625 0.6140625 0.0109375 0.0203125