2 0.359375 0.61875 0.1125 0.1015625
2 0.6296875 0.553125 0.1078125 0.084375
2 0.5375 0.478125 0.06875 0.1140625
2 0.7484375 0.5015625 0.0734375 0.090625
2 0.6375 0.4734375 0.0703125 0.075
2 0.1921875 0.459375 0.09375 0.1265625
2 0.109375 0.5375 0.103125 0.0859375
2 0.5921875 0.378125 0.034375 0.1515625
2 0.8453125 0.4875 0.06875 0.0484375
2 0.8640625 0.5296875 0.1203125 0.1578125
2 0.3703125 0.5390625 0.1015625 0.084375
2 0.453125 0.4453125 0.053125 0.0265625
2 0.69375 0.4625 0.05 0.028125
2 0.7109375 0.69375 0.065625 0.0578125
2 0.5921875 0.015625 0.034375 0.03125
2 0.7109375 0.97109375 0.065625 0.0578125