2 0.0640625 0.478125 0.128125 0.1265625
4 0.721875 0.615625 0.14375 0.4296875
4 0.8484375 0.6265625 0.159375 0.3890625
4 0.55 0.4953125 0.0375 0.1078125
4 0.4875 0.459375 0.028125 0.0296875
4 0.4578125 0.459375 0.025 0.025
4 0.4359375 0.4546875 0.01875 0.028125
4 0.5078125 0.484375 0.0546875 0.0828125
4 0.9375 0.4734375 0.0453125 0.0578125
4 0.9125 0.49375 0.0375 0.0296875
4 0.6296875 0.5046875 0.046875 0.1296875
4 0.60625 0.4828125 0.0171875 0.065625
4 0.6515625 0.496875 0.021875 0.10625
4 0.571875 0.49375 0.0140625 0.0859375
4 0.721875 0.9171875 0.14375 0.165625
4 0.8484375 0.921875 0.159375 0.15625