4 0.18515625 0.5625 0.0546875 0.0453125
4 0.68125 0.56875 0.009375 0.021875
4 0.8046875 0.64375 0.071875 0.04375
4 0.846875 0.64765625 0.0203125 0.0328125
4 0.821875 0.60546875 0.01875 0.0234375
4 0.79609375 0.61015625 0.0359375 0.04375
4 0.6703125 0.56796875 0.0125 0.0234375
4 0.65546875 0.5359375 0.00625 0.0078125
4 0.56015625 0.553125 0.01875 0.0578125
4 0.75546875 0.58671875 0.021875 0.059375
4 0.490625 0.54765625 0.01875 0.0578125
2 0.109375 0.49140625 0.01875 0.009375
4 0.83984375 0.61015625 0.0359375 0.034375
2 0.16171875 0.4734375 0.0359375 0.0125
2 0.66015625 0.5375 0.0265625 0.00625