2 0.71015625 0.4796875 0.1484375 0.046875
2 0.8109375 0.4453125 0.078125 0.025
2 0.675 0.4515625 0.0515625 0.015625
2 0.2046875 0.4875 0.046875 0.0421875
4 0.59375 0.50703125 0.025 0.025
4 0.971875 0.43515625 0.0296875 0.021875
4 0.9578125 0.41171875 0.0140625 0.03125
4 0.94921875 0.43984375 0.025 0.0203125
4 0.82265625 0.446875 0.0109375 0.0203125
4 0.8359375 0.43046875 0.0078125 0.009375
4 0.66328125 0.47109375 0.0140625 0.0171875
2 0.27421875 0.4890625 0.021875 0.015625
4 0.73046875 0.48828125 0.0109375 0.0140625
4 0.93828125 0.41796875 0.0109375 0.0203125
4 0.92578125 0.41953125 0.0078125 0.0171875
2 0.35625 0.47578125 0.01875 0.009375
4 0.94921875 0.40703125 0.0078125 0.0140625
4 0.88671875 0.434375 0.0078125 0.015625
4 0.8421875 0.4328125 0.0125 0.025