4 0.7359375 0.6140625 0.0625 0.0390625
4 0.7484375 0.5984375 0.015625 0.03125
4 0.725 0.5984375 0.0359375 0.0484375
4 0.6953125 0.5875 0.0515625 0.059375
4 0.5234375 0.6078125 0.03125 0.034375
4 0.53125 0.621875 0.01875 0.0203125
4 0.36875 0.6109375 0.0296875 0.034375
4 0.428125 0.6140625 0.0265625 0.0328125
2 0.4203125 0.578125 0.740625 0.2953125
2 0.9078125 0.3859375 0.078125 0.0609375
2 0.3640625 0.3296875 0.0328125 0.05625
2 0.4953125 0.3546875 0.046875 0.01875
2 0.1234375 0.4015625 0.04375 0.0296875
2 0.596875 0.3484375 0.0296875 0.01875
2 0.70625 0.3546875 0.0359375 0.01875
2 0.628125 0.3546875 0.028125 0.015625
2 0.66875 0.3453125 0.0203125 0.015625
2 0.690625 0.321875 0.0171875 0.040625
2 0.728125 0.3453125 0.0234375 0.009375
4 0.4734375 0.621875 0.03125 0.0453125
4 0.278125 0.60625 0.0171875 0.0328125
4 0.259375 0.6125 0.01875 0.0203125
2 0.7265625 0.3203125 0.0171875 0.040625
2 0.759375 0.3203125 0.01875 0.0515625
3 0.2890625 0.6890625 0.0203125 0.0390625
3 0.43125 0.6953125 0.015625 0.0421875
3 0.571875 0.6984375 0.0125 0.0390625
3 0.73125 0.7 0.015625 0.0375