2 0.46875 0.56953125 0.0828125 0.0578125
2 0.56328125 0.51953125 0.046875 0.025
2 0.59765625 0.534375 0.0390625 0.021875
2 0.8578125 0.58046875 0.084375 0.0609375
2 0.27421875 0.50859375 0.0953125 0.04375
2 0.51796875 0.57734375 0.0875 0.0609375
4 0.6515625 0.66015625 0.103125 0.215625
4 0.5234375 0.67109375 0.115625 0.14375
4 0.41484375 0.6875 0.1703125 0.2171875
4 0.25546875 0.74609375 0.175 0.20625
4 0.95390625 0.65234375 0.0734375 0.1203125
4 0.21640625 0.60390625 0.140625 0.1453125
4 0.890625 0.70234375 0.0578125 0.1015625
4 0.7734375 0.69375 0.078125 0.1796875
4 0.3640625 0.6984375 0.1015625 0.1203125
4 0.27890625 0.5 0.021875 0.025
4 0.94609375 0.73828125 0.0546875 0.08125
4 0.82265625 0.67109375 0.090625 0.1484375
2 0.9 0.6296875 0.0625 0.0421875
4 0.203125 0.54765625 0.0453125 0.0421875
4 0.37109375 0.9625 0.146875 0.06875
4 0.23046875 0.9 0.165625 0.146875
4 0.32109375 0.96640625 0.0890625 0.034375