2 0.31015625 0.33125 0.021875 0.009375
2 0.36484375 0.3078125 0.0359375 0.0171875
2 0.246875 0.36953125 0.0359375 0.0140625
2 0.0453125 0.40703125 0.03125 0.0140625
2 0.07109375 0.39453125 0.028125 0.015625
4 0.21875 0.565625 0.034375 0.0625
4 0.13984375 0.58671875 0.0328125 0.0546875
4 0.1765625 0.5515625 0.0296875 0.053125
4 0.22734375 0.52421875 0.0296875 0.0546875
4 0.11484375 0.55546875 0.0578125 0.0328125
4 0.17265625 0.66015625 0.0375 0.05
4 0.16171875 0.6875 0.0453125 0.0515625
4 0.13359375 0.70234375 0.0484375 0.0515625
4 0.20234375 0.4953125 0.0328125 0.0203125
4 0.103125 0.51015625 0.0296875 0.0453125
4 0.11875 0.46328125 0.0171875 0.0375
4 0.1296875 0.46015625 0.0203125 0.0328125
2 0.275 0.33359375 0.0640625 0.0359375
2 0.009375 0.3953125 0.01875 0.009375
2 0.11953125 0.35 0.0109375 0.00625
4 0.17734375 0.40625 0.009375 0.0125
2 0.24765625 0.3453125 0.015625 0.015625
2 0.30390625 0.321875 0.025 0.0125
2 0.32578125 0.32421875 0.0234375 0.0109375
2 0.34296875 0.3171875 0.0203125 0.0125