2 0.146875 0.7359375 0.1015625 0.065625
2 0.4578125 0.7546875 0.1515625 0.0234375
2 0.540625 0.7109375 0.0234375 0.0109375
4 0.3890625 0.63125 0.009375 0.015625
4 0.3640625 0.6296875 0.0078125 0.01875
4 0.5390625 0.63125 0.0125 0.01875
4 0.5546875 0.63125 0.0140625 0.0203125
4 0.278125 0.6296875 0.015625 0.015625
4 0.0234375 0.6265625 0.01875 0.0234375
4 0.5078125 0.740625 0.0171875 0.015625
4 0.2625 0.63125 0.0125 0.0171875
4 0.1765625 0.7 0.0203125 0.0234375
4 0.453125 0.7484375 0.0140625 0.0234375
4 0.5140625 0.63125 0.0125 0.0171875
4 0.5265625 0.63125 0.0109375 0.0140625
2 0.296875 0.69375 0.0578125 0.028125
4 0.0390625 0.628125 0.0125 0.0125
2 0.146875 0.9296875 0.1015625 0.065625
2 0.4578125 0.9109375 0.1515625 0.0234375
2 0.540625 0.9546875 0.0234375 0.0109375
4 0.5078125 0.925 0.0171875 0.015625
4 0.1765625 0.965625 0.0203125 0.0234375
4 0.453125 0.9171875 0.0140625 0.0234375
2 0.296875 0.971875 0.0578125 0.028125