4 0.309375 0.715625 0.0203125 0.0453125
4 0.4796875 0.55625 0.0078125 0.025
4 0.32421875 0.7109375 0.015625 0.0375
4 0.27109375 0.73828125 0.0203125 0.0484375
2 0.28671875 0.45234375 0.1140625 0.04375
2 0.35078125 0.35234375 0.1 0.0453125
2 0.2984375 0.26796875 0.053125 0.015625
4 0.4484375 0.79453125 0.028125 0.025
4 0.54375 0.54375 0.0140625 0.0171875
4 0.46328125 0.8484375 0.0109375 0.0125
4 0.49765625 0.5359375 0.003125 0.0046875
4 0.51484375 0.5375 0.009375 0.009375
4 0.73515625 0.50703125 0.009375 0.0109375
4 0.7015625 0.49765625 0.009375 0.0109375
2 0.3515625 0.4359375 0.109375 0.021875
2 0.47265625 0.31484375 0.1125 0.0296875
2 0.52265625 0.3875 0.1296875 0.05
2 0.3375 0.234375 0.1140625 0.0359375
2 0.57109375 0.56875 0.278125 0.078125
2 0.75390625 0.41640625 0.121875 0.05625
2 0.89453125 0.40625 0.1953125 0.075
2 0.72421875 0.37265625 0.2046875 0.0734375
2 0.60703125 0.496875 0.1734375 0.06875
4 0.26171875 0.446875 0.0046875 0.015625
2 0.4859375 0.7796875 0.2921875 0.0703125
4 0.24765625 0.95859375 0.01875 0.0359375
4 0.4328125 0.946875 0.028125 0.025
4 0.4578125 0.89765625 0.0109375 0.0125
2 0.46640625 0.9671875 0.2921875 0.065625