2 0.3625 0.525 0.0765625 0.040625
2 0.12421875 0.503125 0.0890625 0.046875
2 0.29609375 0.48046875 0.109375 0.1125
4 0.19453125 0.5640625 0.1109375 0.1984375
4 0.37421875 0.590625 0.0578125 0.078125
4 0.59609375 0.60625 0.021875 0.0296875
4 0.59765625 0.6296875 0.0453125 0.0703125
4 0.7140625 0.63125 0.0890625 0.1453125
2 0.5828125 0.5640625 0.0203125 0.009375
2 0.8703125 0.55 0.0453125 0.0640625
2 0.51640625 0.55078125 0.0875 0.0296875
2 0.6703125 0.53828125 0.109375 0.0859375
2 0.940625 0.55078125 0.0859375 0.0984375
2 0.55625 0.5203125 0.096875 0.0796875
2 0.778125 0.51640625 0.1 0.1375
2 0.4 0.52109375 0.0484375 0.0296875