2 0.8765625 0.3328125 0.128125 0.065625
2 0.784375 0.3234375 0.0765625 0.0890625
2 0.7328125 0.3265625 0.05 0.028125
2 0.5625 0.29375 0.0265625 0.0578125
2 0.49375 0.2546875 0.034375 0.1015625
2 0.5484375 0.278125 0.0296875 0.075
2 0.6765625 0.265625 0.05 0.0796875
2 0.6484375 0.271875 0.0328125 0.0671875
2 0.828125 0.284375 0.0484375 0.0140625
2 0.909375 0.3 0.065625 0.03125
2 0.7609375 0.2875 0.021875 0.00625
2 0.446875 0.290625 0.0296875 0.025
4 0.35625 0.525 0.41875 0.925
2 0.971875 0.3328125 0.05625 0.065625
2 0.97109375 0.3 0.0578125 0.03125