2 0.5015625 0.4828125 0.6546875 0.2203125
2 0.475 0.6421875 0.36875 0.0984375
4 0.1359375 0.6078125 0.0234375 0.0390625
4 0.4109375 0.6296875 0.0453125 0.05
4 0.1484375 0.6109375 0.021875 0.0234375
4 0.2 0.6140625 0.0375 0.0390625
2 0.2046875 0.6328125 0.228125 0.05625
4 0.228125 0.609375 0.0203125 0.0265625
4 0.2375 0.615625 0.0125 0.015625
2 0.475 0.95546875 0.36875 0.0890625
4 0.13515625 0.9875 0.0234375 0.025
4 0.4109375 0.9734375 0.0453125 0.05
4 0.1484375 0.98984375 0.021875 0.0203125
4 0.2 0.984375 0.0375 0.03125
2 0.2046875 0.9703125 0.228125 0.05625
4 0.22734375 0.98984375 0.0203125 0.0203125
4 0.2375 0.9875 0.0125 0.015625