2 0.60078125 0.39296875 0.3953125 0.2515625
2 0.2375 0.30625 0.4140625 0.371875
2 0.50859375 0.70234375 0.4453125 0.1671875
2 0.86171875 0.28515625 0.153125 0.1765625
4 0.47109375 0.64140625 0.1828125 0.1625
4 0.17578125 0.21015625 0.0640625 0.1125
4 0.1140625 0.228125 0.0703125 0.1796875
2 0.86171875 0.28828125 0.20625 0.06875
2 0.8578125 0.2484375 0.221875 0.0828125
2 0.74453125 0.359375 0.0953125 0.0671875
4 0.49765625 0.2859375 0.1171875 0.1671875
2 0.92890625 0.25625 0.1421875 0.078125
4 0.225 0.23359375 0.028125 0.0953125
2 0.63671875 0.04453125 0.3796875 0.0890625
2 0.2640625 0.0796875 0.396875 0.159375
2 0.48203125 0.94140625 0.4421875 0.1171875
2 0.87890625 0.1234375 0.153125 0.1765625
4 0.43671875 0.96796875 0.1734375 0.0640625
4 0.19140625 0.05546875 0.0640625 0.1109375
4 0.13359375 0.05625 0.0671875 0.1125
2 0.87890625 0.1203125 0.20625 0.06875
2 0.8671875 0.15859375 0.221875 0.0828125
2 0.7765625 0.040625 0.0921875 0.0375
4 0.51953125 0.06484375 0.1140625 0.1296875
2 0.93359375 0.165625 0.1328125 0.078125
4 0.2453125 0.04453125 0.028125 0.0890625