2 0.5140625 0.690625 0.971875 0.228125
4 0.7078125 0.3984375 0.0609375 0.059375
4 0.403125 0.48671875 0.0375 0.05
4 0.790625 0.41328125 0.04375 0.090625
4 0.60703125 0.47421875 0.08125 0.0890625
4 0.94296875 0.3953125 0.021875 0.0234375
4 0.54921875 0.47734375 0.0515625 0.0546875
4 0.46640625 0.475 0.015625 0.0078125
4 0.4921875 0.47578125 0.015625 0.0203125
4 0.3421875 0.58046875 0.190625 0.2171875
2 0.9640625 0.44609375 0.06875 0.0359375
4 0.88984375 0.50703125 0.2203125 0.2078125
4 0.621875 0.42109375 0.0203125 0.025
4 0.196875 0.4875 0.090625 0.1453125
2 0.53359375 0.9265625 0.9328125 0.146875