4 0.51953125 0.6140625 0.15625 0.3828125
4 0.6390625 0.66015625 0.2203125 0.2609375
4 0.69453125 0.5296875 0.040625 0.059375
4 0.31328125 0.61953125 0.0734375 0.10625
4 0.9296875 0.475 0.0375 0.059375
4 0.32890625 0.67578125 0.103125 0.109375
4 0.28359375 0.70234375 0.053125 0.103125
4 0.04765625 0.6921875 0.065625 0.134375
4 0.85703125 0.62578125 0.0734375 0.1453125
4 0.95703125 0.55546875 0.0859375 0.1328125
4 0.45703125 0.67578125 0.178125 0.221875
2 0.578125 0.45625 0.01875 0.01875
4 0.13671875 0.684375 0.0828125 0.1953125
4 0.60390625 0.5484375 0.028125 0.0546875
4 0.68515625 0.953125 0.190625 0.075