2 0.1515625 0.2828125 0.05 0.015625
2 0.3265625 0.28125 0.04375 0.0125
4 0.34375 0.6453125 0.1859375 0.3734375
4 0.5640625 0.26875 0.0140625 0.0375
4 0.3359375 0.2578125 0.0125 0.0171875
2 0.55625 0.26875 0.053125 0.0203125
2 0.8453125 0.271875 0.0765625 0.0109375
2 0.409375 0.271875 0.0390625 0.028125
2 0.6953125 0.271875 0.0578125 0.015625
4 0.846875 0.259375 0.0078125 0.015625
4 0.703125 0.2625 0.0171875 0.025
4 0.5484375 0.2609375 0.0234375 0.03125
4 0.4109375 0.259375 0.0171875 0.0140625
4 0.3234375 0.2640625 0.00625 0.015625
4 0.1046875 0.6109375 0.203125 0.421875
4 0.18125 0.265625 0.021875 0.0234375
4 0.1359375 0.265625 0.0125 0.025
4 0.8296875 0.2484375 0.0140625 0.01875
4 0.86875 0.2578125 0.0125 0.0265625
2 0.871875 0.21875 0.025 0.0234375
2 0.1171875 0.25625 0.084375 0.0171875
2 0.084375 0.23203125 0.16875 0.0484375
2 0.915625 0.2171875 0.059375 0.025
2 0.715625 0.2265625 0.0296875 0.0078125
2 0.403125 0.2296875 0.0140625 0.0109375
2 0.3265625 0.2375 0.034375 0.0203125
2 0.1515625 0.0484375 0.05 0.015625
2 0.3265625 0.05 0.04375 0.0125
4 0.34296875 0.91640625 0.1859375 0.1671875
4 0.5640625 0.0625 0.0140625 0.0375
4 0.3359375 0.0734375 0.0125 0.0171875
2 0.55625 0.0625 0.053125 0.0203125
2 0.8453125 0.059375 0.0765625 0.0109375
2 0.409375 0.059375 0.0390625 0.028125
2 0.6953125 0.059375 0.0578125 0.015625
4 0.846875 0.071875 0.0078125 0.015625
4 0.703125 0.06875 0.0171875 0.025
4 0.5484375 0.0703125 0.0234375 0.03125
4 0.4109375 0.071875 0.0171875 0.0140625
4 0.3234375 0.0671875 0.00625 0.015625
4 0.1046875 0.921875 0.203125 0.15625
4 0.18125 0.065625 0.021875 0.0234375
4 0.1359375 0.065625 0.0125 0.025
4 0.8296875 0.0828125 0.0140625 0.01875
4 0.86875 0.0734375 0.0125 0.0265625
2 0.871875 0.1125 0.025 0.0234375
2 0.1171875 0.075 0.084375 0.0171875
2 0.084375 0.09765625 0.16875 0.0484375
2 0.915625 0.1140625 0.059375 0.025
2 0.715625 0.1046875 0.0296875 0.0078125
2 0.403125 0.1015625 0.0140625 0.0109375
2 0.3265625 0.09375 0.034375 0.0203125