4 0.503125 0.609375 0.446875 0.303125
4 0.9609375 0.459375 0.078125 0.084375
4 0.9203125 0.41484375 0.146875 0.1015625
4 0.31796875 0.22265625 0.14375 0.1453125
4 0.05234375 0.25859375 0.046875 0.0671875
4 0.6546875 0.3328125 0.025 0.040625
4 0.79921875 0.3703125 0.034375 0.04375
4 0.77890625 0.3671875 0.03125 0.059375
2 0.90078125 0.56796875 0.19375 0.08125
4 0.8703125 0.3890625 0.021875 0.0375
4 0.840625 0.384375 0.025 0.028125
4 0.09375 0.28671875 0.046875 0.0390625
4 0.1203125 0.28828125 0.040625 0.0359375
4 0.0578125 0.284375 0.0515625 0.04375
4 0.4453125 0.9515625 0.41875 0.096875
4 0.9515625 0.07890625 0.096875 0.0421875
4 0.3453125 0.059375 0.14375 0.11875
4 0.7 0.04609375 0.025 0.040625
4 0.84765625 0.0625 0.03125 0.03125
4 0.8265625 0.0625 0.028125 0.0375
4 0.9203125 0.06796875 0.01875 0.01875
4 0.8921875 0.06171875 0.0234375 0.0140625