4 0.6765625 0.39296875 0.0796875 0.1265625
4 0.728125 0.38046875 0.053125 0.09375
4 0.74921875 0.4265625 0.05625 0.05
4 0.815625 0.36875 0.0625 0.1
4 0.146875 0.50546875 0.0359375 0.0390625
4 0.6546875 0.42578125 0.028125 0.046875
4 0.4890625 0.43515625 0.040625 0.05
4 0.084375 0.5421875 0.034375 0.059375
4 0.1984375 0.51484375 0.0578125 0.0859375
4 0.4171875 0.48203125 0.075 0.0625
4 0.2875 0.50546875 0.040625 0.0453125
4 0.5828125 0.434375 0.0515625 0.0453125
2 0.30703125 0.46875 0.0296875 0.015625