2 0.24453125 0.665625 0.4890625 0.2875
4 0.3640625 0.64140625 0.01875 0.0484375
4 0.34921875 0.63671875 0.01875 0.040625
4 0.41328125 0.63359375 0.0109375 0.0140625
4 0.42734375 0.64453125 0.0203125 0.03125
4 0.65625 0.56875 0.015625 0.0265625
4 0.6921875 0.5703125 0.021875 0.0328125
4 0.7125 0.57109375 0.01875 0.0203125
4 0.08046875 0.52265625 0.046875 0.0421875
4 0.7265625 0.571875 0.0109375 0.0234375
4 0.39765625 0.6328125 0.021875 0.0296875
4 0.37890625 0.6375 0.01875 0.0375
4 0.4765625 0.553125 0.0140625 0.0140625
4 0.5515625 0.56796875 0.0109375 0.0125
2 0.59765625 0.65703125 0.7296875 0.2578125
2 0.21640625 0.91796875 0.4328125 0.1515625