2 0.4984375 0.71953125 0.996875 0.2453125
4 0.128125 0.5921875 0.1015625 0.0765625
4 0.25 0.625 0.0625 0.065625
4 0.3140625 0.63125 0.071875 0.0859375
4 0.3921875 0.6453125 0.0796875 0.10625
4 0.465625 0.6421875 0.075 0.1203125
4 0.6734375 0.653125 0.0796875 0.1265625
4 0.7703125 0.6796875 0.125 0.1328125
4 0.8296875 0.6609375 0.0703125 0.1296875
4 0.6125 0.6703125 0.1046875 0.1125
4 0.3796875 0.5875 0.025 0.025
4 0.2015625 0.6109375 0.0515625 0.0703125
4 0.2984375 0.6140625 0.0328125 0.071875
4 0.253125 0.596875 0.0390625 0.0390625
4 0.3640625 0.6296875 0.0296875 0.05625
2 0.4984375 0.9515625 0.996875 0.096875