2 0.4453125 0.49375 0.1328125 0.0828125
2 0.20625 0.42578125 0.0796875 0.0640625
2 0.33203125 0.43359375 0.0609375 0.03125
2 0.3484375 0.41953125 0.0796875 0.0515625
4 0.8875 0.4953125 0.225 0.315625
4 0.43046875 0.47421875 0.0265625 0.05625
4 0.47265625 0.48359375 0.0265625 0.0515625
2 0.44921875 0.425 0.03125 0.015625
2 0.4734375 0.41484375 0.08125 0.03125
2 0.56875 0.41484375 0.0203125 0.0109375
2 0.04921875 0.434375 0.0984375 0.0859375
2 0.14453125 0.4390625 0.0875 0.0609375
2 0.26796875 0.43125 0.075 0.0390625
2 0.7890625 0.48515625 0.346875 0.5640625
2 0.19296875 0.0359375 0.0796875 0.0546875
2 0.3171875 0.01796875 0.0609375 0.025
2 0.33515625 0.02890625 0.0796875 0.05
4 0.8734375 0.0359375 0.221875 0.071875
4 0.89765625 0.934375 0.2046875 0.109375
2 0.434375 0.01640625 0.03125 0.015625
2 0.46015625 0.02421875 0.08125 0.03125
2 0.55546875 0.01796875 0.0203125 0.0109375
2 0.04140625 0.0453125 0.0828125 0.0625
2 0.1296875 0.03203125 0.0875 0.0421875
2 0.253125 0.02421875 0.075 0.034375
2 0.77421875 0.10703125 0.3359375 0.2140625
2 0.80234375 0.88515625 0.3359375 0.2203125