2 0.35 0.5734375 0.7 0.34375
2 0.5796875 0.2296875 0.8375 0.209375
2 0.1 0.2265625 0.109375 0.0390625
4 0.621875 0.3296875 0.10625 0.184375
4 0.1265625 0.1984375 0.0171875 0.025
4 0.103125 0.2015625 0.0234375 0.0375
4 0.0609375 0.1890625 0.025 0.028125
2 0.2453125 0.18125 0.140625 0.046875
2 0.5796875 0.0625 0.8375 0.125
2 0.1 0.0234375 0.109375 0.0390625
4 0.1265625 0.0515625 0.0171875 0.025
4 0.103125 0.0484375 0.0234375 0.0375
4 0.0609375 0.0609375 0.025 0.028125
2 0.2453125 0.06875 0.140625 0.046875