4 0.496875 0.44375 0.246875 0.3296875
4 0.79375 0.4296875 0.0375 0.059375
4 0.6796875 0.328125 0.0328125 0.028125
2 0.7984375 0.321875 0.39375 0.3078125
2 0.3078125 0.3453125 0.6140625 0.35
4 0.6265625 0.328125 0.0359375 0.0296875
4 0.6859375 0.4375 0.025 0.0234375
4 0.728125 0.3140625 0.0328125 0.021875
4 0.7890625 0.328125 0.1859375 0.03125
4 0.67890625 0.01171875 0.0328125 0.0234375
2 0.7984375 0.084375 0.39375 0.16875
2 0.30703125 0.08359375 0.6140625 0.1671875
4 0.62578125 0.01171875 0.0359375 0.0234375
4 0.728125 0.0234375 0.0328125 0.021875
4 0.78828125 0.0125 0.1859375 0.025