4 0.58984375 0.55859375 0.1421875 0.3109375
2 0.3234375 0.24375 0.2203125 0.1453125
2 0.73203125 0.20546875 0.425 0.115625
2 0.46171875 0.2453125 0.0953125 0.0703125
2 0.19140625 0.29609375 0.075 0.0484375
2 0.68984375 0.16484375 0.1078125 0.0609375
2 0.53671875 0.23203125 0.0453125 0.053125
2 0.55078125 0.71484375 0.54375 0.1359375
2 0.2921875 0.071875 0.215625 0.11875
2 0.42109375 0.02265625 0.0921875 0.0453125
2 0.14921875 0.0640625 0.0734375 0.0328125
2 0.66171875 0.01875 0.1078125 0.0375
2 0.49609375 0.01171875 0.0421875 0.0234375