2 0.2875 0.67421875 0.575 0.3328125
2 0.84921875 0.47890625 0.3 0.221875
2 0.7484375 0.42734375 0.503125 0.2609375
2 0.3640625 0.24453125 0.275 0.14375
4 0.34921875 0.23046875 0.103125 0.1171875
4 0.28984375 0.19765625 0.0765625 0.0921875
4 0.38984375 0.20625 0.065625 0.0796875
2 0.21484375 0.5578125 0.4296875 0.26875
4 0.44609375 0.2109375 0.0859375 0.1125
2 0.11484375 0.4703125 0.2109375 0.1328125
2 0.25859375 0.91328125 0.5171875 0.1734375
2 0.4078125 0.01328125 0.2625 0.0265625
4 0.38984375 0.01015625 0.0921875 0.0203125
4 0.32578125 0.009375 0.0703125 0.01875
4 0.42421875 0.0203125 0.0640625 0.040625
4 0.478125 0.034375 0.08125 0.06875