4 0.1703125 0.8203125 0.0375 0.06875
4 0.2765625 0.790625 0.0109375 0.0296875
4 0.3390625 0.7890625 0.009375 0.025
4 0.6171875 0.775 0.015625 0.0125
4 0.4734375 0.7953125 0.03125 0.046875
4 0.5 0.7984375 0.034375 0.04375
4 0.7828125 0.7875 0.01875 0.04375
4 0.3234375 0.7890625 0.00625 0.0078125
4 0.246875 0.7953125 0.0078125 0.015625
2 0.046875 0.73125 0.021875 0.0109375
4 0.35 0.7921875 0.0125 0.0296875
4 0.421875 0.7921875 0.00625 0.0078125
4 0.265625 0.7921875 0.0109375 0.0328125
2 0.19375 0.7359375 0.0171875 0.015625
2 0.2796875 0.746875 0.00625 0.0046875
4 0.309375 0.79375 0.0109375 0.0171875
4 0.65625 0.784375 0.6875 0.065625
4 0.1703125 0.9296875 0.0375 0.06875
4 0.2765625 0.959375 0.0109375 0.0296875
4 0.3390625 0.9609375 0.009375 0.025
4 0.6171875 0.975 0.015625 0.0125
4 0.4734375 0.9546875 0.03125 0.046875
4 0.5 0.9515625 0.034375 0.04375
4 0.7828125 0.9625 0.01875 0.04375
4 0.3234375 0.9609375 0.00625 0.0078125
4 0.246875 0.9546875 0.0078125 0.015625
4 0.35 0.9578125 0.0125 0.0296875
4 0.421875 0.9578125 0.00625 0.0078125
4 0.265625 0.9578125 0.0109375 0.0328125
4 0.309375 0.95625 0.0109375 0.0171875
4 0.65625 0.965625 0.6875 0.065625