2 0.4328125 0.5890625 0.26875 0.0671875
2 0.85 0.58125 0.0625 0.028125
2 0.58125 0.59375 0.0515625 0.0203125
2 0.109375 0.6 0.078125 0.0125
2 0.68125 0.5921875 0.04375 0.009375
2 0.6328125 0.5921875 0.0578125 0.015625
2 0.725 0.5921875 0.025 0.00625
2 0.10625 0.5875 0.084375 0.0265625
2 0.0171875 0.603125 0.034375 0.009375
2 0.9859375 0.578125 0.025 0.0390625
2 0.4328125 0.0640625 0.26875 0.0671875
2 0.4328125 0.7546875 0.26875 0.0671875
2 0.85 0.071875 0.0625 0.028125
2 0.85 0.7625 0.0625 0.028125
2 0.58125 0.059375 0.0515625 0.0203125
2 0.58125 0.75 0.0515625 0.0203125
2 0.109375 0.053125 0.078125 0.0125
2 0.109375 0.74375 0.078125 0.0125
2 0.68125 0.0609375 0.04375 0.009375
2 0.68125 0.7515625 0.04375 0.009375
2 0.6328125 0.0609375 0.0578125 0.015625
2 0.6328125 0.7515625 0.0578125 0.015625
2 0.725 0.0609375 0.025 0.00625
2 0.725 0.7515625 0.025 0.00625
2 0.10625 0.065625 0.084375 0.0265625
2 0.10625 0.75625 0.084375 0.0265625
2 0.0171875 0.05 0.034375 0.009375
2 0.0171875 0.740625 0.034375 0.009375
2 0.9859375 0.075 0.025 0.0390625
2 0.9859375 0.765625 0.025 0.0390625