2 0.49609375 0.58515625 0.9921875 0.2609375
4 0.2390625 0.43671875 0.2734375 0.2359375
4 0.48359375 0.46953125 0.29375 0.24375
4 0.75625 0.51875 0.275 0.234375
4 0.92421875 0.54609375 0.1515625 0.2328125
2 0.47265625 0.89453125 0.9453125 0.2109375
4 0.29609375 0.04921875 0.2609375 0.0984375
4 0.1703125 0.92578125 0.253125 0.1
4 0.540625 0.06875 0.28125 0.1375
4 0.41328125 0.953125 0.2734375 0.09375
4 0.81640625 0.0921875 0.2625 0.1390625
4 0.68828125 0.96953125 0.2578125 0.0609375
4 0.9578125 0.11953125 0.084375 0.1265625
4 0.8640625 0.98046875 0.14375 0.0390625