4 0.75703125 0.715625 0.0796875 0.15625
4 0.5171875 0.60703125 0.0140625 0.01875
4 0.4703125 0.61796875 0.0203125 0.0203125
4 0.16640625 0.59375 0.0609375 0.1375
4 0.32265625 0.6921875 0.0828125 0.1890625
4 0.57578125 0.56953125 0.0140625 0.021875
4 0.92578125 0.6015625 0.0140625 0.0109375
4 0.71484375 0.58984375 0.0109375 0.009375
4 0.203125 0.56015625 0.021875 0.0171875
2 0.7671875 0.559375 0.0359375 0.0140625
4 0.55703125 0.56875 0.009375 0.009375
4 0.6484375 0.584375 0.0078125 0.0078125
4 0.5234375 0.5609375 0.0140625 0.0109375
4 0.7359375 0.6046875 0.0171875 0.0109375
4 0.72890625 0.96328125 0.0734375 0.0734375
4 0.12890625 0.94921875 0.05 0.034375
4 0.2984375 0.91328125 0.078125 0.1421875