2 0.0984375 0.403125 0.196875 0.059375
4 0.6515625 0.5921875 0.3171875 0.5484375
4 0.2515625 0.44375 0.01875 0.028125
4 0.0265625 0.4515625 0.0296875 0.115625
4 0.8703125 0.4796875 0.028125 0.0421875
4 0.859375 0.4515625 0.0203125 0.01875
4 0.88125 0.43125 0.0109375 0.015625
4 0.378125 0.43125 0.0203125 0.0234375
4 0.403125 0.4359375 0.0171875 0.0125
4 0.19375 0.4640625 0.021875 0.0375
4 0.1359375 0.3640625 0.009375 0.0125
4 0.284375 0.3671875 0.0046875 0.0046875
4 0.65078125 0.94140625 0.3171875 0.1171875