4 0.9375 0.675 0.0296875 0.034375
4 0.9125 0.671875 0.0265625 0.0265625
4 0.67578125 0.6140625 0.028125 0.0296875
4 0.60234375 0.59921875 0.00625 0.0109375
4 0.53515625 0.57890625 0.01875 0.021875
4 0.51796875 0.5765625 0.0140625 0.0140625
4 0.6171875 0.59765625 0.015625 0.0203125
4 0.4921875 0.56875 0.009375 0.0125
4 0.840625 0.65703125 0.0203125 0.021875
2 0.059375 0.51171875 0.11875 0.0515625
4 0.6484375 0.60625 0.0125 0.01875
4 0.50859375 0.57265625 0.0109375 0.0140625
4 0.6015625 0.59375 0.015625 0.0234375
4 0.63125 0.60390625 0.015625 0.0203125