4 0.91484375 0.8375 0.0171875 0.0328125
4 0.8703125 0.83828125 0.0109375 0.0171875
4 0.72109375 0.81171875 0.0125 0.0234375
4 0.696875 0.8046875 0.0109375 0.0234375
2 0.6359375 0.8203125 0.034375 0.0140625
4 0.38671875 0.75546875 0.0109375 0.0171875
4 0.24375 0.7390625 0.0109375 0.0234375
4 0.59609375 0.790625 0.0109375 0.0171875
2 0.615625 0.7796875 0.025 0.0109375
4 0.521875 0.78203125 0.009375 0.0140625
4 0.659375 0.80234375 0.0125 0.025
4 0.0171875 0.725 0.034375 0.06875
4 0.265625 0.73984375 0.0078125 0.01875
4 0.76796875 0.82421875 0.015625 0.0328125
4 0.71171875 0.81015625 0.0109375 0.0234375
4 0.8953125 0.9609375 0.0171875 0.0328125
4 0.853125 0.946875 0.0109375 0.0171875
4 0.703125 0.92578125 0.0125 0.0234375
4 0.678125 0.925 0.0109375 0.0234375
2 0.625 0.89140625 0.034375 0.0140625
4 0.36796875 0.87578125 0.0109375 0.0171875
4 0.2265625 0.84765625 0.0109375 0.0234375
4 0.578125 0.9078125 0.0109375 0.0171875
2 0.5921875 0.92421875 0.025 0.0109375
4 0.50390625 0.89296875 0.009375 0.0140625
4 0.64140625 0.91640625 0.0125 0.025
4 0.0125 0.784375 0.025 0.06875
4 0.24765625 0.85390625 0.0078125 0.01875
4 0.7515625 0.92890625 0.015625 0.0328125
4 0.69375 0.92421875 0.0109375 0.0234375