2 0.6296875 0.690625 0.1171875 0.109375
2 0.209375 0.6703125 0.0703125 0.0390625
2 0.70625 0.565625 0.05 0.034375
2 0.7859375 0.6015625 0.046875 0.03125
2 0.94375 0.671875 0.10625 0.05625
2 0.8203125 0.6171875 0.0453125 0.0265625
2 0.7375 0.5796875 0.0375 0.0234375
2 0.0625 0.76796875 0.125 0.1109375
4 0.6265625 0.6765625 0.028125 0.065625
4 0.628125 0.6453125 0.0296875 0.0390625
2 0.971875 0.73125 0.05625 0.0640625
2 0.7546875 0.5921875 0.025 0.01875
4 0.9140625 0.63125 0.03125 0.0484375
4 0.93125 0.65 0.0203125 0.028125
4 0.0640625 0.5828125 0.0203125 0.0484375
4 0.1078125 0.5734375 0.01875 0.03125
4 0.0421875 0.584375 0.015625 0.053125
4 0.3921875 0.5234375 0.0109375 0.028125
4 0.70625 0.5140625 0.0046875 0.015625
4 0.615625 0.64375 0.0203125 0.040625
4 0.278125 0.5375 0.0140625 0.0265625
4 0.0875 0.5796875 0.0171875 0.046875
4 0.096875 0.5734375 0.0046875 0.021875
2 0.62890625 0.96015625 0.1171875 0.0796875
2 0.20859375 0.9875 0.0703125 0.025
2 0.94375 0.9828125 0.10625 0.034375
2 0.0625 0.89609375 0.125 0.1109375
4 0.6265625 0.978125 0.028125 0.04375
2 0.971875 0.934375 0.05625 0.0640625