2 0.203125 0.56875 0.4015625 0.23125
4 0.6265625 0.56796875 0.0296875 0.0375
4 0.690625 0.55390625 0.0296875 0.0234375
4 0.14609375 0.66875 0.059375 0.109375
4 0.49140625 0.62578125 0.021875 0.01875
4 0.278125 0.62734375 0.0765625 0.1203125
4 0.30078125 0.53046875 0.0578125 0.078125
4 0.48359375 0.5234375 0.0578125 0.0484375
4 0.50234375 0.6265625 0.0125 0.0125
2 0.865625 0.4734375 0.075 0.028125
2 0.9015625 0.38828125 0.18125 0.1140625
2 0.8828125 0.4140625 0.1390625 0.13125
4 0.20703125 0.65546875 0.059375 0.109375
4 0.9796875 0.4765625 0.0296875 0.0265625
4 0.07734375 0.64453125 0.065625 0.06875
2 0.5375 0.5390625 0.0921875 0.0390625
2 0.63125 0.4125 0.421875 0.296875
2 0.2109375 0.67578125 0.3640625 0.140625
2 0.3796875 0.51875 0.1796875 0.1578125
4 0.35546875 0.534375 0.0546875 0.0546875
4 0.4125 0.57265625 0.0734375 0.0796875
3 0.7828125 0.621875 0.0203125 0.015625
3 0.30234375 0.71796875 0.028125 0.0171875
3 0.90546875 0.60234375 0.0234375 0.0140625
3 0.96640625 0.91640625 0.021875 0.009375