2 0.6953125 0.67578125 0.609375 0.1421875
2 0.4625 0.66015625 0.4265625 0.1078125
2 0.28125 0.434375 0.2109375 0.146875
4 0.1515625 0.60234375 0.071875 0.2125
4 0.49140625 0.6390625 0.0859375 0.0953125
4 0.51953125 0.6109375 0.071875 0.0859375
4 0.69453125 0.62578125 0.0734375 0.1
4 0.85703125 0.60234375 0.0796875 0.1078125
4 0.42578125 0.62109375 0.0625 0.06875
4 0.2765625 0.41640625 0.0125 0.028125
4 0.29296875 0.41015625 0.0125 0.021875
2 0.265625 0.4953125 0.234375 0.0875
2 0.4375 0.44921875 0.0390625 0.03125
2 0.7640625 0.78203125 0.471875 0.1796875
4 0.4359375 0.44921875 0.0171875 0.0234375
4 0.446875 0.446875 0.0109375 0.015625
2 0.7703125 0.9234375 0.459375 0.146875