2 0.36484375 0.38203125 0.109375 0.1125
2 0.475 0.39765625 0.0765625 0.0953125
2 0.9234375 0.38984375 0.065625 0.0390625
2 0.5578125 0.453125 0.078125 0.08125
2 0.7796875 0.33203125 0.09375 0.10625
2 0.55546875 0.3578125 0.0734375 0.0609375
2 0.69609375 0.34765625 0.11875 0.1234375
4 0.053125 0.5953125 0.0296875 0.071875
4 0.06953125 0.5890625 0.025 0.0765625
2 0.8375 0.334375 0.0625 0.0640625
2 0.33828125 0.13046875 0.109375 0.1125
2 0.44296875 0.09296875 0.0765625 0.0953125
2 0.8828125 0.01328125 0.065625 0.0265625
2 0.51171875 0.03046875 0.0765625 0.0609375
2 0.75390625 0.09296875 0.09375 0.10625
2 0.53046875 0.11484375 0.0734375 0.0609375
2 0.66953125 0.0953125 0.11875 0.1234375
4 0.09609375 0.98671875 0.0296875 0.0265625
4 0.1125 0.98671875 0.025 0.0265625
2 0.8109375 0.07890625 0.0625 0.0640625