2 0.46875 0.521875 0.69375 0.6078125
4 0.4265625 0.4328125 0.1046875 0.184375
2 0.96875 0.278125 0.0328125 0.0203125
2 0.6515625 0.2609375 0.059375 0.0328125
2 0.9390625 0.2859375 0.015625 0.015625
2 0.8203125 0.2609375 0.034375 0.015625
2 0.725 0.2484375 0.0609375 0.028125
2 0.0984375 0.2359375 0.053125 0.078125
2 0.8140625 0.2609375 0.03125 0.0078125
2 0.6140625 0.259375 0.053125 0.0234375
2 0.546875 0.2640625 0.0171875 0.0109375
2 0.9640625 0.3703125 0.0703125 0.03125
2 0.684375 0.2578125 0.0234375 0.0140625
2 0.46875 0.92109375 0.69375 0.1578125
2 0.96875 0.053125 0.0328125 0.0203125
2 0.6515625 0.0703125 0.059375 0.0328125
2 0.9390625 0.0453125 0.015625 0.015625
2 0.8203125 0.0703125 0.034375 0.015625
2 0.725 0.0828125 0.0609375 0.028125
2 0.0984375 0.0953125 0.053125 0.078125
2 0.8140625 0.0703125 0.03125 0.0078125
2 0.6140625 0.071875 0.053125 0.0234375
2 0.546875 0.0671875 0.0171875 0.0109375
2 0.684375 0.0734375 0.0234375 0.0140625