2 0.70390625 0.6125 0.046875 0.034375
2 0.5859375 0.57265625 0.0890625 0.046875
2 0.41171875 0.53828125 0.025 0.0265625
2 0.3046875 0.51484375 0.03125 0.034375
2 0.36953125 0.53203125 0.0453125 0.03125
2 0.128125 0.51484375 0.115625 0.0375
2 0.88203125 0.63984375 0.078125 0.0328125
2 0.5140625 0.56640625 0.0546875 0.0203125
2 0.25859375 0.51328125 0.0359375 0.021875
2 0.4609375 0.54609375 0.0328125 0.0296875
2 0.96015625 0.653125 0.0390625 0.0234375
2 0.4296875 0.55 0.0203125 0.0171875
2 0.3265625 0.5234375 0.01875 0.0171875