4 0.55859375 0.46953125 0.278125 0.4484375
4 0.7765625 0.4328125 0.3203125 0.5296875
4 0.540625 0.34296875 0.0609375 0.0609375
4 0.4390625 0.50234375 0.1484375 0.38125
4 0.334375 0.4921875 0.121875 0.33125
4 0.10859375 0.415625 0.2171875 0.5375
4 0.184375 0.41015625 0.1171875 0.2828125
4 0.934375 0.5203125 0.13125 0.3375
4 0.2171875 0.48125 0.090625 0.325
4 0.965625 0.39375 0.06875 0.1
4 0.65625 0.40390625 0.0390625 0.0875
4 0.78203125 0.0640625 0.3125 0.1234375
4 0.11328125 0.0609375 0.2109375 0.121875