2 0.15859375 0.55 0.3171875 0.425
2 0.23828125 0.459375 0.4765625 0.384375
2 0.321875 0.4171875 0.6125 0.2515625
2 0.4078125 0.3375 0.5296875 0.18125
2 0.59296875 0.3484375 0.234375 0.1171875
2 0.3203125 0.228125 0.0953125 0.0609375
2 0.68828125 0.278125 0.2109375 0.0640625
2 0.1640625 0.24140625 0.0703125 0.0375
2 0.16328125 0.95859375 0.3140625 0.0828125
2 0.4015625 0.0421875 0.528125 0.084375
2 0.58515625 0.0171875 0.2328125 0.034375
2 0.31796875 0.10625 0.0953125 0.0609375
2 0.684375 0.04375 0.2109375 0.0640625
2 0.16171875 0.09765625 0.0703125 0.0375