2 0.7328125 0.51171875 0.046875 0.0359375
2 0.609375 0.52734375 0.0890625 0.0515625
2 0.4375 0.5734375 0.025 0.028125
2 0.33046875 0.5984375 0.0328125 0.0359375
2 0.396875 0.5859375 0.046875 0.0328125
2 0.171875 0.6765625 0.1140625 0.0453125
2 0.9046875 0.4578125 0.078125 0.0375
2 0.5421875 0.553125 0.0546875 0.025
2 0.2890625 0.61796875 0.0359375 0.0234375
2 0.48515625 0.559375 0.034375 0.03125
2 0.98046875 0.43515625 0.0390625 0.0265625
2 0.45859375 0.57578125 0.021875 0.01875
2 0.3546875 0.596875 0.01875 0.0171875