2 0.2234375 0.2234375 0.071875 0.0265625
4 0.696875 0.3875 0.53125 0.4453125
4 0.615625 0.45625 0.15 0.225
4 0.0671875 0.303125 0.1328125 0.26875
4 0.6390625 0.446875 0.221875 0.15625
2 0.90625 0.1953125 0.1734375 0.034375
4 0.228125 0.2703125 0.046875 0.134375
4 0.8890625 0.2671875 0.025 0.0375
4 0.9109375 0.2734375 0.01875 0.0171875
4 0.353125 0.375 0.3296875 0.415625
2 0.2234375 0.1078125 0.071875 0.0265625
4 0.696875 0.0828125 0.53125 0.165625
4 0.06640625 0.08125 0.1328125 0.1625
2 0.90625 0.1359375 0.1734375 0.034375
4 0.228125 0.0640625 0.046875 0.128125
4 0.8890625 0.0640625 0.025 0.0375
4 0.9109375 0.0578125 0.01875 0.0171875
4 0.35234375 0.08203125 0.3296875 0.1640625