2 0.515625 0.59296875 0.3046875 0.040625
2 0.68671875 0.50390625 0.11875 0.0328125
4 0.84921875 0.67265625 0.0796875 0.1984375
4 0.87578125 0.65078125 0.0421875 0.1296875
2 0.54609375 0.4875 0.13125 0.04375
2 0.91171875 0.47421875 0.175 0.0453125
4 0.19140625 0.546875 0.0328125 0.0609375
2 0.728125 0.4703125 0.0640625 0.021875
2 0.640625 0.47734375 0.1046875 0.0203125
4 0.71328125 0.48515625 0.0140625 0.0203125
4 0.6828125 0.4890625 0.0125 0.0171875
4 0.88671875 0.47421875 0.00625 0.00625
4 0.86484375 0.47734375 0.00625 0.003125
4 0.975 0.6421875 0.05 0.1125
4 0.55390625 0.57578125 0.0375 0.0390625
4 0.46484375 0.57890625 0.046875 0.0390625
4 0.865625 0.91015625 0.075 0.1359375
4 0.89453125 0.934375 0.0375 0.0796875
4 0.98515625 0.93203125 0.0296875 0.0703125