2 0.51875 0.70703125 0.9625 0.3046875
4 0.3546875 0.5609375 0.3421875 0.3328125
4 0.6453125 0.296875 0.0609375 0.1015625
4 0.58984375 0.2703125 0.05625 0.06875
2 0.85 0.33984375 0.278125 0.184375
2 0.590625 0.48046875 0.81875 0.4359375
2 0.159375 0.51875 0.240625 0.1390625
2 0.67734375 0.38203125 0.178125 0.084375
4 0.05546875 0.4296875 0.078125 0.11875
4 0.16171875 0.3625 0.084375 0.071875
2 0.1765625 0.4546875 0.140625 0.040625
4 0.85703125 0.21875 0.0578125 0.0890625
2 0.54375 0.9390625 0.9125 0.121875