2 0.09453125 0.26328125 0.1375 0.10625
4 0.42890625 0.60078125 0.2265625 0.4046875
4 0.221875 0.590625 0.2171875 0.4171875
4 0.59921875 0.59453125 0.1921875 0.334375
4 0.7203125 0.54921875 0.1765625 0.2578125
4 0.76328125 0.53515625 0.1 0.1875
4 0.871875 0.51015625 0.0921875 0.1453125
4 0.940625 0.4546875 0.04375 0.053125
4 0.96953125 0.46015625 0.03125 0.0484375
4 0.959375 0.5140625 0.06875 0.096875
4 0.88671875 0.47578125 0.0578125 0.0875
2 0.88828125 0.32421875 0.0484375 0.0765625
2 0.84296875 0.3421875 0.059375 0.0328125
2 0.4609375 0.32890625 0.015625 0.009375
4 0.93203125 0.4375 0.025 0.046875
2 0.8921875 0.4078125 0.215625 0.125
2 0.28125 0.32109375 0.0265625 0.0140625
4 0.37890625 0.915625 0.1890625 0.165625
4 0.17734375 0.86953125 0.18125 0.190625
4 0.53671875 0.96328125 0.1546875 0.0734375
2 0.91953125 0.1296875 0.0484375 0.0765625
2 0.88125 0.0984375 0.059375 0.0328125
2 0.9203125 0.08203125 0.159375 0.0671875