4 0.834375 0.515625 0.0765625 0.1484375
4 0.2515625 0.484375 0.0390625 0.0671875
4 0.271875 0.5578125 0.0890625 0.1796875
2 0.98125 0.1296875 0.0359375 0.0765625
4 0.6625 0.5046875 0.0921875 0.1625
4 0.3953125 0.496875 0.0546875 0.1578125
4 0.4625 0.5015625 0.059375 0.159375
4 0.415625 0.4984375 0.0609375 0.171875
2 0.1828125 0.5765625 0.2078125 0.134375
2 0.3640625 0.521875 0.16875 0.121875
2 0.4890625 0.4921875 0.08125 0.0609375
2 0.734375 0.5 0.2640625 0.0640625
2 0.3328125 0.4796875 0.08125 0.040625