4 0.12890625 0.77109375 0.046875 0.0734375
4 0.23828125 0.75703125 0.015625 0.03125
4 0.30078125 0.7640625 0.0125 0.0265625
4 0.578125 0.78828125 0.0171875 0.0140625
4 0.4328125 0.7890625 0.0375 0.05
4 0.45859375 0.7953125 0.040625 0.0484375
4 0.73984375 0.82421875 0.025 0.0453125
4 0.28515625 0.76171875 0.0078125 0.009375
4 0.20859375 0.75703125 0.009375 0.0171875
2 0.01875 0.665625 0.0234375 0.0140625
4 0.3109375 0.76875 0.0171875 0.03125
4 0.38203125 0.778125 0.0078125 0.009375
4 0.22734375 0.75703125 0.015625 0.034375
2 0.1640625 0.69140625 0.01875 0.0171875
2 0.24765625 0.7140625 0.00625 0.00625
4 0.2703125 0.7640625 0.0125 0.01875
4 0.61484375 0.803125 0.690625 0.1609375
4 0.1140625 0.8796875 0.046875 0.0734375
4 0.21484375 0.9234375 0.015625 0.03125
4 0.2765625 0.934375 0.0125 0.0265625
4 0.55 0.98671875 0.0171875 0.0140625
4 0.41015625 0.946875 0.0375 0.05
4 0.4375 0.946875 0.040625 0.0484375
4 0.715625 0.9875 0.025 0.025
4 0.2609375 0.93203125 0.0078125 0.009375
4 0.1859375 0.91484375 0.009375 0.0171875
4 0.2875 0.9328125 0.0171875 0.03125
4 0.35859375 0.9421875 0.0078125 0.009375
4 0.20390625 0.92109375 0.015625 0.034375
4 0.24765625 0.925 0.0125 0.01875
4 0.5890625 0.95078125 0.690625 0.0984375