4 0.54375 0.56328125 0.0078125 0.0078125
2 0.5734375 0.5734375 0.0859375 0.09375
2 0.1953125 0.62578125 0.15 0.0703125
2 0.084375 0.6796875 0.1265625 0.0859375
2 0.30859375 0.58046875 0.1171875 0.053125
2 0.3828125 0.553125 0.0609375 0.0375
2 0.9046875 0.52109375 0.190625 0.1078125
2 0.77109375 0.5046875 0.090625 0.046875
2 0.72890625 0.496875 0.0671875 0.0375
2 0.6859375 0.50703125 0.0328125 0.01875
2 0.665625 0.5015625 0.0375 0.021875
2 0.853125 0.490625 0.0859375 0.025
2 0.640625 0.5015625 0.01875 0.015625
2 0.625 0.49453125 0.021875 0.025