4 0.5125 0.59140625 0.0421875 0.0453125
2 0.8015625 0.5421875 0.0609375 0.0296875
2 0.95703125 0.55703125 0.0859375 0.0453125
2 0.8640625 0.5578125 0.0890625 0.0203125
2 0.6828125 0.5484375 0.1015625 0.03125
2 0.7109375 0.578125 0.0703125 0.0234375
2 0.75078125 0.56953125 0.046875 0.015625
2 0.47265625 0.584375 0.0515625 0.0296875
2 0.55 0.5609375 0.1171875 0.0296875
2 0.63984375 0.5890625 0.08125 0.0265625
4 0.7703125 0.5421875 0.0140625 0.0125
2 0.40546875 0.58828125 0.1203125 0.034375
2 0.75546875 0.5546875 0.053125 0.0234375
2 0.3828125 0.596875 0.753125 0.1734375