2 0.52421875 0.503125 0.9515625 0.75625
4 0.4046875 0.328125 0.1640625 0.1421875
4 0.52890625 0.35859375 0.159375 0.121875
4 0.6828125 0.36171875 0.1203125 0.1046875
4 0.80546875 0.3609375 0.146875 0.1375
4 0.8359375 0.3359375 0.1828125 0.1703125
4 0.3546875 0.31328125 0.1015625 0.1328125
4 0.52578125 0.315625 0.1265625 0.1296875
2 0.55859375 0.11015625 0.8828125 0.2203125
2 0.490625 0.89375 0.91875 0.2125
4 0.4359375 0.028125 0.15625 0.05625
4 0.56328125 0.02109375 0.1515625 0.0421875
4 0.715625 0.0390625 0.1140625 0.0484375
4 0.8359375 0.065625 0.140625 0.0796875
4 0.8609375 0.08984375 0.178125 0.1265625
4 0.38515625 0.02734375 0.0953125 0.0546875
4 0.553125 0.04375 0.121875 0.0875