4 0.896875 0.859375 0.01875 0.0328125
4 0.85234375 0.8578125 0.0125 0.0171875
4 0.7046875 0.82265625 0.0140625 0.0234375
4 0.68046875 0.81484375 0.0125 0.0234375
2 0.61875 0.82734375 0.034375 0.015625
4 0.3734375 0.74921875 0.0109375 0.0171875
4 0.23125 0.72578125 0.0125 0.0234375
4 0.58125 0.7953125 0.0109375 0.0171875
2 0.60078125 0.78515625 0.025 0.0125
4 0.50703125 0.7828125 0.0109375 0.0140625
4 0.64375 0.81015625 0.0140625 0.025
4 0.0125 0.6984375 0.025 0.071875
4 0.25390625 0.72734375 0.0078125 0.01875
4 0.75078125 0.8375 0.0171875 0.0328125
4 0.6953125 0.82109375 0.0125 0.0234375
4 0.8703125 0.98125 0.01875 0.0328125
4 0.8296875 0.96484375 0.0125 0.0171875
4 0.68046875 0.9359375 0.0140625 0.0234375
4 0.65546875 0.93359375 0.0125 0.0234375
2 0.60390625 0.89765625 0.034375 0.015625
4 0.3484375 0.86875 0.0109375 0.0171875
4 0.20859375 0.8328125 0.0125 0.0234375
4 0.55625 0.9109375 0.0109375 0.0171875
2 0.5703125 0.92890625 0.025 0.0125
4 0.48359375 0.89296875 0.0109375 0.0140625
4 0.61953125 0.9234375 0.0140625 0.025
4 0.2296875 0.840625 0.0078125 0.01875
4 0.72890625 0.94140625 0.0171875 0.0328125
4 0.67109375 0.934375 0.0125 0.0234375