4 0.87734375 0.29921875 0.015625 0.034375
4 0.91171875 0.29609375 0.0078125 0.009375
2 0.4484375 0.65234375 0.75625 0.2640625
2 0.25625 0.484375 0.5125 0.196875
2 0.17109375 0.33671875 0.309375 0.1078125
2 0.903125 0.56328125 0.1921875 0.10625
2 0.3109375 0.2875 0.2203125 0.0734375
2 0.490625 0.38671875 0.36875 0.11875
2 0.52578125 0.33828125 0.246875 0.0640625
2 0.74140625 0.4421875 0.1953125 0.0921875
2 0.80078125 0.4015625 0.290625 0.078125
4 0.846875 0.28984375 0.0140625 0.034375
4 0.8359375 0.27734375 0.0109375 0.01875
4 0.753125 0.35859375 0.0359375 0.05
4 0.596875 0.2171875 0.0078125 0.0109375
4 0.58515625 0.2109375 0.00625 0.0140625
4 0.8265625 0.27734375 0.0140625 0.0203125
4 0.903125 0.29296875 0.0078125 0.0109375
4 0.54921875 0.20390625 0.0078125 0.015625
4 0.55859375 0.20546875 0.0078125 0.0171875
2 0.69140625 0.38203125 0.2578125 0.075
2 0.803125 0.534375 0.346875 0.159375
2 0.45625 0.26171875 0.096875 0.0578125
2 0.14609375 0.3015625 0.2453125 0.0640625
2 0.5 0.3890625 1 0.58125
4 0.9 0.13515625 0.015625 0.034375
4 0.9328125 0.14765625 0.0078125 0.009375
2 0.40625 0.9328125 0.74375 0.134375
2 0.3515625 0.01328125 0.21875 0.0265625
2 0.5703125 0.015625 0.24375 0.03125
4 0.86875 0.13515625 0.0140625 0.034375
4 0.8546875 0.14453125 0.0109375 0.01875
4 0.79609375 0.0515625 0.0328125 0.0328125
4 0.6078125 0.13671875 0.0078125 0.0109375
4 0.59453125 0.1390625 0.00625 0.0140625
4 0.8453125 0.14140625 0.0140625 0.0203125
4 0.9234375 0.14765625 0.0078125 0.0109375
4 0.559375 0.1359375 0.0078125 0.015625
4 0.56796875 0.1375 0.0078125 0.0171875
2 0.48515625 0.0546875 0.096875 0.0578125
2 0.52578125 0.11875 0.9484375 0.2375