4 0.4625 0.64453125 0.165625 0.265625
4 0.51171875 0.62265625 0.2109375 0.3359375
4 0.78515625 0.44609375 0.1984375 0.321875
4 0.75703125 0.48125 0.253125 0.38125
4 0.37578125 0.6953125 0.23125 0.3484375
4 0.65859375 0.53046875 0.175 0.246875
4 0.5484375 0.4640625 0.025 0.0484375
4 0.3765625 0.58203125 0.046875 0.0765625
4 0.16796875 0.79453125 0.1625 0.2328125
4 0.16953125 0.71484375 0.0765625 0.121875
4 0.9015625 0.478125 0.196875 0.296875
4 0.18203125 0.690625 0.059375 0.096875
2 0.58984375 0.37578125 0.0734375 0.0953125
2 0.52734375 0.40234375 0.109375 0.1234375
4 0.621875 0.52578125 0.1671875 0.2609375
4 0.54609375 0.95234375 0.1234375 0.0953125
4 0.5953125 0.93046875 0.159375 0.1390625
4 0.44375 0.93125 0.1875 0.1375
4 0.22734375 0.96796875 0.1453125 0.0640625