2 0.43125 0.70078125 0.840625 0.309375
4 0.6453125 0.37890625 0.16875 0.325
4 0.79765625 0.34140625 0.025 0.0359375
4 0.1125 0.4 0.0265625 0.071875
4 0.9484375 0.375 0.046875 0.0625
4 0.56953125 0.39765625 0.028125 0.0703125
2 0.859375 0.4234375 0.15 0.0671875
2 0.959375 0.41328125 0.0734375 0.0609375
2 0.534375 0.40546875 0.0625 0.0515625
2 0.50625 0.41171875 0.1890625 0.1046875
4 0.1703125 0.6203125 0.259375 0.24375
2 0.21328125 0.475 0.2171875 0.1
2 0.06796875 0.434375 0.1359375 0.209375
2 0.77890625 0.41640625 0.1484375 0.0390625
4 0.78203125 0.346875 0.0234375 0.028125
4 0.39375 0.39140625 0.0328125 0.04375
4 0.19296875 0.42890625 0.0453125 0.046875
4 0.91328125 0.34296875 0.0484375 0.053125
2 0.446875 0.9078125 0.834375 0.184375
4 0.6203125 0.04921875 0.153125 0.0984375
4 0.196875 0.9828125 0.246875 0.034375