2 0.0953125 0.553125 0.1625 0.1078125
4 0.7859375 0.7484375 0.2859375 0.228125
4 0.4109375 0.5828125 0.078125 0.1265625
4 0.8609375 0.625 0.278125 0.44375
4 0.5 0.5609375 0.0484375 0.0703125
4 0.4859375 0.6046875 0.1265625 0.0859375
4 0.553125 0.54375 0.0453125 0.103125
4 0.490625 0.54375 0.05625 0.0453125
4 0.3796875 0.515625 0.025 0.03125
4 0.35625 0.5171875 0.025 0.0375
4 0.3890625 0.53125 0.0375 0.0359375
4 0.3046875 0.50625 0.0078125 0.0171875
4 0.025 0.6203125 0.05 0.1703125
4 0.4046875 0.509375 0.0234375 0.025
4 0.78515625 0.94375 0.2859375 0.1125
4 0.8609375 0.9515625 0.278125 0.096875