4 0.76875 0.60625 0.0484375 0.0703125
4 0.68515625 0.56171875 0.03125 0.065625
4 0.89296875 0.5828125 0.028125 0.059375
4 0.9375 0.60078125 0.0359375 0.059375
4 0.92421875 0.5953125 0.0234375 0.0546875
4 0.8703125 0.5765625 0.0265625 0.0515625
4 0.840625 0.56484375 0.0265625 0.05
4 0.82734375 0.55859375 0.0203125 0.0453125
2 0.68515625 0.72890625 0.4171875 0.1453125
2 0.56015625 0.534375 0.1328125 0.0625
2 0.43046875 0.4734375 0.0390625 0.0328125
2 0.48125 0.5046875 0.05625 0.040625
2 0.45703125 0.46796875 0.03125 0.0265625
2 0.5375 0.51015625 0.0453125 0.0328125
2 0.39765625 0.4703125 0.0375 0.028125
2 0.89921875 0.82265625 0.1125 0.13125
2 0.59921875 0.659375 0.4390625 0.1359375
2 0.54140625 0.5890625 0.3359375 0.096875
2 0.55234375 0.55625 0.1859375 0.078125
2 0.5796875 0.621875 0.4015625 0.1046875