4 0.01015625 0.50546875 0.0203125 0.0609375
2 0.659375 0.703125 0.146875 0.134375
2 0.471875 0.665625 0.1296875 0.0734375
2 0.64765625 0.63046875 0.071875 0.0484375
2 0.29453125 0.5953125 0.1203125 0.0640625
2 0.63984375 0.5890625 0.0734375 0.0390625
2 0.740625 0.7296875 0.096875 0.0875
2 0.734375 0.590625 0.0328125 0.015625
2 0.88125 0.63984375 0.040625 0.0421875
2 0.6 0.56875 0.0734375 0.0421875
2 0.55 0.54765625 0.071875 0.0390625
2 0.8484375 0.63046875 0.0375 0.0359375
2 0.26015625 0.58125 0.096875 0.05
2 0.4953125 0.534375 0.0578125 0.03125