4 0.865625 0.53046875 0.084375 0.1671875
4 0.69375 0.5703125 0.0796875 0.1703125
4 0.20078125 0.6625 0.0671875 0.11875
4 0.7578125 0.5265625 0.0296875 0.0421875
4 0.3578125 0.65 0.046875 0.0546875
4 0.28984375 0.6390625 0.059375 0.1015625
4 0.2546875 0.6546875 0.025 0.040625
4 0.428125 0.6109375 0.0359375 0.0796875
4 0.75 0.5703125 0.04375 0.053125
2 0.90234375 0.453125 0.0296875 0.021875
4 0.60703125 0.56015625 0.0375 0.0734375
4 0.23671875 0.6453125 0.025 0.0375
4 0.5625 0.5984375 0.096875 0.0703125
4 0.4703125 0.578125 0.034375 0.0359375