2 0.19296875 0.70078125 0.3859375 0.2265625
2 0.7921875 0.66328125 0.146875 0.0609375
2 0.82421875 0.62890625 0.1171875 0.0609375
2 0.909375 0.6203125 0.06875 0.0234375
2 0.06796875 0.4015625 0.0984375 0.2046875
2 0.1375 0.43125 0.1484375 0.1703125
2 0.74140625 0.66171875 0.1875 0.071875
2 0.7625 0.7015625 0.21875 0.103125
2 0.2 0.45390625 0.084375 0.13125
2 0.8921875 0.63046875 0.184375 0.06875
2 0.25390625 0.49765625 0.0953125 0.0625
2 0.37109375 0.5140625 0.0875 0.0515625
2 0.303125 0.50234375 0.078125 0.0578125
3 0.59921875 0.6140625 0.025 0.03125
2 0.18046875 0.86484375 0.3609375 0.2265625