2 0.31796875 0.5890625 0.159375 0.046875
4 0.0765625 0.5984375 0.153125 0.403125
4 0.22109375 0.6984375 0.25625 0.2265625
4 0.940625 0.7703125 0.0796875 0.153125
4 0.89609375 0.76015625 0.078125 0.1609375
4 0.778125 0.7453125 0.075 0.1625
4 0.45859375 0.703125 0.0375 0.1421875
4 0.6578125 0.70703125 0.05 0.13125
4 0.83203125 0.7421875 0.0796875 0.1609375
4 0.87109375 0.76171875 0.05 0.1421875
4 0.60078125 0.7265625 0.0546875 0.1359375
4 0.5796875 0.715625 0.071875 0.1609375
4 0.5984375 0.6515625 0.0234375 0.0375
2 0.72265625 0.659375 0.0453125 0.0234375
4 0.05859375 0.87734375 0.1171875 0.1796875
4 0.20234375 0.89609375 0.2515625 0.1796875
4 0.92265625 0.94765625 0.0796875 0.1046875
4 0.87734375 0.946875 0.0765625 0.10625
4 0.7578125 0.94375 0.071875 0.1125
4 0.43828125 0.940625 0.034375 0.1125
4 0.6328125 0.96015625 0.046875 0.0796875
4 0.81171875 0.95078125 0.0765625 0.0984375
4 0.85234375 0.94921875 0.0484375 0.1015625
4 0.58046875 0.94375 0.0546875 0.1125
4 0.5578125 0.9421875 0.06875 0.115625