4 0.51640625 0.5921875 0.0828125 0.159375
4 0.7484375 0.478125 0.0421875 0.06875
4 0.33359375 0.690625 0.14375 0.0953125
4 0.48125 0.65390625 0.059375 0.0515625
4 0.471875 0.6296875 0.071875 0.0484375
4 0.7765625 0.39765625 0.01875 0.0328125
4 0.803125 0.38984375 0.015625 0.03125
4 0.74921875 0.384375 0.009375 0.0109375
4 0.41640625 0.66015625 0.0421875 0.0390625
4 0.69140625 0.4 0.015625 0.028125
2 0.5953125 0.475 0.0421875 0.025
2 0.27734375 0.43125 0.0140625 0.01875
4 0.4453125 0.66640625 0.046875 0.059375
4 0.91875 0.43828125 0.0421875 0.06875
4 0.0953125 0.7453125 0.1140625 0.0890625
4 0.85859375 0.37890625 0.01875 0.0328125
4 0.83046875 0.38359375 0.015625 0.03125
4 0.87734375 0.35546875 0.009375 0.0109375
4 0.93515625 0.34375 0.015625 0.028125
2 0.01875 0.490625 0.0140625 0.01875