4 0.7734375 0.5671875 0.0078125 0.009375
4 0.7578125 0.5671875 0.0078125 0.009375
2 0.5265625 0.5515625 0.0265625 0.00625
2 0.0703125 0.5234375 0.025 0.034375
2 0.9484375 0.55625 0.0203125 0.0078125
2 0.178125 0.55 0.03125 0.00625
2 0.3703125 0.5546875 0.025 0.0109375
2 0.7765625 0.5734375 0.0328125 0.0109375
2 0.496875 0.55 0.0234375 0.0109375
2 0.2296875 0.553125 0.025 0.0078125
2 0.803125 0.5609375 0.025 0.00625
4 0.7890625 0.559375 0.0078125 0.0078125
4 0.7734375 0.9859375 0.0078125 0.009375
4 0.7578125 0.9859375 0.0078125 0.009375
2 0.52578125 0.99921875 0.0265625 0.0015625
2 0.94765625 0.99609375 0.0203125 0.0078125
2 0.3703125 0.99609375 0.025 0.0078125
2 0.7765625 0.9796875 0.0328125 0.0109375
2 0.49609375 0.9984375 0.0234375 0.003125
2 0.2296875 0.99765625 0.025 0.0046875
2 0.803125 0.9921875 0.025 0.00625
4 0.7890625 0.99375 0.0078125 0.0078125