4 0.646875 0.465625 0.0578125 0.096875
4 0.41875 0.471875 0.0296875 0.1296875
4 0.534375 0.4828125 0.0609375 0.05
4 0.5921875 0.49375 0.0546875 0.0578125
4 0.4609375 0.496875 0.0625 0.0828125
2 0.575 0.5171875 0.2203125 0.046875
2 0.740625 0.509375 0.1375 0.0515625
2 0.440625 0.509375 0.134375 0.0515625
2 0.2265625 0.490625 0.309375 0.065625
2 0.1 0.43125 0.1609375 0.065625
2 0.025 0.4421875 0.05 0.040625
4 0.6484375 0.49375 0.059375 0.0625
4 0.44375 0.4390625 0.0234375 0.0421875
4 0.6515625 0.4875 0.021875 0.03125