2 0.8 0.6015625 0.39375 0.2609375
2 0.3859375 0.4359375 0.515625 0.3359375
2 0.784375 0.49375 0.284375 0.1625
4 0.6546875 0.671875 0.009375 0.015625
4 0.628125 0.678125 0.0140625 0.0203125
4 0.7625 0.6765625 0.0125 0.0203125
4 0.8984375 0.6734375 0.0109375 0.0171875
4 0.96875 0.6578125 0.0109375 0.015625
4 0.9546875 0.659375 0.0140625 0.0140625
4 0.6859375 0.675 0.0078125 0.0265625
4 0.721875 0.6796875 0.0109375 0.015625
4 0.7875 0.678125 0.0109375 0.015625
4 0.6390625 0.6828125 0.0109375 0.009375
4 0.678125 0.684375 0.0078125 0.0078125
4 0.8046875 0.6765625 0.015625 0.0171875
3 0.046875 0.7109375 0.0203125 0.0234375
2 0.8 0.91484375 0.39375 0.1703125
2 0.3859375 0.084375 0.515625 0.16875
4 0.6546875 0.890625 0.009375 0.015625
4 0.628125 0.884375 0.0140625 0.0203125
4 0.7625 0.8859375 0.0125 0.0203125
4 0.8984375 0.8890625 0.0109375 0.0171875
4 0.96875 0.9046875 0.0109375 0.015625
4 0.9546875 0.903125 0.0140625 0.0140625
4 0.6859375 0.8875 0.0078125 0.0265625
4 0.721875 0.8828125 0.0109375 0.015625
4 0.7875 0.884375 0.0109375 0.015625
4 0.6390625 0.8796875 0.0109375 0.009375
4 0.678125 0.878125 0.0078125 0.0078125
4 0.8046875 0.8859375 0.015625 0.0171875
3 0.046875 0.8515625 0.0203125 0.0234375