2 0.48984375 0.64921875 0.2578125 0.3375
2 0.78671875 0.77734375 0.240625 0.1203125
2 0.76640625 0.8734375 0.1515625 0.046875
2 0.61171875 0.69375 0.0515625 0.0265625
4 0.77734375 0.82421875 0.015625 0.01875
2 0.8859375 0.77421875 0.071875 0.0265625
2 0.28203125 0.6296875 0.06875 0.0390625
2 0.15078125 0.60859375 0.0359375 0.0203125
2 0.1984375 0.61953125 0.059375 0.0234375
2 0.02578125 0.5921875 0.0515625 0.01875
2 0.484375 0.6640625 0.0375 0.0375
2 0.88125 0.73984375 0.0375 0.01875
2 0.859375 0.8609375 0.1703125 0.121875
2 0.215625 0.7515625 0.1375 0.0859375
3 0.20078125 0.68828125 0.0609375 0.0296875
3 0.66328125 0.8625 0.021875 0.0140625
2 0.4359375 0.9203125 0.225 0.159375
2 0.7421875 0.971875 0.240625 0.05625
2 0.76015625 0.90703125 0.1515625 0.046875
4 0.7515625 0.95625 0.015625 0.01875
2 0.2203125 0.94609375 0.0671875 0.0296875
2 0.08984375 0.921875 0.0359375 0.0203125
2 0.13828125 0.9296875 0.059375 0.0234375
2 0.4203125 0.98671875 0.034375 0.0203125
2 0.84140625 0.94609375 0.1703125 0.1078125
2 0.20390625 0.81328125 0.1375 0.0859375
3 0.16640625 0.86640625 0.0609375 0.0296875
3 0.66015625 0.878125 0.021875 0.0140625