4 0.5453125 0.38828125 0.228125 0.253125
4 0.49921875 0.21015625 0.1984375 0.18125
4 0.17734375 0.35 0.228125 0.3109375
4 0.50625 0.58359375 0.21875 0.290625
4 0.2859375 0.19765625 0.2375 0.18125
4 0.09296875 0.17734375 0.1609375 0.159375
2 0.08203125 0.5734375 0.1640625 0.559375
4 0.18671875 0.68359375 0.2859375 0.3625
4 0.7578125 0.26953125 0.228125 0.2671875
2 0.79453125 0.515625 0.4109375 0.76875
2 0.33984375 0.48671875 0.6578125 0.7671875
4 0.13984375 0.14296875 0.04375 0.03125
4 0.44296875 0.2171875 0.1125 0.1625
4 0.50546875 0.06484375 0.1953125 0.1296875
4 0.29296875 0.059375 0.2359375 0.11875
4 0.1 0.053125 0.159375 0.10625
2 0.0671875 0.91640625 0.134375 0.1296875
4 0.17421875 0.92109375 0.275 0.1390625
4 0.76796875 0.07421875 0.221875 0.1328125
4 0.14375 0.06796875 0.04375 0.03125
4 0.45078125 0.053125 0.1109375 0.10625