4 0.865625 0.475 0.028125 0.0234375
4 0.6578125 0.434375 0.0171875 0.021875
2 0.7515625 0.3796875 0.0203125 0.0078125
4 0.471875 0.41875 0.0109375 0.03125
4 0.5125 0.4234375 0.009375 0.009375
4 0.559375 0.428125 0.009375 0.021875
4 0.8765625 0.3859375 0.009375 0.0078125
4 0.6125 0.4265625 0.0265625 0.03125
4 0.6828125 0.434375 0.0140625 0.028125
4 0.671875 0.428125 0.009375 0.0265625
4 0.7546875 0.4328125 0.0125 0.03125
4 0.70625 0.4328125 0.0140625 0.021875
4 0.9046875 0.4734375 0.0203125 0.040625
4 0.8875 0.4859375 0.01875 0.0171875
4 0.603125 0.4203125 0.715625 0.1109375