2 0.72265625 0.42421875 0.15625 0.0515625
2 0.6609375 0.34765625 0.0234375 0.0109375
2 0.81328125 0.35546875 0.0921875 0.0359375
2 0.74921875 0.38671875 0.13125 0.0515625
4 0.4984375 0.315625 0.0109375 0.0265625
4 0.59765625 0.30234375 0.00625 0.0125
2 0.853125 0.3390625 0.0734375 0.028125
2 0.96875 0.334375 0.0484375 0.021875
2 0.6796875 0.3453125 0.0296875 0.015625
2 0.971875 0.3640625 0.04375 0.028125
2 0.96640625 0.3265625 0.0484375 0.01875
4 0.4828125 0.01875 0.0109375 0.0265625
4 0.5828125 0.021875 0.00625 0.0125