2 0.2921875 0.4515625 0.1078125 0.0421875
2 0.471875 0.521875 0.1265625 0.0640625
2 0.60625 0.4125 0.0890625 0.0234375
2 0.896875 0.384375 0.034375 0.0296875
2 0.9890625 0.375 0.01875 0.0453125
2 0.7921875 0.4109375 0.0671875 0.0296875
2 0.846875 0.3953125 0.0609375 0.03125
2 0.709375 0.4 0.0453125 0.0109375
2 0.9578125 0.38125 0.034375 0.0296875
2 0.9265625 0.378125 0.028125 0.0109375
2 0.6328125 0.5265625 0.121875 0.059375
2 0.796875 0.5 0.0859375 0.0453125
2 0.896875 0.01015625 0.034375 0.0203125
2 0.9890625 0.01875 0.01875 0.0375
2 0.84609375 0.00546875 0.0609375 0.0109375
2 0.9578125 0.01171875 0.034375 0.0234375
2 0.9265625 0.0125 0.028125 0.0109375