2 0.1671875 0.78203125 0.334375 0.0953125
2 0.315625 0.73125 0.428125 0.1921875
2 0.5640625 0.671875 0.2 0.078125
2 0.078125 0.809375 0.15625 0.0453125
2 0.628125 0.6734375 0.0515625 0.01875
2 0.5171875 0.690625 0.1734375 0.0828125
2 0.059375 0.6171875 0.1171875 0.2703125
2 0.1671875 0.88203125 0.334375 0.0953125
2 0.315625 0.91875 0.428125 0.1625
2 0.5640625 0.97734375 0.2 0.0453125
2 0.078125 0.85625 0.15625 0.0453125
2 0.62734375 0.99140625 0.0515625 0.0171875
2 0.51640625 0.96640625 0.1734375 0.0671875
2 0.05859375 0.95625 0.1171875 0.0875