4 0.5390625 0.4609375 0.0328125 0.0265625
2 0.271875 0.6359375 0.0296875 0.0171875
2 0.8578125 0.6171875 0.0390625 0.0203125
2 0.9203125 0.6375 0.040625 0.009375
2 0.41875 0.653125 0.040625 0.0109375
2 0.4390625 0.609375 0.0234375 0.015625
2 0.06875 0.6453125 0.028125 0.021875
2 0.1921875 0.621875 0.0390625 0.0671875
2 0.028125 0.646875 0.0328125 0.009375
2 0.1296875 0.625 0.0390625 0.0203125
2 0.2453125 0.65 0.0421875 0.0109375
2 0.303125 0.64375 0.028125 0.0109375
4 0.7484375 0.365625 0.0453125 0.04375
4 0.46875 0.5 0.0109375 0.0140625
2 0.7484375 0.628125 0.0671875 0.0234375
2 0.3546875 0.6484375 0.0328125 0.0046875
2 0.603125 0.615625 0.775 0.0734375
4 0.5390625 0.1890625 0.0328125 0.0265625
4 0.5390625 0.8890625 0.0328125 0.0265625
2 0.271875 0.0140625 0.0296875 0.0171875
2 0.271875 0.7140625 0.0296875 0.0171875
2 0.8578125 0.0328125 0.0390625 0.0203125
2 0.8578125 0.7328125 0.0390625 0.0203125
2 0.9203125 0.0125 0.040625 0.009375
2 0.9203125 0.7125 0.040625 0.009375
2 0.41875 0.696875 0.040625 0.0109375
2 0.4390625 0.040625 0.0234375 0.015625
2 0.4390625 0.740625 0.0234375 0.015625
2 0.06875 0.0078125 0.028125 0.015625
2 0.06875 0.7046875 0.028125 0.021875
2 0.19140625 0.03046875 0.0390625 0.0609375
2 0.1921875 0.728125 0.0390625 0.0671875
2 0.02734375 0.00390625 0.0328125 0.0078125
2 0.028125 0.703125 0.0328125 0.009375
2 0.1296875 0.025 0.0390625 0.0203125
2 0.1296875 0.725 0.0390625 0.0203125
2 0.24453125 0.00234375 0.0421875 0.0046875
2 0.2453125 0.7 0.0421875 0.0109375
2 0.303125 0.00625 0.028125 0.0109375
2 0.303125 0.70625 0.028125 0.0109375
4 0.7484375 0.284375 0.0453125 0.04375
4 0.74765625 0.98125 0.0453125 0.0375
4 0.46875 0.15 0.0109375 0.0140625
4 0.46875 0.85 0.0109375 0.0140625
2 0.7484375 0.021875 0.0671875 0.0234375
2 0.7484375 0.721875 0.0671875 0.0234375
2 0.35390625 0.0015625 0.0328125 0.003125
2 0.3546875 0.7015625 0.0328125 0.0046875
2 0.603125 0.03515625 0.775 0.0703125
2 0.603125 0.734375 0.775 0.0734375