2 0.5046875 0.59375 0.3046875 0.034375
2 0.68515625 0.5265625 0.11875 0.03125
4 0.825 0.7140625 0.075 0.196875
4 0.8546875 0.6953125 0.0390625 0.1296875
2 0.54765625 0.49296875 0.13125 0.040625
2 0.91171875 0.525 0.175 0.0421875
4 0.18828125 0.50859375 0.03125 0.0609375
2 0.73046875 0.49765625 0.0640625 0.0203125
2 0.64296875 0.4953125 0.1046875 0.0171875
4 0.7140625 0.5109375 0.0140625 0.01875
4 0.6828125 0.5109375 0.0125 0.0171875
4 0.88671875 0.521875 0.00625 0.00625
4 0.86484375 0.521875 0.00625 0.003125
4 0.95390625 0.69921875 0.0484375 0.1109375
4 0.54453125 0.58203125 0.0359375 0.0390625
4 0.45546875 0.57421875 0.0453125 0.0375
4 0.8125 0.9421875 0.071875 0.115625
4 0.8375 0.96953125 0.0375 0.0609375
4 0.93828125 0.97734375 0.0453125 0.0453125