2 0.5296875 0.50390625 0.8421875 0.771875
2 0.94453125 0.4453125 0.0453125 0.090625
2 0.696875 0.4109375 0.0421875 0.0734375
2 0.76953125 0.43671875 0.01875 0.034375
4 0.084375 0.4671875 0.16875 0.30625
4 0.37890625 0.59296875 0.0953125 0.140625
4 0.2234375 0.4921875 0.05 0.0765625
4 0.5109375 0.52890625 0.015625 0.0140625
4 0.4921875 0.54296875 0.04375 0.046875
4 0.19765625 0.478125 0.0265625 0.040625
4 0.09765625 0.359375 0.04375 0.0484375
2 0.83671875 0.434375 0.0515625 0.0859375
2 0.68046875 0.4125 0.025 0.040625
2 0.60234375 0.1171875 0.7578125 0.234375
2 0.45546875 0.8875 0.7578125 0.225