2 0.159375 0.67421875 0.2796875 0.115625
2 0.54140625 0.553125 0.1484375 0.08125
2 0.8078125 0.4765625 0.11875 0.05625
2 0.8203125 0.41328125 0.0875 0.04375
4 0.33671875 0.66796875 0.1515625 0.3390625
4 0.865625 0.52265625 0.1234375 0.1421875
4 0.9296875 0.475 0.0734375 0.0875
4 0.2328125 0.60234375 0.040625 0.0453125
4 0.10390625 0.6546875 0.0796875 0.0796875
4 0.20234375 0.61953125 0.06875 0.0671875
4 0.06171875 0.659375 0.0703125 0.0953125
4 0.265625 0.6 0.04375 0.0484375
4 0.40078125 0.53125 0.065625 0.071875
4 0.51796875 0.53515625 0.05625 0.05625
4 0.0828125 0.83046875 0.10625 0.23125
4 0.17734375 0.63046875 0.053125 0.071875
4 0.159375 0.50625 0.0453125 0.0890625
2 0.90859375 0.39140625 0.0375 0.0328125
4 0.109375 0.96953125 0.090625 0.0609375