2 0.8640625 0.48984375 0.271875 0.5640625
4 0.296875 0.10546875 0.0328125 0.0359375
4 0.6578125 0.18828125 0.0390625 0.0703125
4 0.63359375 0.18984375 0.0296875 0.0546875
4 0.4796875 0.140625 0.0515625 0.0734375
4 0.7921875 0.2421875 0.0171875 0.0375
4 0.77734375 0.2375 0.01875 0.0390625
2 0.93125 0.1765625 0.1375 0.178125
4 0.32109375 0.01640625 0.0328125 0.0328125
4 0.675 0.125 0.0390625 0.0703125
4 0.6546875 0.1109375 0.0296875 0.0546875
4 0.496875 0.07734375 0.0515625 0.0734375
4 0.81796875 0.1453125 0.0171875 0.0375
4 0.803125 0.14140625 0.01875 0.0390625