4 0.1953125 0.75078125 0.015625 0.021875
4 0.0890625 0.63203125 0.009375 0.0109375
4 0.08203125 0.62890625 0.0125 0.009375
4 0.25 0.721875 0.0125 0.0203125
4 0.25859375 0.73359375 0.0171875 0.03125
4 0.15234375 0.66796875 0.009375 0.009375
4 0.13359375 0.67421875 0.00625 0.0109375
4 0.21875 0.628125 0.00625 0.00625
2 0.56484375 0.6 0.0140625 0.0078125
2 0.47109375 0.6234375 0.04375 0.025
4 0.778125 0.7546875 0.0125 0.009375
4 0.66171875 0.684375 0.0046875 0.0046875
4 0.46171875 0.67421875 0.00625 0.00625
4 0.16796875 0.8890625 0.015625 0.021875
4 0.2078125 0.93671875 0.0125 0.0203125
4 0.22109375 0.9296875 0.0171875 0.03125