4 0.6640625 0.64375 0.0390625 0.0625
2 0.678125 0.6765625 0.390625 0.0375
2 0.2390625 0.553125 0.215625 0.03125
2 0.6546875 0.3765625 0.065625 0.0078125
2 0.29375 0.365625 0.0171875 0.0234375
4 0.7625 0.4625 0.05 0.0125
4 0.6828125 0.434375 0.0390625 0.0109375
4 0.234375 0.5390625 0.040625 0.0328125
4 0.5515625 0.44375 0.0265625 0.0078125
4 0.85625 0.4375 0.0359375 0.0109375
4 0.5125 0.440625 0.03125 0.0125
4 0.4359375 0.4328125 0.0046875 0.0078125
4 0.4484375 0.4265625 0.0078125 0.0046875
4 0.365625 0.4265625 0.0125 0.0046875
4 0.3234375 0.4375 0.05 0.009375
2 0.93828125 0.6765625 0.1234375 0.0375
2 0.059375 0.553125 0.11875 0.03125
4 0.98125 0.4625 0.0375 0.0125
4 0.01796875 0.53828125 0.0359375 0.0328125
4 0.89375 0.4375 0.0359375 0.0109375