2 0.7484375 0.571875 0.2953125 0.1703125
2 0.671875 0.66484375 0.2265625 0.13125
2 0.459375 0.7515625 0.21875 0.1390625
2 0.57421875 0.61171875 0.1046875 0.0625
2 0.225 0.59140625 0.0515625 0.021875
2 0.4609375 0.52890625 0.0453125 0.025
2 0.6484375 0.47578125 0.0453125 0.0359375
2 0.753125 0.4546875 0.0421875 0.0265625
2 0.890625 0.41875 0.0546875 0.0359375
2 0.1515625 0.6 0.0609375 0.0359375
2 0.2234375 0.5734375 0.090625 0.0546875
2 0.3078125 0.5734375 0.1015625 0.05625
2 0.596875 0.49375 0.0515625 0.028125
2 0.525 0.51171875 0.91875 0.2546875
3 0.790625 0.671875 0.021875 0.021875
2 0.734375 0.91796875 0.225 0.1234375
2 0.5078125 0.9375 0.21875 0.125
3 0.8375 0.86015625 0.021875 0.021875