2 0.38359375 0.24765625 0.084375 0.0171875
4 0.6984375 0.28125 0.0359375 0.075
4 0.63984375 0.2734375 0.040625 0.059375
4 0.715625 0.27890625 0.021875 0.05
4 0.30546875 0.34609375 0.0359375 0.04375
4 0.3953125 0.24140625 0.009375 0.0109375
4 0.35234375 0.25234375 0.0109375 0.0359375
4 0.3 0.35703125 0.01875 0.03125
4 0.375 0.240625 0.0171875 0.0171875
4 0.2078125 0.33359375 0.034375 0.0203125
2 0.37578125 0.0984375 0.084375 0.0171875
4 0.68515625 0.034375 0.0359375 0.06875
4 0.628125 0.04609375 0.040625 0.059375
4 0.70234375 0.0328125 0.021875 0.05
4 0.28828125 0.01953125 0.0359375 0.0203125
4 0.38828125 0.10390625 0.009375 0.0109375
4 0.34453125 0.096875 0.0109375 0.0359375
4 0.36796875 0.10625 0.0171875 0.0171875
4 0.1921875 0.03125 0.034375 0.0203125