2 0.8359375 0.4421875 0.3265625 0.36875
2 0.6921875 0.53125 0.15 0.0984375
2 0.5765625 0.5484375 0.0734375 0.05
2 0.140625 0.67890625 0.28125 0.2859375
2 0.4515625 0.5234375 0.0578125 0.021875
2 0.1390625 0.6125 0.209375 0.1859375
2 0.134375 0.5875 0.0765625 0.0578125
2 0.1734375 0.534375 0.16875 0.0984375
2 0.3203125 0.4953125 0.0546875 0.034375
2 0.4984375 0.5359375 0.0890625 0.028125
2 0.6265625 0.55625 0.03125 0.0453125
2 0.21875 0.5234375 0.034375 0.028125
2 0.43125 0.5078125 0.059375 0.0453125
2 0.83515625 0.03828125 0.3265625 0.0765625
2 0.140625 0.91953125 0.28125 0.1609375
2 0.1390625 0.978125 0.209375 0.04375