4 0.3578125 0.7328125 0.03125 0.0296875
4 0.790625 0.728125 0.03125 0.05
4 0.5171875 0.7109375 0.0515625 0.103125
4 0.3609375 0.753125 0.0296875 0.0125
4 0.675 0.71875 0.0296875 0.0765625
4 0.859375 0.7140625 0.0234375 0.0234375
4 0.8453125 0.7078125 0.0375 0.0546875
4 0.7359375 0.70625 0.03125 0.09375
4 0.9859375 0.74375 0.0265625 0.03125
4 0.8671875 0.74375 0.071875 0.0546875
2 0.134375 0.7359375 0.115625 0.04375
4 0.36015625 0.9953125 0.0296875 0.009375
4 0.98515625 0.9953125 0.0265625 0.009375
4 0.8671875 0.9890625 0.071875 0.021875