2 0.684375 0.29765625 0.0484375 0.034375
4 0.1796875 0.67109375 0.1 0.1109375
4 0.25078125 0.59140625 0.0578125 0.0625
4 0.68828125 0.253125 0.0109375 0.015625
4 0.72578125 0.26640625 0.015625 0.0234375
4 0.6890625 0.28671875 0.0125 0.0125
4 0.3453125 0.59453125 0.025 0.025
4 0.2703125 0.66015625 0.0734375 0.065625
4 0.33125 0.584375 0.0203125 0.0203125
4 0.3203125 0.5609375 0.021875 0.025
4 0.3171875 0.646875 0.040625 0.0375
4 0.7125 0.24140625 0.01875 0.0265625
2 0.21484375 0.7421875 0.1375 0.1046875
4 0.2203125 0.646875 0.065625 0.1140625
4 0.321875 0.603125 0.0375 0.034375
4 0.125 0.90703125 0.0875 0.0546875
4 0.7296875 0.0734375 0.0109375 0.015625
4 0.76875 0.078125 0.015625 0.0234375
4 0.74375 0.0453125 0.0109375 0.00625
4 0.74609375 0.0953125 0.01875 0.0265625
2 0.18125 0.88828125 0.1375 0.1046875