2 0.07265625 0.25625 0.0578125 0.0375
2 0.23203125 0.3015625 0.0921875 0.05625
2 0.43515625 0.3984375 0.084375 0.046875
2 0.4484375 0.46328125 0.0859375 0.0375
2 0.18671875 0.528125 0.0421875 0.04375
2 0.5921875 0.59375 0.084375 0.0484375
2 0.6546875 0.51953125 0.0875 0.0484375
2 0.86015625 0.60625 0.078125 0.05
2 0.80390625 0.4953125 0.0921875 0.0515625
2 0.8984375 0.5671875 0.1078125 0.053125
2 0.634375 0.4515625 0.1015625 0.053125
2 0.43828125 0.50078125 0.06875 0.0421875
2 0.65546875 0.5546875 0.0875 0.04375
2 0.22734375 0.45 0.0734375 0.059375
2 0.2203125 0.5046875 0.046875 0.040625
2 0.21875 0.58125 0.08125 0.04375
2 0.24765625 0.621875 0.0640625 0.034375
2 0.359375 0.57421875 0.0703125 0.0453125
2 0.39765625 0.54375 0.05625 0.04375
2 0.43671875 0.503125 0.06875 0.05
2 0.43203125 0.625 0.06875 0.0515625
2 0.59140625 0.7140625 0.08125 0.0546875
2 0.51875 0.73359375 0.0578125 0.0390625
2 0.78203125 0.6359375 0.075 0.0578125
2 0.83203125 0.6875 0.0828125 0.05
2 0.80625 0.72421875 0.0984375 0.0546875
2 0.8109375 0.7640625 0.090625 0.053125
2 0.68671875 0.815625 0.0953125 0.0515625
2 0.47734375 0.76484375 0.075 0.0453125
2 0.2859375 0.66875 0.059375 0.0390625
2 0.12890625 0.6328125 0.06875 0.0421875
2 0.1109375 0.671875 0.075 0.040625
2 0.11015625 0.59140625 0.078125 0.0359375
2 0.078125 0.54453125 0.0546875 0.04375
2 0.040625 0.41171875 0.0703125 0.0421875
2 0.0703125 0.25390625 0.053125 0.04375
2 0.0515625 0.36875 0.071875 0.05
2 0.18515625 0.23125 0.0703125 0.046875
2 0.26015625 0.21015625 0.0671875 0.0515625
2 0.18828125 0.1484375 0.065625 0.0390625
2 0.34609375 0.284375 0.0671875 0.0375
2 0.4078125 0.21015625 0.0890625 0.05
2 0.5140625 0.275 0.115625 0.05625
2 0.65703125 0.271875 0.0796875 0.0546875
2 0.73984375 0.3375 0.125 0.0875
2 0.69296875 0.37265625 0.065625 0.040625
2 0.53359375 0.3265625 0.096875 0.05
2 0.81328125 0.44609375 0.0671875 0.04375
2 0.86953125 0.39921875 0.0953125 0.0609375
2 0.95859375 0.3828125 0.0828125 0.053125
2 0.98203125 0.45078125 0.0359375 0.0453125
2 0.94921875 0.6734375 0.0515625 0.0515625
2 0.8640625 0.60859375 0.090625 0.053125
2 0.6078125 0.675 0.084375 0.0546875
2 0.684375 0.76640625 0.071875 0.046875
2 0.628125 0.3984375 0.09375 0.0578125
2 0.30390625 0.01875 0.0921875 0.0375
2 0.5296875 0.02109375 0.084375 0.0421875
2 0.10234375 0.86796875 0.0421875 0.04375
2 0.490625 0.9875 0.084375 0.025
2 0.90078125 0.10703125 0.0921875 0.0515625
2 0.73046875 0.06640625 0.1015625 0.053125
2 0.1203125 0.9046875 0.046875 0.040625
2 0.15546875 0.8359375 0.08125 0.04375
2 0.2 0.81328125 0.0640625 0.034375
2 0.27578125 0.9078125 0.0703125 0.0453125
2 0.29609375 0.95 0.0546875 0.0390625
2 0.3640625 0.89765625 0.06875 0.0515625
2 0.546875 0.89296875 0.08125 0.0546875
2 0.4921875 0.84296875 0.0578125 0.0390625
2 0.74140625 0.97890625 0.0984375 0.0421875
2 0.7640625 0.95234375 0.090625 0.053125
2 0.67890625 0.84921875 0.0953125 0.0515625
2 0.46953125 0.7953125 0.075 0.0453125
2 0.25546875 0.78984375 0.059375 0.0390625
2 0.1 0.7484375 0.06875 0.0421875
2 0.10234375 0.70546875 0.075 0.040625
2 0.0640625 0.77578125 0.078125 0.0359375
2 0.0203125 0.8015625 0.040625 0.04375
2 0.23046875 0.04921875 0.0703125 0.046875
2 0.28671875 0.10390625 0.0671875 0.0515625
2 0.19453125 0.12421875 0.065625 0.0390625
2 0.39765625 0.078125 0.0671875 0.0375
2 0.4171875 0.1734375 0.0890625 0.05
2 0.54140625 0.165625 0.115625 0.05625
2 0.665625 0.23515625 0.0796875 0.0546875
2 0.7703125 0.21640625 0.125 0.0875
2 0.7453125 0.16328125 0.065625 0.040625
2 0.5828125 0.1296875 0.096875 0.05
2 0.8859375 0.1546875 0.0671875 0.04375
2 0.91328125 0.2234375 0.0953125 0.0609375
2 0.9703125 0.2859375 0.059375 0.053125
2 0.54296875 0.9359375 0.084375 0.0546875
2 0.65390625 0.890625 0.071875 0.046875
2 0.7 0.11015625 0.09375 0.0578125