2 0.5109375 0.6328125 0.96875 0.3796875
4 0.60859375 0.4875 0.03125 0.0609375
4 0.70546875 0.4609375 0.0375 0.0296875
4 0.75078125 0.43828125 0.0640625 0.13125
4 0.34921875 0.54375 0.075 0.10625
4 0.39765625 0.52265625 0.0328125 0.0421875
4 0.54140625 0.49921875 0.0578125 0.0796875
4 0.590625 0.44921875 0.0171875 0.0421875
4 0.58671875 0.52265625 0.0640625 0.071875
4 0.52578125 0.52890625 0.06875 0.0875
4 0.78359375 0.4515625 0.025 0.040625
4 0.81484375 0.43984375 0.034375 0.04375
4 0.84140625 0.44609375 0.03125 0.0390625
4 0.3078125 0.5546875 0.05 0.084375
3 0.24296875 0.66875 0.084375 0.0484375
2 0.54765625 0.91875 0.9046875 0.1625