4 0.0453125 0.5984375 0.065625 0.1328125
4 0.165625 0.5828125 0.0515625 0.1265625
4 0.21875 0.590625 0.053125 0.1046875
4 0.7296875 0.55 0.0265625 0.075
4 0.3609375 0.5734375 0.0421875 0.1046875
4 0.396875 0.575 0.0390625 0.0984375
4 0.440625 0.5640625 0.040625 0.10625
4 0.503125 0.559375 0.0484375 0.096875
4 0.5375 0.5578125 0.0359375 0.09375
4 0.31875 0.578125 0.046875 0.1109375
4 0.5765625 0.5578125 0.0421875 0.0859375
4 0.2734375 0.5765625 0.05625 0.1171875
4 0.671875 0.546875 0.0359375 0.0875
2 0.4328125 0.4921875 0.040625 0.25625
4 0.6171875 0.5515625 0.0296875 0.0875
4 0.109375 0.5890625 0.0484375 0.125
4 0.7015625 0.546875 0.0265625 0.084375
4 0.7515625 0.540625 0.0234375 0.0765625
4 0.7328125 0.5484375 0.025 0.075
4 0.8 0.5453125 0.0421875 0.065625
4 0.859375 0.5328125 0.025 0.0765625
4 0.8296875 0.5296875 0.0296875 0.0765625
4 0.8890625 0.5328125 0.0265625 0.06875
2 0.95 0.540625 0.1 0.0484375
2 0.153125 0.471875 0.0546875 0.10625
2 0.0953125 0.471875 0.05625 0.115625
2 0.0375 0.4625 0.0625 0.1453125
2 0.2109375 0.4484375 0.0546875 0.171875
2 0.26875 0.465625 0.0484375 0.10625
2 0.35625 0.471875 0.040625 0.1
2 0.39375 0.475 0.04375 0.096875
2 0.49375 0.465625 0.040625 0.0921875
2 0.5375 0.4578125 0.0421875 0.1046875
2 0.5796875 0.4703125 0.040625 0.0890625
2 0.621875 0.453125 0.03125 0.1046875
2 0.6671875 0.4390625 0.028125 0.11875
2 0.70625 0.4421875 0.0328125 0.1109375
2 0.7265625 0.471875 0.0265625 0.06875
2 0.784375 0.459375 0.015625 0.103125
2 0.74375 0.4671875 0.0203125 0.075
2 0.853125 0.453125 0.0265625 0.0890625
2 0.8203125 0.4546875 0.0296875 0.0703125
2 0.953125 0.46875 0.01875 0.06875
2 0.9296875 0.4640625 0.021875 0.0578125
2 0.9046875 0.4609375 0.0171875 0.0703125
2 0.884375 0.4625 0.0234375 0.0703125