4 0.92109375 0.41484375 0.03125 0.05625
2 0.2515625 0.5609375 0.4640625 0.134375
2 0.33515625 0.4984375 0.3546875 0.071875
2 0.4265625 0.49453125 0.3 0.0890625
2 0.478125 0.4734375 0.2328125 0.06875
2 0.57421875 0.44921875 0.1953125 0.0484375
2 0.596875 0.43125 0.1265625 0.040625
2 0.6984375 0.4234375 0.1328125 0.028125
2 0.33828125 0.53203125 0.3828125 0.0921875
2 0.66015625 0.428125 0.128125 0.03125
4 0.98359375 0.3921875 0.0078125 0.021875
4 0.94375 0.23203125 0.03125 0.05625
2 0.225 0.83125 0.45 0.134375
2 0.39453125 0.021875 0.3546875 0.04375
2 0.284375 0.9125 0.3546875 0.071875
2 0.4828125 0.03984375 0.3 0.0796875
2 0.371875 0.9390625 0.3 0.0890625
2 0.528125 0.0671875 0.2328125 0.06875
2 0.41640625 0.96875 0.2328125 0.0625
2 0.61484375 0.1140625 0.1953125 0.0484375
2 0.6328125 0.13671875 0.1265625 0.040625
2 0.7296875 0.16953125 0.1328125 0.028125
2 0.403125 0.01171875 0.378125 0.0234375
2 0.29609375 0.88125 0.3828125 0.0921875
2 0.69375 0.15546875 0.128125 0.03125
4 0.99765625 0.26875 0.0046875 0.021875