4 0.39375 0.4125 0.1078125 0.178125
4 0.61484375 0.63203125 0.034375 0.0796875
4 0.7125 0.65546875 0.0453125 0.0984375
4 0.64609375 0.62734375 0.0296875 0.075
4 0.96015625 0.8125 0.0234375 0.034375
4 0.9359375 0.7625 0.0328125 0.0421875
4 0.6703125 0.409375 0.0453125 0.1125
4 0.60390625 0.7359375 0.0640625 0.090625
4 0.67109375 0.7265625 0.0625 0.0953125
2 0.33984375 0.559375 0.028125 0.009375
4 0.5453125 0.75390625 0.0546875 0.075
2 0.67578125 0.5265625 0.0078125 0.0078125
4 0.9640625 0.778125 0.0171875 0.0390625
4 0.88359375 0.73828125 0.040625 0.05625
4 0.796875 0.75859375 0.034375 0.03125
4 0.9625 0.921875 0.0234375 0.034375
4 0.9390625 0.97109375 0.0328125 0.0421875
4 0.60859375 0.98203125 0.0625 0.034375
4 0.675 0.98359375 0.0609375 0.028125
4 0.54921875 0.978125 0.053125 0.04375
4 0.9671875 0.95625 0.0171875 0.0390625
4 0.8875 0.98125 0.0390625 0.0234375
4 0.80078125 0.9796875 0.034375 0.0296875