2 0.49453125 0.4328125 0.2 0.39375
2 0.88125 0.50703125 0.0796875 0.01875
4 0.528125 0.50703125 0.0265625 0.021875
2 0.19453125 0.48671875 0.3890625 0.1546875
2 0.80625 0.4984375 0.0859375 0.0296875
4 0.5015625 0.5015625 0.021875 0.0234375
4 0.5484375 0.5109375 0.015625 0.015625
4 0.4640625 0.4984375 0.0140625 0.0234375
4 0.4234375 0.51015625 0.0171875 0.0234375
4 0.4359375 0.50859375 0.0203125 0.0234375
4 0.4515625 0.509375 0.0203125 0.0234375
2 0.94375 0.5109375 0.046875 0.015625
4 0.475 0.49453125 0.01875 0.03125
4 0.4890625 0.5046875 0.0109375 0.015625
4 0.5421875 0.4640625 0.0234375 0.0234375