4 0.6453125 0.8484375 0.115625 0.0515625
4 0.5078125 0.809375 0.0328125 0.11875
4 0.4640625 0.771875 0.0328125 0.071875
4 0.465625 0.8359375 0.0296875 0.078125
4 0.4390625 0.828125 0.0390625 0.0828125
4 0.6515625 0.7875 0.03125 0.0734375
4 0.859375 0.8 0.0375 0.053125
4 0.9015625 0.8015625 0.04375 0.05
4 0.15625 0.7765625 0.1875 0.1953125
4 0.675 0.63125 0.009375 0.021875
4 0.6453125 0.9015625 0.115625 0.0515625
4 0.5078125 0.940625 0.0328125 0.11875
4 0.46328125 0.97109375 0.0328125 0.0578125
4 0.465625 0.9140625 0.0296875 0.078125
4 0.4390625 0.921875 0.0390625 0.0828125
4 0.6515625 0.9625 0.03125 0.0734375
4 0.859375 0.95 0.0375 0.053125
4 0.9015625 0.9484375 0.04375 0.05
4 0.15625 0.9375 0.1875 0.125