2 0.4484375 0.49375 0.225 0.5015625
2 0.8375 0.7234375 0.1078125 0.040625
2 0.9796875 0.7015625 0.0234375 0.034375
2 0.1 0.734375 0.065625 0.015625
2 0.1640625 0.7015625 0.021875 0.0359375
2 0.24375 0.703125 0.0234375 0.0296875
4 0.4078125 0.7203125 0.009375 0.0109375
4 0.378125 0.715625 0.0125 0.0125
4 0.3890625 0.7203125 0.00625 0.00625
4 0.396875 0.715625 0.0109375 0.0171875
4 0.8703125 0.728125 0.009375 0.00625
4 0.3625 0.7125 0.015625 0.021875
4 0.1296875 0.7234375 0.0078125 0.009375
2 0.184375 0.7015625 0.01875 0.03125
2 0.646875 0.7078125 0.0125 0.01875
2 0.5546875 0.6328125 0.2296875 0.259375
2 0.8375 0.9390625 0.1078125 0.040625
2 0.9796875 0.9609375 0.0234375 0.034375
2 0.1 0.928125 0.065625 0.015625
2 0.1640625 0.9609375 0.021875 0.0359375
2 0.24375 0.959375 0.0234375 0.0296875
4 0.4078125 0.9421875 0.009375 0.0109375
4 0.378125 0.946875 0.0125 0.0125
4 0.3890625 0.9421875 0.00625 0.00625
4 0.396875 0.946875 0.0109375 0.0171875
4 0.8703125 0.934375 0.009375 0.00625
4 0.3625 0.95 0.015625 0.021875
4 0.1296875 0.9390625 0.0078125 0.009375
2 0.184375 0.9609375 0.01875 0.03125
2 0.646875 0.9546875 0.0125 0.01875
2 0.55390625 0.95 0.2296875 0.1