4 0.39765625 0.5296875 0.134375 0.2078125
4 0.20546875 0.30078125 0.0328125 0.065625
4 0.05703125 0.31640625 0.0203125 0.034375
4 0.49296875 0.26328125 0.040625 0.078125
4 0.6 0.303125 0.0390625 0.0609375
4 0.46875 0.2109375 0.0109375 0.0109375
4 0.4546875 0.2171875 0.0125 0.0109375
4 0.440625 0.221875 0.009375 0.0109375
2 0.88828125 0.22265625 0.0671875 0.0609375
2 0.83671875 0.22109375 0.0640625 0.0578125
2 0.78671875 0.2265625 0.065625 0.0484375
2 0.7421875 0.228125 0.0625 0.046875
2 0.2421875 0.25625 0.0734375 0.0484375
2 0.70390625 0.2359375 0.059375 0.0375
2 0.29921875 0.26171875 0.0484375 0.028125
2 0.38125 0.25859375 0.028125 0.01875
2 0.39375 0.22578125 0.0765625 0.0359375
2 0.57734375 0.1640625 0.0890625 0.034375
2 0.928125 0.2234375 0.0546875 0.0484375
2 0.471875 0.21875 0.0765625 0.0359375
2 0.7453125 0.23359375 0.059375 0.0421875
2 0.4609375 0.2546875 0.06875 0.0390625
4 0.159375 0.08828125 0.03125 0.05625
4 0.0171875 0.1296875 0.0203125 0.034375
4 0.440625 0.01953125 0.03125 0.0390625
4 0.43671875 0.05859375 0.0109375 0.0109375
4 0.4203125 0.05859375 0.0125 0.0109375
4 0.40625 0.06015625 0.009375 0.0109375
2 0.2109375 0.109375 0.0734375 0.0484375
2 0.2609375 0.08125 0.0484375 0.028125
2 0.3375 0.05078125 0.028125 0.01875
2 0.36171875 0.07578125 0.0765625 0.0359375
2 0.5546875 0.05703125 0.0890625 0.034375
2 0.43671875 0.05 0.0765625 0.0359375
2 0.4109375 0.021875 0.06875 0.0390625