2 0.45703125 0.58125 0.290625 0.1640625
2 0.46953125 0.44609375 0.1328125 0.1390625
2 0.06171875 0.48046875 0.0765625 0.0390625
2 0.75078125 0.4765625 0.025 0.00625
2 0.64609375 0.47890625 0.0375 0.0125
2 0.7125 0.47265625 0.0265625 0.015625
4 0.4515625 0.58984375 0.0265625 0.0171875
4 0.3625 0.59140625 0.025 0.0171875
4 0.38671875 0.584375 0.03125 0.0296875
4 0.3390625 0.59453125 0.01875 0.0203125
4 0.4234375 0.58984375 0.028125 0.0203125
4 0.4171875 0.5875 0.01875 0.021875
4 0.459375 0.5875 0.0171875 0.0234375
4 0.51171875 0.59921875 0.0140625 0.0140625
4 0.50625 0.5890625 0.034375 0.0234375
4 0.50859375 0.58046875 0.015625 0.01875
4 0.54140625 0.60078125 0.009375 0.0109375
4 0.478125 0.5890625 0.025 0.025
2 0.89140625 0.47265625 0.028125 0.0078125
3 0.4640625 0.54609375 0.025 0.0203125
3 0.60859375 0.59765625 0.0234375 0.025
2 0.4828125 0.9515625 0.2875 0.096875
2 0.43984375 0.0328125 0.1265625 0.065625
4 0.47890625 0.97890625 0.0265625 0.0171875
4 0.38984375 0.98984375 0.025 0.0171875
4 0.415625 0.9890625 0.03125 0.021875
4 0.36640625 0.98984375 0.01875 0.0203125
4 0.45078125 0.9828125 0.028125 0.0203125
4 0.44453125 0.9859375 0.01875 0.021875
4 0.48671875 0.98046875 0.0171875 0.0234375
4 0.53671875 0.9609375 0.0140625 0.0140625
4 0.5328125 0.97265625 0.034375 0.0234375
4 0.53671875 0.9796875 0.015625 0.01875
4 0.56640625 0.95546875 0.009375 0.0109375
4 0.5046875 0.97578125 0.025 0.025
3 0.63359375 0.95 0.0234375 0.025