2 0.4234375 0.8125 0.4953125 0.165625
2 0.7953125 0.6484375 0.371875 0.228125
2 0.88359375 0.59609375 0.2328125 0.0796875
2 0.90078125 0.5453125 0.1984375 0.06875
2 0.16796875 0.496875 0.3359375 0.465625
2 0.5328125 0.425 0.1390625 0.0703125
2 0.89765625 0.43359375 0.2015625 0.0984375
2 0.928125 0.4640625 0.1421875 0.0609375
2 0.715625 0.4703125 0.146875 0.0375
2 0.61484375 0.47109375 0.0625 0.03125
2 0.71328125 0.4265625 0.103125 0.0359375
2 0.93671875 0.49453125 0.1265625 0.0390625
2 0.69765625 0.4609375 0.1109375 0.0375
2 0.434375 0.9359375 0.49375 0.128125