2 0.4265625 0.59375 0.453125 0.575
2 0.6765625 0.5125 0.4140625 0.3859375
2 0.0703125 0.41953125 0.140625 0.1421875
2 0.01875 0.3265625 0.0375 0.0875
4 0.38359375 0.3921875 0.2296875 0.36875
4 0.57890625 0.34609375 0.1703125 0.2390625
4 0.61171875 0.51328125 0.1703125 0.2484375
4 0.50859375 0.59140625 0.171875 0.1953125
4 0.396875 0.65703125 0.1703125 0.2046875
4 0.73671875 0.43515625 0.128125 0.16875
4 0.63671875 0.4375 0.0390625 0.034375
4 0.7 0.4609375 0.159375 0.1734375
4 0.35859375 0.64765625 0.1140625 0.171875
4 0.04765625 0.3265625 0.0953125 0.115625
2 0.1140625 0.29140625 0.140625 0.0953125
4 0.56015625 0.48359375 0.084375 0.121875
2 0.515625 0.90546875 0.3625 0.1890625
2 0.03359375 0.16171875 0.0671875 0.1171875
4 0.30625 0.1046875 0.175 0.16875
4 0.48984375 0.03359375 0.1328125 0.0671875
4 0.4859375 0.978125 0.1375 0.04375
4 0.034375 0.2328125 0.06875 0.115625
2 0.096875 0.228125 0.140625 0.0953125