2 0.20625 0.68671875 0.1015625 0.0390625
2 0.08125 0.70234375 0.0921875 0.03125
2 0.77109375 0.5890625 0.196875 0.05
2 0.18359375 0.640625 0.3265625 0.121875
2 0.56015625 0.634375 0.23125 0.059375
4 0.61875 0.615625 0.0203125 0.0265625
4 0.096875 0.69296875 0.0125 0.0140625
4 0.54609375 0.62578125 0.0171875 0.021875
4 0.5796875 0.61875 0.01875 0.021875
4 0.703125 0.59140625 0.0171875 0.0171875
4 0.77890625 0.578125 0.0171875 0.01875
4 0.79375 0.5078125 0.0140625 0.0171875
4 0.18515625 0.6625 0.0078125 0.0109375
4 0.6046875 0.61484375 0.015625 0.0171875
4 0.49296875 0.6390625 0.0140625 0.0203125
4 0.53046875 0.62890625 0.0109375 0.01875
2 0.2703125 0.665625 0.040625 0.0328125
4 0.5640625 0.621875 0.0171875 0.021875
4 0.509375 0.63359375 0.0171875 0.01875