2 0.58515625 0.64375 0.1421875 0.0859375
4 0.65859375 0.565625 0.0640625 0.0953125
4 0.91171875 0.65703125 0.009375 0.028125
4 0.98125 0.6703125 0.015625 0.0203125
4 0.95390625 0.65703125 0.0078125 0.0109375
4 0.96484375 0.6609375 0.00625 0.009375
4 0.94296875 0.65625 0.0109375 0.01875
4 0.92734375 0.66171875 0.015625 0.0265625
4 0.89453125 0.6578125 0.0078125 0.0078125
4 0.97734375 0.65703125 0.009375 0.0109375
4 0.7328125 0.70390625 0.05 0.059375
4 0.95 0.65234375 0.0078125 0.0125
4 0.96953125 0.6609375 0.0109375 0.01875
4 0.9234375 0.6515625 0.0046875 0.0109375
4 0.7125 0.98203125 0.05 0.0359375