4 0.6203125 0.7484375 0.0609375 0.1625
4 0.4984375 0.803125 0.0546875 0.053125
4 0.7609375 0.7421875 0.0609375 0.1734375
4 0.3421875 0.5109375 0.05 0.0796875
4 0.8625 0.746875 0.1015625 0.1625
4 0.4078125 0.6421875 0.065625 0.146875
4 0.6828125 0.740625 0.06875 0.1625
4 0.403125 0.7390625 0.0546875 0.18125
4 0.41875 0.5578125 0.0375 0.09375
4 0.175 0.5421875 0.021875 0.021875
4 0.315625 0.7015625 0.0734375 0.1328125
2 0.4703125 0.2328125 0.04375 0.04375
2 0.7546875 0.3609375 0.14375 0.1234375
2 0.61875 0.353125 0.0453125 0.0625
4 0.03125 0.6671875 0.0625 0.1453125
2 0.828125 0.20625 0.0734375 0.0234375
2 0.3359375 0.2296875 0.059375 0.0328125
2 0.8921875 0.3453125 0.0875 0.096875
2 0.696875 0.221875 0.0296875 0.0296875
2 0.9296875 0.2 0.046875 0.0578125
2 0.8796875 0.178125 0.046875 0.015625
4 0.5328125 0.734375 0.0609375 0.190625
2 0.9640625 0.1921875 0.046875 0.0125
2 0.5671875 0.1921875 0.0171875 0.05
2 0.3359375 0.3109375 0.065625 0.1265625
2 0.0640625 0.2578125 0.1015625 0.025
4 0.103125 0.7203125 0.0671875 0.125
4 0.9390625 0.7578125 0.090625 0.1453125
2 0.2203125 0.384375 0.0796875 0.0890625
2 0.4390625 0.359375 0.0828125 0.1109375
2 0.6078125 0.35625 0.078125 0.090625
2 0.103125 0.3921875 0.0640625 0.0953125
2 0.0296875 0.4453125 0.059375 0.103125
4 0.6203125 0.9125 0.0609375 0.1625
4 0.4984375 0.8578125 0.0546875 0.053125
4 0.76015625 0.915625 0.0609375 0.16875
4 0.8625 0.9140625 0.1015625 0.1625
4 0.4078125 0.97265625 0.065625 0.0546875
4 0.6828125 0.91953125 0.06875 0.1609375
4 0.40234375 0.915625 0.0546875 0.16875
4 0.31484375 0.94609375 0.0734375 0.1078125
2 0.4703125 0.1015625 0.04375 0.04375
2 0.7546875 0.0171875 0.14375 0.034375
2 0.61796875 0.00625 0.0453125 0.0125
4 0.03125 0.96015625 0.0625 0.0796875
2 0.828125 0.128125 0.0734375 0.0234375
2 0.3359375 0.1046875 0.059375 0.0328125
2 0.8921875 0.01875 0.0875 0.0375
2 0.696875 0.1125 0.0296875 0.0296875
2 0.9296875 0.134375 0.046875 0.0578125
2 0.8796875 0.15625 0.046875 0.015625
4 0.53203125 0.915625 0.0609375 0.16875
2 0.9640625 0.1421875 0.046875 0.0125
2 0.5671875 0.1421875 0.0171875 0.05
2 0.3359375 0.04296875 0.065625 0.0859375
2 0.0640625 0.0765625 0.1015625 0.025
4 0.10234375 0.9390625 0.0671875 0.121875
4 0.9390625 0.903125 0.090625 0.1453125
2 0.43828125 0.01484375 0.0828125 0.0296875
2 0.6078125 0.01171875 0.078125 0.0234375