2 0.2875 0.6625 0.56875 0.1390625
2 0.228125 0.615625 0.446875 0.109375
2 0.1921875 0.584375 0.378125 0.0859375
4 0.6921875 0.55 0.0546875 0.134375
4 0.5609375 0.5234375 0.0296875 0.1140625
4 0.6609375 0.5515625 0.0203125 0.1046875
4 0.65 0.5328125 0.0359375 0.1296875
4 0.5234375 0.521875 0.0328125 0.0984375
4 0.4828125 0.503125 0.034375 0.0953125
4 0.4359375 0.5 0.0234375 0.0828125
2 0.2609375 0.5421875 0.1515625 0.0359375
2 0.1703125 0.5421875 0.2375 0.0640625
4 0.384375 0.4890625 0.0171875 0.075
2 0.7703125 0.4890625 0.14375 0.0375
4 0.4140625 0.496875 0.021875 0.0703125
4 0.3984375 0.4890625 0.021875 0.071875
4 0.3328125 0.4859375 0.025 0.071875
4 0.74375 0.5359375 0.0390625 0.125
2 0.0578125 0.525 0.103125 0.0234375
2 0.109375 0.571875 0.10625 0.0375
2 0.184375 0.5125 0.10625 0.01875
2 0.9046875 0.421875 0.071875 0.0234375
4 0.459375 0.5984375 0.084375 0.0703125
2 0.0609375 0.515625 0.1171875 0.021875
2 0.2875 0.96640625 0.56875 0.0671875