2 0.24921875 0.734375 0.478125 0.3953125
2 0.765625 0.71796875 0.20625 0.15625
4 0.5109375 0.40078125 0.0203125 0.0390625
4 0.06484375 0.46796875 0.0171875 0.0328125
4 0.64375 0.38671875 0.0203125 0.03125
4 0.45859375 0.3984375 0.0140625 0.028125
4 0.15 0.446875 0.015625 0.0390625
4 0.40546875 0.4140625 0.0171875 0.034375
4 0.30078125 0.43984375 0.028125 0.0484375
4 0.4296875 0.40546875 0.0125 0.0265625
4 0.09140625 0.4671875 0.021875 0.0296875
4 0.025 0.475 0.0171875 0.03125
4 0.1703125 0.4328125 0.0171875 0.03125
4 0.1921875 0.4078125 0.0109375 0.025
2 0.9203125 0.74453125 0.159375 0.1578125
2 0.30234375 0.62109375 0.4328125 0.303125
4 0.58984375 0.38671875 0.0140625 0.028125
2 0.28203125 0.94453125 0.4484375 0.1109375
2 0.79453125 0.92890625 0.196875 0.09375
2 0.9296875 0.878125 0.140625 0.146875