2 0.496875 0.6265625 0.6328125 0.228125
2 0.4609375 0.503125 0.59375 0.175
2 0.5375 0.384375 0.6015625 0.2
2 0.5421875 0.3046875 0.6140625 0.1734375
2 0.4265625 0.7359375 0.6 0.471875
2 0.6390625 0.184375 0.4703125 0.2796875
2 0.4125 0.2 0.3578125 0.1359375
2 0.740625 0.1765625 0.2609375 0.128125
2 0.7046875 0.0765625 0.3390625 0.0859375
2 0.7125 0.1390625 0.3234375 0.0859375
2 0.246875 0.9375 0.24375 0.1234375
2 0.06171875 0.7359375 0.1234375 0.471875
2 0.9375 0.18359375 0.125 0.2796875
2 0.9390625 0.1765625 0.121875 0.128125
2 0.9375 0.07578125 0.125 0.0859375
2 0.9375 0.13828125 0.125 0.0859375
2 0.0625 0.93671875 0.125 0.1234375