2 0.0328125 0.47578125 0.065625 0.028125
2 0.065625 0.4640625 0.075 0.028125
2 0.17578125 0.4765625 0.0484375 0.01875
2 0.39765625 0.5 0.0546875 0.0296875
2 0.47265625 0.503125 0.0890625 0.03125
2 0.40625 0.6015625 0.1390625 0.1203125
2 0.1 0.6640625 0.2 0.075
2 0.68125 0.61484375 0.1546875 0.1203125
2 0.61640625 0.6171875 0.0890625 0.0578125
2 0.8671875 0.5609375 0.0765625 0.0390625
2 0.59375 0.53359375 0.1703125 0.059375
2 0.2125 0.6015625 0.2515625 0.078125
2 0.271875 0.503125 0.1265625 0.028125
2 0.49609375 0.6265625 0.9921875 0.371875
2 0.3671875 0.9734375 0.13125 0.04375
2 0.08828125 0.884375 0.1765625 0.075
2 0.17578125 0.95703125 0.2484375 0.0484375
2 0.47578125 0.909375 0.9515625 0.18125