4 0.171875 0.384375 0.00625 0.0203125
4 0.3984375 0.384375 0.0140625 0.0359375
4 0.3515625 0.38125 0.009375 0.0078125
4 0.28125 0.3859375 0.0140625 0.01875
4 0.265625 0.3859375 0.0140625 0.01875
4 0.2515625 0.3796875 0.0109375 0.0078125
4 0.2171875 0.3828125 0.009375 0.0125
4 0.2046875 0.38125 0.00625 0.0140625
4 0.2921875 0.3859375 0.0109375 0.0203125
4 0.259375 0.3796875 0.00625 0.0078125
2 0.21875 0.4140625 0.434375 0.1109375
4 0.371875 0.3890625 0.009375 0.0328125
4 0.1171875 0.3796875 0.009375 0.0109375
4 0.1984375 0.3828125 0.00625 0.009375