2 0.3296875 0.55546875 0.1046875 0.0796875
2 0.23359375 0.5609375 0.1625 0.10625
2 0.6109375 0.446875 0.0796875 0.2828125
2 0.7078125 0.46953125 0.0828125 0.0828125
2 0.82421875 0.45546875 0.1296875 0.2390625
2 0.9234375 0.5234375 0.153125 0.090625
2 0.46015625 0.5109375 0.0484375 0.0421875
2 0.51953125 0.515625 0.0390625 0.021875
2 0.48671875 0.51015625 0.028125 0.021875
2 0.41484375 0.5640625 0.090625 0.0671875
2 0.0546875 0.58046875 0.1046875 0.0765625
2 0.6171875 0.496875 0.06875 0.046875
2 0.6578125 0.4984375 0.0390625 0.0296875