2 0.2453125 0.671875 0.490625 0.278125
4 0.36640625 0.64375 0.01875 0.0484375
4 0.3515625 0.6390625 0.01875 0.040625
4 0.415625 0.63515625 0.0109375 0.0140625
4 0.4296875 0.6453125 0.0203125 0.03125
4 0.65703125 0.56640625 0.0140625 0.0265625
4 0.69375 0.5671875 0.021875 0.03125
4 0.7140625 0.5671875 0.01875 0.01875
4 0.08046875 0.53046875 0.0453125 0.0421875
4 0.728125 0.56796875 0.0109375 0.0234375
4 0.4 0.634375 0.021875 0.0296875
4 0.38125 0.6390625 0.0171875 0.0375
4 0.47734375 0.553125 0.0140625 0.0140625
4 0.55234375 0.5671875 0.0109375 0.0125
2 0.60078125 0.65546875 0.7296875 0.246875
2 0.2203125 0.92421875 0.440625 0.1421875