2 0.2640625 0.646875 0.2046875 0.125
2 0.4109375 0.659375 0.2578125 0.15625
2 0.5265625 0.69375 0.1859375 0.14375
2 0.684375 0.671875 0.209375 0.25
2 0.765625 0.4546875 0.14375 0.0390625
2 0.903125 0.55625 0.0921875 0.075
2 0.8109375 0.5234375 0.1 0.1078125
2 0.4421875 0.4046875 0.0328125 0.046875
2 0.73125 0.5453125 0.06875 0.0578125
2 0.8234375 0.471875 0.0515625 0.0296875
2 0.6421875 0.540625 0.1046875 0.0671875
2 0.8921875 0.49375 0.0875 0.0609375
2 0.85625 0.71875 0.1890625 0.2140625
2 0.5578125 0.4234375 0.1578125 0.0484375
2 0.365625 0.4078125 0.1171875 0.0484375
2 0.41015625 0.98125 0.2578125 0.0375
2 0.52578125 0.9671875 0.1859375 0.065625
2 0.684375 0.9515625 0.209375 0.096875
2 0.85546875 0.93671875 0.1890625 0.1265625