2 0.2296875 0.7109375 0.453125 0.359375
2 0.74609375 0.740625 0.1953125 0.140625
4 0.51953125 0.4015625 0.0171875 0.0375
4 0.06953125 0.43046875 0.0140625 0.03125
4 0.653125 0.4 0.0171875 0.0296875
4 0.46796875 0.3953125 0.0125 0.0265625
4 0.15625 0.41640625 0.0125 0.0375
4 0.4140625 0.40625 0.0140625 0.0328125
4 0.30625 0.42265625 0.0234375 0.046875
4 0.43828125 0.4 0.0109375 0.025
4 0.09609375 0.43203125 0.0203125 0.028125
4 0.02890625 0.43359375 0.0140625 0.0296875
4 0.17734375 0.40390625 0.0140625 0.0296875
4 0.2015625 0.38125 0.009375 0.0234375
2 0.91171875 0.78203125 0.1765625 0.1421875
2 0.29296875 0.603125 0.4140625 0.2703125
4 0.59921875 0.39453125 0.0125 0.0265625
2 0.240625 0.94296875 0.440625 0.1140625
2 0.75625 0.953125 0.1921875 0.078125
2 0.91484375 0.9171875 0.1703125 0.13125