2 0.16171875 0.59921875 0.3234375 0.1609375
2 0.3875 0.553125 0.1375 0.0609375
4 0.53828125 0.58515625 0.0734375 0.1828125
4 0.23515625 0.51484375 0.0265625 0.0625
4 0.1375 0.4984375 0.0703125 0.13125
4 0.79375 0.56328125 0.034375 0.0859375
4 0.8703125 0.571875 0.034375 0.090625
4 0.74140625 0.56953125 0.0375 0.109375
4 0.47421875 0.50859375 0.0234375 0.0390625
4 0.76484375 0.559375 0.040625 0.1
4 0.06484375 0.51171875 0.078125 0.125
4 0.515625 0.55625 0.040625 0.09375
4 0.19765625 0.5 0.0671875 0.125
4 0.484375 0.55390625 0.021875 0.0515625
4 0.54140625 0.58515625 0.0578125 0.10625
4 0.6171875 0.54140625 0.025 0.075
4 0.66640625 0.53203125 0.0359375 0.059375
2 0.15078125 0.83828125 0.3015625 0.1609375
2 0.3546875 0.9265625 0.1375 0.0609375
4 0.5078125 0.91484375 0.071875 0.1703125
4 0.1984375 0.9375 0.0265625 0.0625
4 0.10078125 0.9203125 0.0671875 0.0984375
4 0.75546875 0.971875 0.0328125 0.05625
4 0.8328125 0.97265625 0.034375 0.0546875
4 0.70625 0.9578125 0.0375 0.084375
4 0.51640625 0.00390625 0.0203125 0.0078125
4 0.43203125 0.98125 0.0234375 0.03125
4 0.7265625 0.96796875 0.040625 0.0640625
4 0.034375 0.90625 0.06875 0.115625
4 0.48125 0.9453125 0.040625 0.09375
4 0.240625 0.00546875 0.059375 0.0109375
4 0.16015625 0.928125 0.0640625 0.0921875
4 0.45 0.94296875 0.021875 0.0515625
4 0.51171875 0.92109375 0.0578125 0.10625
4 0.578125 0.96953125 0.025 0.0609375
4 0.6265625 0.9828125 0.034375 0.034375