2 0.421875 0.5828125 0.5171875 0.38125
4 0.4234375 0.6078125 0.0234375 0.0578125
4 0.565625 0.6015625 0.0234375 0.0328125
4 0.5796875 0.6046875 0.0171875 0.0453125
4 0.4875 0.6265625 0.025 0.0453125
4 0.415625 0.628125 0.034375 0.0328125
4 0.603125 0.64375 0.021875 0.0390625
4 0.5625 0.559375 0.0296875 0.034375
4 0.540625 0.6203125 0.025 0.0484375
4 0.671875 0.6421875 0.01875 0.021875
4 0.6546875 0.6296875 0.021875 0.0265625
4 0.19375 0.4421875 0.015625 0.025
4 0.6359375 0.65 0.025 0.0234375
4 0.628125 0.6140625 0.0171875 0.0359375