4 0.33359375 0.6546875 0.025 0.065625
4 0.3078125 0.6578125 0.021875 0.0640625
4 0.21328125 0.66953125 0.0359375 0.075
4 0.06875 0.66484375 0.0265625 0.046875
2 0.7453125 0.53046875 0.0359375 0.0109375
2 0.540625 0.55546875 0.0421875 0.025
4 0.88828125 0.54609375 0.0203125 0.0375
4 0.91484375 0.54453125 0.0125 0.0328125
4 0.90546875 0.5421875 0.0171875 0.0359375
4 0.79765625 0.52734375 0.0078125 0.0078125
2 0.94296875 0.50546875 0.034375 0.0140625
2 0.89296875 0.5109375 0.028125 0.015625
2 0.87109375 0.5140625 0.0203125 0.0125