4 0.56015625 0.52890625 0.078125 0.3375
4 0.5359375 0.51484375 0.1578125 0.3578125
4 0.18515625 0.61484375 0.125 0.109375
4 0.31015625 0.6140625 0.1203125 0.0921875
4 0.9453125 0.58125 0.1046875 0.0609375
4 0.93671875 0.4515625 0.01875 0.0125
4 0.85234375 0.4390625 0.0125 0.021875
4 0.63359375 0.43828125 0.015625 0.0109375
2 0.1890625 0.31328125 0.009375 0.0125
4 0.4140625 0.60625 0.096875 0.0515625
4 0.5984375 0.584375 0.059375 0.06875
4 0.503125 0.4078125 0.021875 0.0390625
4 0.90234375 0.55546875 0.03125 0.0234375
4 0.225 0.6125 0.053125 0.0375
2 0.575 0.5078125 0.559375 0.134375
2 0.5359375 0.32578125 0.609375 0.078125
2 0.18359375 0.02890625 0.009375 0.0125
2 0.52890625 0.02109375 0.6078125 0.0421875