2 0.925 0.33203125 0.025 0.009375
2 0.91875 0.31640625 0.059375 0.040625
2 0.78125 0.3328125 0.1046875 0.021875
2 0.946875 0.3140625 0.053125 0.040625
4 0.25390625 0.53515625 0.1515625 0.4921875
4 0.34765625 0.53828125 0.146875 0.4578125
4 0.56796875 0.4515625 0.4078125 0.2015625
4 0.3890625 0.32578125 0.0640625 0.1046875
4 0.57265625 0.46875 0.1625 0.5125
4 0.425 0.496875 0.1 0.4078125
4 0.68359375 0.478125 0.1125 0.4109375
4 0.6375 0.30859375 0.0359375 0.0640625
4 0.77890625 0.4796875 0.1359375 0.41875
2 0.8453125 0.334375 0.034375 0.015625
4 0.88828125 0.48046875 0.121875 0.071875
4 0.4859375 0.48125 0.071875 0.3875
2 0.9671875 0.321875 0.040625 0.025
2 0.93046875 0.0140625 0.025 0.009375
2 0.92421875 0.02890625 0.059375 0.040625
2 0.7859375 0.0109375 0.1046875 0.0140625
2 0.95234375 0.0328125 0.053125 0.040625
4 0.246875 0.9359375 0.1453125 0.121875
4 0.33984375 0.94609375 0.140625 0.10625
4 0.39453125 0.0265625 0.0640625 0.053125
4 0.5796875 0.0609375 0.1546875 0.121875
4 0.64296875 0.03046875 0.0359375 0.05625
2 0.85078125 0.01171875 0.034375 0.0109375
2 0.97265625 0.025 0.040625 0.025