2 0.48984375 0.534375 0.4484375 0.2859375
4 0.23828125 0.68203125 0.03125 0.0484375
4 0.7921875 0.5515625 0.021875 0.0328125
4 0.9296875 0.5234375 0.01875 0.0390625
4 0.64921875 0.58515625 0.015625 0.034375
4 0.6046875 0.59296875 0.0171875 0.0390625
4 0.86953125 0.53984375 0.0203125 0.0390625
4 0.671875 0.5796875 0.015625 0.034375
4 0.6828125 0.5859375 0.0140625 0.01875
4 0.340625 0.66015625 0.015625 0.03125
4 0.359375 0.659375 0.0171875 0.025
4 0.5578125 0.5484375 0.0125 0.01875
4 0.59609375 0.59921875 0.0171875 0.028125