4 0.78125 0.6265625 0.0390625 0.04375
4 0.56875 0.6265625 0.0265625 0.0421875
4 0.93125 0.6125 0.0375 0.0328125
4 0.4015625 0.6109375 0.0234375 0.0328125
4 0.83125 0.6078125 0.0453125 0.08125
4 0.7765625 0.659375 0.025 0.05
4 0.859375 0.5125 0.00625 0.0234375
4 0.8390625 0.51875 0.0109375 0.021875
4 0.3265625 0.546875 0.00625 0.0296875
4 0.9625 0.6421875 0.0265625 0.0796875
4 0.878125 0.615625 0.03125 0.0453125
2 0.265625 0.56875 0.0609375 0.01875
4 0.859375 0.6296875 0.0203125 0.0546875
4 0.4078125 0.521875 0.003125 0.0109375
4 0.78125 0.7828125 0.0390625 0.04375
4 0.56875 0.7828125 0.0265625 0.0421875
4 0.93125 0.796875 0.0375 0.0328125
4 0.4015625 0.7984375 0.0234375 0.0328125
4 0.83046875 0.01015625 0.0453125 0.0203125
4 0.83125 0.8015625 0.0453125 0.08125
4 0.7765625 0.75 0.025 0.05
4 0.859375 0.075 0.00625 0.0234375
4 0.859375 0.896875 0.00625 0.0234375
4 0.8390625 0.06875 0.0109375 0.021875
4 0.8390625 0.890625 0.0109375 0.021875
4 0.3265625 0.040625 0.00625 0.0296875
4 0.3265625 0.8625 0.00625 0.0296875
4 0.9625 0.7671875 0.0265625 0.0796875
4 0.878125 0.79375 0.03125 0.0453125
2 0.265625 0.01875 0.0609375 0.01875
2 0.265625 0.840625 0.0609375 0.01875
4 0.859375 0.7796875 0.0203125 0.0546875
4 0.4078125 0.065625 0.003125 0.0109375
4 0.4078125 0.8875 0.003125 0.0109375