2 0.70703125 0.52890625 0.5859375 0.1765625
4 0.8453125 0.51640625 0.021875 0.0453125
4 0.790625 0.50625 0.009375 0.0109375
4 0.68671875 0.49296875 0.0125 0.0203125
4 0.484375 0.52578125 0.0125 0.0203125
4 0.4734375 0.5203125 0.0109375 0.0109375
4 0.71328125 0.49609375 0.0171875 0.021875
4 0.76640625 0.5 0.0140625 0.025
4 0.7765625 0.50859375 0.0046875 0.003125
4 0.87109375 0.50703125 0.0203125 0.01875
4 0.8875 0.51328125 0.0078125 0.0109375
4 0.56875 0.528125 0.0171875 0.0234375
4 0.553125 0.52734375 0.0140625 0.01875
4 0.5390625 0.5296875 0.0109375 0.0109375
1 0.1171875 0.534375 0.0234375 0.053125
1 0.08671875 0.96015625 0.021875 0.0265625