4 0.04375 0.66484375 0.0390625 0.08125
4 0.53515625 0.525 0.01875 0.025
4 0.56015625 0.5234375 0.0265625 0.034375
4 0.078125 0.58984375 0.025 0.0453125
2 0.21171875 0.66875 0.175 0.1140625
2 0.12265625 0.62109375 0.1203125 0.0546875
2 0.04609375 0.48125 0.08125 0.05625
2 0.459375 0.54296875 0.3203125 0.1546875
2 0.634375 0.41171875 0.05 0.05
2 0.259375 0.7359375 0.328125 0.140625
2 0.58046875 0.4625 0.1125 0.0984375
4 0.0578125 0.63984375 0.0203125 0.0453125
4 0.03671875 0.6078125 0.0265625 0.0375
4 0.02265625 0.62421875 0.0125 0.021875
4 0.73359375 0.43046875 0.0234375 0.0390625
4 0.675 0.38671875 0.0140625 0.025
4 0.02734375 0.6625 0.0203125 0.0609375
2 0.259375 0.784375 0.3265625 0.1375
2 0.86640625 0.61796875 0.1671875 0.1625
2 0.0640625 0.5078125 0.128125 0.1
2 0.096875 0.60390625 0.075 0.03125
2 0.3546875 0.45625 0.09375 0.0765625
2 0.034375 0.559375 0.0640625 0.0234375
4 0.634375 0.40390625 0.0234375 0.034375
2 0.3125 0.97734375 0.325 0.0453125
2 0.29765625 0.95546875 0.3265625 0.0890625
2 0.91796875 0.8828125 0.1578125 0.115625