4 0.5140625 0.6828125 0.05 0.1453125
4 0.46875 0.6953125 0.0453125 0.128125
4 0.4296875 0.6921875 0.0171875 0.05
4 0.253125 0.6765625 0.03125 0.1
4 0.1953125 0.6765625 0.0203125 0.0515625
4 0.1578125 0.6796875 0.025 0.053125
4 0.75 0.6671875 0.009375 0.0234375
4 0.78125 0.6625 0.0171875 0.0328125
4 0.303125 0.6703125 0.0171875 0.0484375
4 0.8453125 0.6609375 0.0171875 0.03125
4 0.91875 0.6484375 0.0265625 0.0625
2 0.2875 0.5890625 0.0140625 0.009375
4 0.59375 0.671875 0.0125 0.0140625
4 0.3734375 0.659375 0.0234375 0.0546875