2 0.6390625 0.60078125 0.209375 0.1234375
2 0.82265625 0.56640625 0.1578125 0.0984375
2 0.4828125 0.6640625 0.08125 0.0890625
2 0.3828125 0.61640625 0.09375 0.0828125
2 0.08203125 0.678125 0.1078125 0.0578125
2 0.22890625 0.78203125 0.13125 0.06875
2 0.5890625 0.503125 0.0953125 0.0578125
2 0.14609375 0.6125 0.1125 0.05
2 0.35234375 0.5140625 0.0625 0.0484375
2 0.0796875 0.65625 0.1125 0.05625
2 0.5859375 0.565625 0.078125 0.053125
2 0.47421875 0.5515625 0.090625 0.08125
2 0.41171875 0.53984375 0.059375 0.0546875
2 0.9703125 0.41484375 0.0484375 0.03125
3 0.16484375 0.7171875 0.0078125 0.00625
3 0.98828125 0.44296875 0.0140625 0.0109375