2 0.1984375 0.65078125 0.1171875 0.0953125
4 0.609375 0.56953125 0.0140625 0.0296875
4 0.2109375 0.64453125 0.0125 0.0109375
4 0.56953125 0.578125 0.015625 0.028125
4 0.59609375 0.5703125 0.0171875 0.0296875
4 0.94140625 0.471875 0.015625 0.034375
4 0.9359375 0.47578125 0.009375 0.0265625
4 0.1859375 0.6453125 0.0171875 0.025
2 0.07890625 0.08984375 0.1046875 0.0421875
2 0.25234375 0.90390625 0.1171875 0.0953125
4 0.66015625 0.8109375 0.0140625 0.0296875
4 0.26640625 0.90390625 0.0125 0.0109375
4 0.6203125 0.81953125 0.015625 0.028125
4 0.6484375 0.81484375 0.0171875 0.0296875
4 0.99765625 0.7640625 0.0046875 0.034375
4 0.99609375 0.76328125 0.0078125 0.0265625
4 0.24296875 0.9140625 0.0171875 0.025