2 0.68359375 0.51015625 0.3578125 0.1421875
2 0.7515625 0.43984375 0.2109375 0.1046875
2 0.61328125 0.39609375 0.0796875 0.0375
2 0.5546875 0.4234375 0.078125 0.034375
4 0.21796875 0.34140625 0.009375 0.0203125
2 0.06015625 0.54296875 0.1203125 0.1515625
2 0.22109375 0.4921875 0.153125 0.0890625
2 0.11953125 0.49296875 0.2390625 0.2109375
2 0.8078125 0.07734375 0.209375 0.1
2 0.6640625 0.075 0.0796875 0.0375
2 0.6171875 0.03125 0.078125 0.034375
4 0.271875 0.00703125 0.009375 0.0140625
2 0.03359375 0.8671875 0.0671875 0.134375
2 0.084375 0.89296875 0.16875 0.1171875