2 0.46953125 0.7234375 0.8109375 0.275
4 0.21484375 0.69453125 0.0171875 0.021875
4 0.25703125 0.690625 0.015625 0.0203125
4 0.39140625 0.68125 0.009375 0.0078125
4 0.6140625 0.6484375 0.009375 0.009375
4 0.6296875 0.63828125 0.01875 0.021875
4 0.50390625 0.66171875 0.0109375 0.0140625
4 0.46875 0.6734375 0.015625 0.0125
4 0.440625 0.67265625 0.009375 0.0109375
4 0.23984375 0.69296875 0.0171875 0.0203125
4 0.5890625 0.653125 0.0109375 0.015625
4 0.31640625 0.68671875 0.015625 0.015625
2 0.99609375 0.64140625 0.0078125 0.0578125
4 0.14140625 0.70859375 0.0125 0.0203125
4 0.1296875 0.71953125 0.015625 0.0328125
2 0.4984375 0.90625 0.80625 0.1875
4 0.66015625 0.98046875 0.0078125 0.00625
4 0.55078125 0.9953125 0.009375 0.00625
4 0.5140625 0.9953125 0.015625 0.009375
4 0.63515625 0.98125 0.0109375 0.0109375