2 0.4640625 0.5546875 0.1171875 0.1625
2 0.81328125 0.49453125 0.3140625 0.309375
2 0.1203125 0.48984375 0.2203125 0.153125
2 0.596875 0.56484375 0.146875 0.0203125
4 0.42734375 0.60390625 0.0046875 0.009375
4 0.49453125 0.6109375 0.0078125 0.0109375
4 0.80234375 0.60625 0.00625 0.0125
4 0.82734375 0.6109375 0.003125 0.00625
2 0.42734375 0.53828125 0.0328125 0.04375
4 0.90546875 0.60859375 0.0046875 0.0078125
4 0.9203125 0.60625 0.0046875 0.00625
4 0.9296875 0.60390625 0.0046875 0.00625
4 0.128125 0.54453125 0.0109375 0.0109375
2 0.2890625 0.546875 0.01875 0.0171875
2 0.34921875 0.5390625 0.034375 0.0515625
2 0.67734375 0.5515625 0.034375 0.059375
4 0.41171875 0.603125 0.009375 0.0140625
4 0.48671875 0.60703125 0.0078125 0.0140625
4 0.42109375 0.60078125 0.009375 0.0140625
4 0.50234375 0.609375 0.009375 0.0125
2 0.46015625 0.53671875 0.0234375 0.0515625
4 0.44140625 0.5984375 0.0078125 0.009375
2 0.4421875 0.9609375 0.1125 0.078125
2 0.834375 0.0703125 0.303125 0.121875
2 0.78671875 0.97265625 0.3015625 0.0546875
2 0.5734375 0.9984375 0.146875 0.003125
4 0.409375 0.95078125 0.0046875 0.009375
4 0.4765625 0.95078125 0.0078125 0.0109375
4 0.7828125 0.9875 0.00625 0.0125
4 0.8078125 0.98515625 0.003125 0.00625
4 0.88515625 0.99609375 0.0046875 0.0078125
4 0.89921875 0.9984375 0.0046875 0.003125
4 0.1046875 0.97578125 0.0109375 0.0078125
2 0.265625 0.98671875 0.0171875 0.0046875
4 0.39375 0.95 0.009375 0.0140625
4 0.46875 0.95390625 0.0078125 0.0140625
4 0.40234375 0.953125 0.009375 0.0140625
4 0.484375 0.953125 0.009375 0.0125
4 0.42265625 0.9578125 0.0078125 0.009375