2 0.26953125 0.565625 0.01875 0.0109375
2 0.2546875 0.56484375 0.0203125 0.0109375
2 0.27734375 0.5671875 0.0125 0.009375
2 0.2453125 0.565625 0.0140625 0.009375
2 0.29140625 0.565625 0.0140625 0.0125
4 0.37890625 0.96640625 0.01875 0.0203125
2 0.3109375 0.56875 0.0203125 0.0109375
2 0.3 0.5671875 0.015625 0.0125
2 0.31171875 0.55390625 0.0125 0.0078125
2 0.0359375 0.6109375 0.01875 0.0109375
2 0.04921875 0.60546875 0.0203125 0.0109375
2 0.02890625 0.615625 0.0125 0.009375
2 0.0578125 0.6015625 0.0140625 0.009375
2 0.01796875 0.61875 0.009375 0.0125