2 0.4671875 0.70625 0.734375 0.171875
4 0.1578125 0.6234375 0.071875 0.196875
4 0.2171875 0.578125 0.075 0.1171875
4 0.278125 0.578125 0.065625 0.1203125
4 0.3453125 0.5765625 0.071875 0.1234375
4 0.409375 0.575 0.065625 0.103125
4 0.8359375 0.6390625 0.059375 0.240625
4 0.4609375 0.5765625 0.05625 0.0890625
4 0.5078125 0.571875 0.05 0.096875
4 0.725 0.653125 0.06875 0.1375
4 0.6953125 0.5625 0.0625 0.075
4 0.740625 0.6109375 0.084375 0.175
4 0.1109375 0.640625 0.065625 0.2625
2 0.0453125 0.66171875 0.090625 0.1640625
4 0.575 0.6703125 0.09375 0.1421875
4 0.55625 0.565625 0.05 0.096875
4 0.453125 0.5015625 0.059375 0.0671875
4 0.621875 0.559375 0.059375 0.0984375
4 0.653125 0.559375 0.0390625 0.0796875
4 0.7875 0.6078125 0.05 0.1734375
4 0.75 0.609375 0.0578125 0.165625
4 0.6546875 0.7046875 0.0796875 0.1828125
2 0.4671875 0.97890625 0.734375 0.0421875
4 0.65390625 0.9765625 0.0796875 0.046875