2 0.834375 0.6578125 0.1328125 0.1078125
2 0.91640625 0.66484375 0.0859375 0.0390625
2 0.64765625 0.5671875 0.0578125 0.065625
2 0.53671875 0.58515625 0.0640625 0.028125
2 0.365625 0.56640625 0.1125 0.0484375
2 0.43203125 0.54609375 0.0484375 0.0296875
2 0.19296875 0.49921875 0.05 0.01875
2 0.153125 0.4765625 0.0234375 0.015625
2 0.13203125 0.46328125 0.01875 0.0140625
2 0.24765625 0.48359375 0.075 0.090625
2 0.51328125 0.53046875 0.04375 0.0515625
2 0.40546875 0.5234375 0.0265625 0.015625
2 0.75859375 0.59375 0.0625 0.053125
2 0.853125 0.6203125 0.15 0.0921875
2 0.93828125 0.21796875 0.1234375 0.1078125
2 0.79453125 0.81796875 0.1328125 0.1078125
2 0.98828125 0.24921875 0.0234375 0.0390625
2 0.8703125 0.85 0.0859375 0.0390625
2 0.73671875 0.209375 0.0578125 0.065625
2 0.58671875 0.81015625 0.0578125 0.065625
2 0.646875 0.1421875 0.0640625 0.028125
2 0.49765625 0.7421875 0.0640625 0.028125
2 0.4875 0.078125 0.1125 0.0484375
2 0.33828125 0.67890625 0.1125 0.0484375
2 0.53671875 0.12734375 0.0484375 0.0296875
2 0.38671875 0.728125 0.0484375 0.0296875
2 0.303125 0.05625 0.05 0.01875
2 0.153125 0.65703125 0.05 0.01875
2 0.2578125 0.0578125 0.0234375 0.015625
2 0.1078125 0.65859375 0.0234375 0.015625
2 0.2328125 0.06015625 0.01875 0.0140625
2 0.08359375 0.66015625 0.01875 0.0140625
2 0.34453125 0.09609375 0.075 0.090625
2 0.1953125 0.69609375 0.075 0.090625
2 0.60078125 0.17890625 0.04375 0.0515625
2 0.4515625 0.7796875 0.04375 0.0515625
2 0.50234375 0.13515625 0.0265625 0.015625
2 0.35234375 0.73515625 0.0265625 0.015625
2 0.846875 0.2390625 0.0625 0.053125
2 0.69765625 0.8390625 0.0625 0.053125
2 0.93359375 0.25859375 0.1328125 0.0921875
2 0.79375 0.86015625 0.15 0.0921875