2 0.584375 0.59375 0.309375 0.1265625
4 0.62578125 0.6015625 0.0171875 0.0265625
2 0.89375 0.5515625 0.0640625 0.021875
2 0.65390625 0.5671875 0.015625 0.0140625
2 0.5546875 0.05234375 0.309375 0.1046875
2 0.59296875 0.753125 0.309375 0.1265625
4 0.59609375 0.03046875 0.0171875 0.0265625
4 0.6328125 0.7421875 0.0171875 0.0265625
2 0.86796875 0.05234375 0.0640625 0.021875
2 0.9046875 0.76328125 0.0640625 0.021875
2 0.62734375 0.06171875 0.015625 0.0140625
2 0.66484375 0.77265625 0.015625 0.0140625