2 0.27109375 0.36640625 0.046875 0.021875
2 0.509375 0.328125 0.0609375 0.0234375
4 0.3109375 0.77109375 0.1828125 0.1859375
4 0.54609375 0.72734375 0.246875 0.2125
4 0.41875 0.67421875 0.0625 0.0953125
4 0.13359375 0.746875 0.215625 0.2078125
4 0.12890625 0.70859375 0.0890625 0.0796875
4 0.12421875 0.48828125 0.0609375 0.103125
4 0.47890625 0.41796875 0.059375 0.065625
4 0.6015625 0.70625 0.1703125 0.1625
4 0.3328125 0.62578125 0.14375 0.146875
4 0.3140625 0.64765625 0.1625 0.14375
4 0.34453125 0.41640625 0.046875 0.04375
4 0.18125 0.5671875 0.1125 0.0984375
4 0.1140625 0.5734375 0.0390625 0.04375
2 0.2046875 0.34296875 0.0203125 0.0140625
2 0.79609375 0.29453125 0.01875 0.00625
2 0.22421875 0.03671875 0.0453125 0.0125
2 0.46328125 0.00703125 0.0609375 0.0140625
4 0.334375 0.92734375 0.18125 0.1453125
4 0.571875 0.90859375 0.24375 0.1828125
4 0.4625 0.98125 0.05625 0.0375
4 0.16640625 0.95703125 0.2078125 0.0859375
4 0.63125 0.921875 0.1671875 0.1484375
2 0.1671875 0.0734375 0.0203125 0.0140625