2 0.72109375 0.66015625 0.1109375 0.1484375
2 0.55703125 0.67265625 0.096875 0.1203125
2 0.1828125 0.7375 0.0265625 0.015625
2 0.165625 0.7234375 0.01875 0.0078125
2 0.640625 0.659375 0.0578125 0.025
2 0.4828125 0.68125 0.028125 0.0109375
2 0.5125 0.6796875 0.03125 0.009375
2 0.5359375 0.6765625 0.0171875 0.0078125
2 0.27578125 0.68984375 0.06875 0.0546875
2 0.20859375 0.7140625 0.03125 0.0125
2 0.946875 0.65 0.0328125 0.0125
2 0.2390625 0.70703125 0.0390625 0.025
2 0.753125 0.928125 0.1046875 0.1
2 0.5921875 0.9578125 0.0921875 0.078125
2 0.67890625 0.97265625 0.0578125 0.025
2 0.5203125 0.98828125 0.028125 0.0109375
2 0.55 0.98359375 0.03125 0.009375
2 0.5734375 0.98046875 0.0171875 0.0078125
2 0.978125 0.90703125 0.0328125 0.0125