2 0.50546875 0.709375 0.6328125 0.159375
2 0.26796875 0.69296875 0.215625 0.084375
4 0.459375 0.703125 0.0140625 0.028125
4 0.48515625 0.6953125 0.01875 0.0140625
4 0.65234375 0.68515625 0.015625 0.028125
2 0.978125 0.68515625 0.04375 0.0234375
4 0.75078125 0.659375 0.0140625 0.03125
4 0.7640625 0.65234375 0.0125 0.01875
2 0.58359375 0.66328125 0.2265625 0.1046875
2 0.52109375 0.93671875 0.6328125 0.1265625
2 0.28671875 0.97890625 0.2140625 0.0421875
4 0.47734375 0.96484375 0.0140625 0.028125
4 0.5046875 0.96953125 0.01875 0.0140625
4 0.67109375 0.95625 0.015625 0.028125
2 0.9859375 0.90859375 0.028125 0.0234375
4 0.77265625 0.9671875 0.0140625 0.03125
4 0.7859375 0.97265625 0.0125 0.0171875
2 0.60390625 0.9671875 0.2234375 0.065625