2 0.26796875 0.3953125 0.0875 0.04375
2 0.8734375 0.46875 0.253125 0.1375
2 0.95546875 0.540625 0.0765625 0.0375
2 0.0375 0.36328125 0.046875 0.03125
4 0.35 0.4765625 0.125 0.2546875
4 0.57734375 0.70859375 0.1484375 0.2015625
4 0.71640625 0.74296875 0.1859375 0.2140625
4 0.72109375 0.56015625 0.1328125 0.2421875
4 0.85390625 0.50234375 0.0078125 0.0140625
4 0.50546875 0.44375 0.0078125 0.009375
2 0.41875 0.43203125 0.0921875 0.040625
4 0.865625 0.49921875 0.0109375 0.01875
4 0.67265625 0.984375 0.1640625 0.03125