2 0.63203125 0.49609375 0.0515625 0.05
2 0.46796875 0.53203125 0.040625 0.028125
2 0.721875 0.48515625 0.1390625 0.065625
4 0.40546875 0.56484375 0.0671875 0.14375
4 0.31484375 0.54296875 0.0640625 0.1
4 0.29765625 0.59375 0.0796875 0.1078125
4 0.25546875 0.55703125 0.0640625 0.096875
4 0.13984375 0.58046875 0.075 0.13125
4 0.36640625 0.5796875 0.065625 0.0984375
4 0.2859375 0.5265625 0.0375 0.0546875
4 0.11171875 0.59609375 0.040625 0.121875
4 0.46953125 0.52265625 0.0109375 0.015625
2 0.7828125 0.484375 0.0765625 0.0515625
4 0.07734375 0.59921875 0.0578125 0.128125
2 0.52890625 0.49453125 0.0140625 0.0078125
2 0.56328125 0.4890625 0.0296875 0.0265625
2 0.209375 0.5578125 0.01875 0.0109375