2 0.846875 0.6890625 0.303125 0.19375
2 0.76875 0.5109375 0.4609375 0.1109375
2 0.6953125 0.4671875 0.309375 0.06875
2 0.571875 0.4625 0.18125 0.053125
2 0.0578125 0.496875 0.115625 0.04375
2 0.1015625 0.4734375 0.1640625 0.0328125
2 0.125 0.4515625 0.25 0.03125
2 0.6328125 0.4328125 0.0796875 0.0375
2 0.015625 0.5640625 0.021875 0.046875
2 0.5703125 0.41875 0.2015625 0.0734375
2 0.8109375 0.628125 0.378125 0.1875
2 0.19375 0.465625 0.08125 0.0390625
2 0.975 0.421875 0.0484375 0.0421875
2 0.846875 0.93828125 0.303125 0.1234375
2 0.8109375 0.9703125 0.378125 0.059375