2 0.91484375 0.46796875 0.096875 0.046875
2 0.296875 0.27109375 0.1375 0.2625
2 0.54140625 0.396875 0.0671875 0.04375
2 0.81875 0.4546875 0.078125 0.028125
2 0.48515625 0.403125 0.028125 0.009375
2 0.64375 0.40703125 0.0203125 0.009375
4 0.534375 0.74765625 0.11875 0.125
2 0.1671875 0.33203125 0.034375 0.0203125
2 0.46171875 0.3703125 0.0109375 0.0234375
4 0.390625 0.73046875 0.05625 0.0921875
2 0.3328125 0.02578125 0.1125 0.0515625
4 0.50078125 0.975 0.1109375 0.05
4 0.35703125 0.965625 0.0484375 0.04375