4 0.4796875 0.29609375 0.0125 0.0359375
4 0.296875 0.32421875 0.01875 0.0453125
4 0.97265625 0.2890625 0.021875 0.0546875
4 0.59453125 0.30234375 0.0078125 0.021875
4 0.3265625 0.32421875 0.0125 0.04375
4 0.34921875 0.309375 0.0171875 0.046875
2 0.27890625 0.284375 0.028125 0.00625
4 0.09609375 0.32265625 0.0125 0.0296875
4 0.94140625 0.2953125 0.0296875 0.046875
4 0.79140625 0.2734375 0.0109375 0.03125
4 0.36953125 0.3109375 0.0234375 0.0484375
4 0.61875 0.2875 0.01875 0.059375
4 0.08359375 0.3234375 0.0109375 0.0296875
4 0.31171875 0.334375 0.0203125 0.0296875
2 0.290625 0.303125 0.00625 0.0078125