4 0.878125 0.53984375 0.009375 0.0171875
4 0.75703125 0.51484375 0.0109375 0.0125
4 0.72109375 0.52109375 0.0046875 0.0140625
4 0.03828125 0.49609375 0.0125 0.01875
2 0.63515625 0.52109375 0.08125 0.0328125
2 0.8609375 0.5328125 0.0796875 0.01875
2 0.89609375 0.51953125 0.0515625 0.0171875
2 0.853125 0.5125 0.05 0.0078125
2 0.7875 0.50703125 0.03125 0.0078125
2 0.46953125 0.5078125 0.025 0.0203125
2 0.3484375 0.5015625 0.0265625 0.028125
2 0.23359375 0.4765625 0.0171875 0.00625
2 0.78125 0.53359375 0.0828125 0.0203125
4 0.06796875 0.47734375 0.0046875 0.0078125
2 0.4796875 0.49921875 0.01875 0.0109375
2 0.73984375 0.5265625 0.040625 0.0109375
2 0.93125 0.51640625 0.0171875 0.0078125
2 0.5421875 0.49609375 0.0140625 0.00625