2 0.38984375 0.66875 0.58125 0.1796875
2 0.31484375 0.5921875 0.409375 0.11875
2 0.2203125 0.515625 0.2046875 0.065625
2 0.20234375 0.49609375 0.1609375 0.0421875
2 0.2625 0.42734375 0.1609375 0.04375
2 0.37734375 0.4625 0.2640625 0.06875
2 0.196875 0.478125 0.140625 0.0390625
2 0.24921875 0.45390625 0.246875 0.08125
2 0.225 0.459375 0.1984375 0.0734375
2 0.44453125 0.8265625 0.7703125 0.346875
2 0.24296875 0.54609375 0.25625 0.075
2 0.35859375 0.4390625 0.2 0.0421875
4 0.75859375 0.61484375 0.015625 0.025
4 0.53125 0.5 0.01875 0.021875
2 0.2109375 0.46875 0.16875 0.0546875
2 0.053125 0.61953125 0.10625 0.1171875
2 0.05703125 0.5546875 0.1140625 0.078125
2 0.06171875 0.49296875 0.1234375 0.0546875
2 0.0625 0.475 0.125 0.0375
2 0.04765625 0.396875 0.0765625 0.0328125
2 0.0625 0.45859375 0.1234375 0.0375
2 0.06875 0.42734375 0.13125 0.065625
2 0.0671875 0.4375 0.1296875 0.0640625
2 0.06015625 0.51953125 0.1203125 0.0578125
4 0.9625 0.64375 0.015625 0.025
2 0.06484375 0.4484375 0.1265625 0.0484375