2 0.5609375 0.6921875 0.878125 0.38125
2 0.55703125 0.453125 0.8859375 0.46875
2 0.1015625 0.59296875 0.134375 0.05625
4 0.19140625 0.44453125 0.05 0.0953125
4 0.5515625 0.6546875 0.13125 0.134375
4 0.75625 0.5796875 0.06875 0.0734375
4 0.059375 0.5859375 0.021875 0.0265625
4 0.1015625 0.575 0.0203125 0.0203125
4 0.18671875 0.54921875 0.0125 0.0171875
2 0.19296875 0.55859375 0.0703125 0.028125
4 0.66796875 0.4 0.0234375 0.0296875
4 0.334375 0.32734375 0.0328125 0.0390625
4 0.3859375 0.3515625 0.0578125 0.0828125
4 0.63046875 0.2984375 0.04375 0.05
4 0.66875 0.3046875 0.040625 0.0734375
4 0.83203125 0.24296875 0.03125 0.0375
4 0.86015625 0.24453125 0.0328125 0.0375