4 0.1625 0.490625 0.115625 0.4125
4 0.22734375 0.446875 0.0765625 0.3015625
4 0.3359375 0.41875 0.0484375 0.1171875
4 0.2953125 0.39140625 0.021875 0.0484375
4 0.31015625 0.3734375 0.0078125 0.0234375
4 0.434375 0.51484375 0.0828125 0.334375
4 0.31875 0.3875 0.0140625 0.028125
4 0.26484375 0.44453125 0.0265625 0.059375
2 0.7515625 0.31875 0.0234375 0.00625
4 0.33046875 0.375 0.009375 0.0171875
4 0.02109375 0.6484375 0.0421875 0.41875
4 0.2046875 0.48984375 0.0765625 0.3109375
4 0.01640625 0.93203125 0.0328125 0.1171875