2 0.675 0.7953125 0.1578125 0.0578125
4 0.5078125 0.7328125 0.00625 0.009375
4 0.6 0.7234375 0.0046875 0.0078125
4 0.359375 0.74375 0.0046875 0.0109375
4 0.3671875 0.7453125 0.00625 0.009375
4 0.315625 0.7546875 0.003125 0.00625
4 0.3 0.7546875 0.0078125 0.0109375
4 0.26875 0.759375 0.003125 0.0078125
4 0.1359375 0.7671875 0.00625 0.0125
4 0.4578125 0.7390625 0.0046875 0.009375
4 0.16875 0.76875 0.0046875 0.0078125
4 0.2921875 0.7546875 0.0046875 0.0109375
4 0.08125 0.7796875 0.003125 0.00625
2 0.675 0.8703125 0.1578125 0.0578125
4 0.5078125 0.9328125 0.00625 0.009375
4 0.6 0.9421875 0.0046875 0.0078125
4 0.359375 0.921875 0.0046875 0.0109375
4 0.3671875 0.9203125 0.00625 0.009375
4 0.315625 0.9109375 0.003125 0.00625
4 0.3 0.9109375 0.0078125 0.0109375
4 0.26875 0.90625 0.003125 0.0078125
4 0.1359375 0.8984375 0.00625 0.0125
4 0.4578125 0.9265625 0.0046875 0.009375
4 0.16875 0.896875 0.0046875 0.0078125
4 0.2921875 0.9109375 0.0046875 0.0109375
4 0.08125 0.8859375 0.003125 0.00625