2 0.3375 0.428125 0.45 0.2328125
4 0.103125 0.5359375 0.0578125 0.190625
4 0.025 0.4984375 0.0484375 0.1046875
4 0.140625 0.51875 0.0328125 0.128125
4 0.053125 0.4859375 0.01875 0.0796875
4 0.1609375 0.4921875 0.0234375 0.0890625
4 0.296875 0.4828125 0.0390625 0.05625
2 0.3375 0.1046875 0.45 0.209375
2 0.3375 0.96484375 0.45 0.0703125
4 0.10234375 0.040625 0.0578125 0.08125
4 0.10234375 0.921875 0.0578125 0.15625
4 0.02421875 0.0375 0.0484375 0.075
4 0.02421875 0.96171875 0.0484375 0.0765625
4 0.13984375 0.03359375 0.0328125 0.0671875
4 0.13984375 0.94609375 0.0328125 0.1078125
4 0.053125 0.0375 0.01875 0.075
4 0.053125 0.97421875 0.01875 0.0515625
4 0.16015625 0.03671875 0.0234375 0.0734375
4 0.16015625 0.96875 0.0234375 0.0625
4 0.296875 0.0390625 0.0390625 0.05625
4 0.29609375 0.98203125 0.0390625 0.0359375