4 0.575 0.821875 0.01875 0.021875
4 0.54609375 0.8203125 0.03125 0.03125
4 0.59765625 0.81484375 0.015625 0.025
2 0.43125 0.753125 0.0234375 0.0140625
4 0.6078125 0.81953125 0.0125 0.0171875
4 0.24609375 0.85625 0.015625 0.0203125
1 0.46953125 0.71875 0.0984375 0.1578125
4 0.5890625 0.91171875 0.01875 0.021875
4 0.56171875 0.921875 0.03125 0.03125
4 0.6125 0.9109375 0.015625 0.025
4 0.62109375 0.903125 0.0125 0.0171875
4 0.265625 0.9796875 0.015625 0.0203125
1 0.5109375 0.98203125 0.08125 0.0359375