4 0.59765625 0.1984375 0.0515625 0.0625
4 0.63515625 0.1953125 0.0359375 0.046875
4 0.66875 0.19765625 0.025 0.0375
4 0.68515625 0.19140625 0.03125 0.053125
2 0.38046875 0.7484375 0.715625 0.39375
2 0.16953125 0.33359375 0.3390625 0.1796875
2 0.07109375 0.25546875 0.1421875 0.1390625
4 0.56484375 0.02109375 0.0515625 0.0421875
4 0.60078125 0.0125 0.0359375 0.025
4 0.6484375 0.00703125 0.03125 0.0140625
2 0.4171875 0.9234375 0.6875 0.153125
2 0.14296875 0.0796875 0.2859375 0.096875
2 0.06171875 0.14765625 0.1234375 0.1390625