2 0.515625 0.35625 0.090625 0.0203125
4 0.3453125 0.5140625 0.0390625 0.1171875
4 0.5046875 0.575 0.0390625 0.1734375
4 0.3234375 0.5125 0.0265625 0.1109375
4 0.665625 0.59375 0.059375 0.1703125
4 0.875 0.671875 0.09375 0.215625
4 0.171875 0.4359375 0.0328125 0.096875
4 0.23125 0.4125 0.0328125 0.0671875
4 0.01875 0.340625 0.01875 0.05
4 0.46875 0.4875 0.0296875 0.0875
4 0.1484375 0.3359375 0.015625 0.046875
4 0.4984375 0.34375 0.0140625 0.04375
4 0.1515625 0.4046875 0.01875 0.0453125
4 0.3 0.4703125 0.0203125 0.0859375
4 0.875 0.94296875 0.09375 0.1140625
4 0.01875 0.0078125 0.01875 0.015625
4 0.1484375 0.009375 0.015625 0.01875
4 0.49765625 0.0046875 0.0140625 0.009375