4 0.3953125 0.4109375 0.1046875 0.1765625
4 0.6125 0.634375 0.0328125 0.0796875
4 0.709375 0.659375 0.04375 0.0984375
4 0.64375 0.6296875 0.028125 0.075
4 0.9546875 0.8203125 0.0234375 0.034375
4 0.93125 0.7703125 0.0328125 0.0421875
4 0.671875 0.4125 0.04375 0.1125
4 0.6 0.7375 0.0625 0.0890625
4 0.6671875 0.7296875 0.0609375 0.09375
2 0.3390625 0.55625 0.028125 0.009375
4 0.540625 0.7546875 0.053125 0.0734375
2 0.675 0.5296875 0.0078125 0.0078125
4 0.959375 0.7859375 0.0171875 0.0390625
4 0.8796875 0.7453125 0.0390625 0.05625
4 0.7921875 0.7640625 0.034375 0.03125
4 0.9546875 0.9296875 0.0234375 0.034375
4 0.93046875 0.97890625 0.0328125 0.0421875
4 0.6 0.98359375 0.0625 0.0328125
4 0.66640625 0.98671875 0.0609375 0.0265625
4 0.540625 0.97890625 0.053125 0.0421875
4 0.959375 0.9640625 0.0171875 0.0390625
4 0.87890625 0.98828125 0.0390625 0.0234375
4 0.7921875 0.98515625 0.034375 0.0296875