2 0.67265625 0.5609375 0.1171875 0.059375
4 0.671875 0.55390625 0.025 0.021875
4 0.68515625 0.47421875 0.0109375 0.025
4 0.378125 0.42109375 0.0078125 0.0171875
4 0.35625 0.42109375 0.0109375 0.021875
4 0.709375 0.5578125 0.025 0.0203125
4 0.69296875 0.55390625 0.01875 0.0234375
4 0.6375 0.53359375 0.0171875 0.0234375
4 0.6515625 0.5453125 0.0171875 0.0171875
4 0.70390625 0.55390625 0.009375 0.0140625
4 0.3640625 0.42421875 0.0109375 0.0203125
4 0.3828125 0.4234375 0.009375 0.0140625
4 0.68359375 0.55234375 0.0140625 0.0203125
2 0.4875 0.46640625 0.0265625 0.01875
4 0.66171875 0.54765625 0.0125 0.021875
2 0.95546875 0.6 0.075 0.053125
4 0.97890625 0.596875 0.025 0.021875
4 0.98828125 0.51640625 0.0109375 0.025
4 0.94140625 0.590625 0.025 0.0203125
4 0.95859375 0.59140625 0.01875 0.0234375
4 0.9484375 0.58828125 0.009375 0.0140625
4 0.96796875 0.59296875 0.0140625 0.0203125
4 0.98828125 0.59296875 0.009375 0.0203125