2 0.55546875 0.421875 0.259375 0.1875
2 0.38125 0.40234375 0.1453125 0.178125
2 0.76328125 0.52421875 0.0859375 0.046875
4 0.871875 0.61875 0.040625 0.0890625
4 0.27421875 0.48984375 0.0234375 0.0515625
4 0.59296875 0.51484375 0.025 0.0453125
4 0.90234375 0.55859375 0.0203125 0.040625
4 0.9703125 0.515625 0.0203125 0.0296875
4 0.62734375 0.49453125 0.015625 0.0359375
4 0.215625 0.459375 0.0140625 0.03125
4 0.0828125 0.42890625 0.0109375 0.0265625
4 0.04609375 0.4203125 0.0125 0.021875
4 0.4953125 0.48046875 0.015625 0.0296875
4 0.075 0.428125 0.0140625 0.028125
4 0.8484375 0.615625 0.04375 0.0875
4 0.9203125 0.55546875 0.021875 0.0484375