2 0.23046875 0.790625 0.3453125 0.1609375
2 0.88359375 0.6640625 0.1765625 0.1140625
2 0.615625 0.6453125 0.1375 0.096875
2 0.96015625 0.60625 0.0796875 0.078125
2 0.58671875 0.7453125 0.4296875 0.2
2 0.70703125 0.64921875 0.0859375 0.059375
2 0.784375 0.63203125 0.0953125 0.0828125
4 0.846875 0.64609375 0.0171875 0.0296875
2 0.24453125 0.9265625 0.3453125 0.146875
2 0.909375 0.91640625 0.175 0.103125
2 0.64921875 0.9703125 0.1328125 0.046875
2 0.978125 0.93828125 0.04375 0.0328125
2 0.60390625 0.9015625 0.4296875 0.196875
2 0.73984375 0.96171875 0.084375 0.0390625
2 0.81796875 0.953125 0.090625 0.0421875
4 0.878125 0.946875 0.0171875 0.0296875