4 0.49765625 0.609375 0.4546875 0.321875
4 0.96171875 0.484375 0.0765625 0.0875
4 0.92421875 0.43671875 0.15 0.1078125
4 0.3328125 0.21328125 0.1484375 0.15
4 0.065625 0.23515625 0.05 0.06875
4 0.66328125 0.34140625 0.0265625 0.040625
4 0.80546875 0.3859375 0.0359375 0.0453125
4 0.78515625 0.38203125 0.034375 0.059375
2 0.89609375 0.5890625 0.19375 0.090625
4 0.87578125 0.40859375 0.025 0.0390625
4 0.846875 0.403125 0.0265625 0.0296875
4 0.10546875 0.26640625 0.0484375 0.040625
4 0.13203125 0.26875 0.0421875 0.0375
4 0.06953125 0.26171875 0.053125 0.046875
4 0.421875 0.94453125 0.41875 0.1109375
4 0.9625 0.1046875 0.075 0.05
4 0.36953125 0.05703125 0.1484375 0.1140625
4 0.7234375 0.05703125 0.0265625 0.040625
4 0.8703125 0.08125 0.0328125 0.03125
4 0.8484375 0.08046875 0.0296875 0.0390625
4 0.9421875 0.090625 0.0203125 0.01875
4 0.91484375 0.0828125 0.0234375 0.015625