2 0.8890625 0.5171875 0.2171875 0.065625
2 0.7234375 0.546875 0.1125 0.0328125
2 0.984375 0.46875 0.03125 0.0296875
2 0.3265625 0.475 0.0359375 0.0265625
2 0.4421875 0.459375 0.0234375 0.009375
2 0.94375 0.4640625 0.071875 0.0296875
2 0.7921875 0.4765625 0.059375 0.015625
2 0.7953125 0.4546875 0.040625 0.0140625
4 0.0828125 0.659375 0.0375 0.1015625
4 0.04375 0.6515625 0.040625 0.096875
2 0.3640625 0.4578125 0.046875 0.0171875
2 0.5 0.4203125 0.0390625 0.075
2 0.628125 0.4609375 0.04375 0.0296875
2 0.540625 0.4484375 0.0546875 0.025
2 0.759375 0.45625 0.0625 0.015625
2 0.1203125 0.4796875 0.0328125 0.015625