2 0.4875 0.57890625 0.5453125 0.290625
2 0.0546875 0.490625 0.109375 0.05
4 0.5203125 0.6125 0.034375 0.028125
4 0.63125 0.621875 0.0140625 0.0234375
4 0.5953125 0.61953125 0.015625 0.025
4 0.6078125 0.61953125 0.0203125 0.021875
4 0.5765625 0.61796875 0.0140625 0.025
4 0.56484375 0.61796875 0.015625 0.0265625
4 0.534375 0.61484375 0.015625 0.0234375
4 0.5515625 0.6140625 0.01875 0.025
4 0.55625 0.60234375 0.0125 0.01875
4 0.7078125 0.60546875 0.0265625 0.0546875
4 0.6375 0.62109375 0.0140625 0.01875
4 0.5796875 0.6171875 0.0078125 0.021875
4 0.56953125 0.61875 0.0078125 0.015625
2 0.8421875 0.6171875 0.0484375 0.0203125