4 0.16484375 0.4796875 0.0203125 0.0453125
4 0.65234375 0.42578125 0.009375 0.009375
2 0.6578125 0.42109375 0.084375 0.040625
2 0.3921875 0.5140625 0.4015625 0.0984375
2 0.41796875 0.44765625 0.3046875 0.053125
2 0.42578125 0.41328125 0.1484375 0.0328125
2 0.33359375 0.7015625 0.1609375 0.2234375
2 0.9421875 0.45078125 0.115625 0.0609375
2 0.83984375 0.4484375 0.08125 0.0125
2 0.3953125 0.58515625 0.2125 0.13125
2 0.38984375 0.42890625 0.271875 0.04375
2 0.4421875 0.42265625 0.16875 0.034375
2 0.728125 0.42265625 0.0703125 0.028125
2 0.43359375 0.471875 0.3765625 0.065625
2 0.9640625 0.4671875 0.071875 0.053125
2 0.315625 0.90078125 0.1578125 0.18125