2 0.5109375 0.5265625 0.8234375 0.0828125
4 0.2078125 0.4703125 0.090625 0.1421875
4 0.7671875 0.4359375 0.0640625 0.15
4 0.3796875 0.475 0.0765625 0.0734375
4 0.5875 0.49375 0.078125 0.0671875
4 0.6015625 0.4625 0.1 0.08125
4 0.6625 0.4921875 0.0671875 0.05625
4 0.334375 0.49375 0.090625 0.0984375
4 0.425 0.50625 0.0828125 0.0609375
4 0.5125 0.5046875 0.0765625 0.0515625
4 0.5359375 0.471875 0.0859375 0.065625
3 0.4375 0.440625 0.01875 0.0140625
3 0.0453125 0.4171875 0.0171875 0.0109375
3 0.88125 0.46875 0.0203125 0.015625
3 0.8578125 0.3015625 0.0125 0.0078125
4 0.76640625 0.01796875 0.0640625 0.0359375
3 0.8578125 0.0953125 0.0125 0.0078125