2 0.546875 0.59453125 0.2546875 0.0984375
2 0.18984375 0.53828125 0.1609375 0.0546875
2 0.37578125 0.578125 0.0796875 0.0234375
2 0.3421875 0.56953125 0.071875 0.0203125
4 0.890625 0.60859375 0.03125 0.0578125
4 0.6890625 0.5984375 0.0328125 0.071875
4 0.32890625 0.52578125 0.015625 0.0375
4 0.7625 0.51171875 0.0296875 0.0625
4 0.2671875 0.52109375 0.01875 0.046875
4 0.1609375 0.52734375 0.0171875 0.01875
4 0.48984375 0.55390625 0.0390625 0.065625
2 0.8640625 0.61171875 0.25625 0.0765625
2 0.5734375 0.5203125 0.3703125 0.184375
2 0.325 0.56640625 0.075 0.0234375
4 0.175 0.52578125 0.0109375 0.009375
2 0.37421875 0.5625 0.034375 0.01875