2 0.5953125 0.6375 0.7875 0.2640625
2 0.58828125 0.51328125 0.396875 0.1765625
2 0.1203125 0.65078125 0.0703125 0.0359375
2 0.05625 0.6640625 0.0671875 0.0546875
2 0.2125 0.6265625 0.0328125 0.028125
4 0.57890625 0.5703125 0.184375 0.1640625
2 0.22578125 0.628125 0.11875 0.0390625
2 0.975 0.4515625 0.05 0.040625
2 0.88828125 0.47421875 0.0859375 0.0359375
2 0.79921875 0.48671875 0.084375 0.04375
2 0.2671875 0.61953125 0.0375 0.015625
2 0.090625 0.65859375 0.0296875 0.0265625
2 0.9359375 0.4671875 0.0484375 0.0234375