2 0.8359375 0.35703125 0.1078125 0.0640625
2 0.63359375 0.303125 0.084375 0.059375
4 0.43125 0.62421875 0.1890625 0.3546875
4 0.31171875 0.6046875 0.215625 0.321875
4 0.24140625 0.55234375 0.1875 0.3375
4 0.546875 0.66953125 0.2296875 0.3484375
2 0.159375 0.3875 0.2484375 0.1921875
4 0.9125 0.8140625 0.11875 0.3125
2 0.54375 0.28203125 0.128125 0.0734375
2 0.3921875 0.721875 0.5921875 0.225
4 0.35 0.64453125 0.09375 0.128125
2 0.71640625 0.33984375 0.125 0.0453125
4 0.5578125 0.2890625 0.090625 0.1078125
2 0.328125 0.93203125 0.58125 0.1359375