2 0.7875 0.275 0.1015625 0.0390625
2 0.578125 0.275 0.0765625 0.040625
4 0.465625 0.6375 0.1046875 0.3390625
4 0.3453125 0.65 0.1453125 0.29375
4 0.2640625 0.6171875 0.1078125 0.3203125
4 0.5890625 0.6515625 0.1515625 0.3203125
2 0.1421875 0.4796875 0.2203125 0.140625
4 0.9796875 0.696875 0.0390625 0.3125
2 0.4859375 0.278125 0.1203125 0.04375
2 0.453125 0.7421875 0.59375 0.0734375
4 0.3921875 0.678125 0.065625 0.115625
2 0.6671875 0.2890625 0.1265625 0.0125
4 0.5015625 0.28125 0.06875 0.09375
2 0.9875 0.290625 0.0234375 0.009375
4 0.97890625 0.9484375 0.0390625 0.103125
2 0.453125 0.98515625 0.59375 0.0296875