4 0.0234375 0.51796875 0.0234375 0.028125
4 0.36484375 0.4796875 0.021875 0.0234375
4 0.1015625 0.515625 0.0359375 0.03125
4 0.1421875 0.515625 0.034375 0.0296875
4 0.1796875 0.5140625 0.0359375 0.0296875
4 0.2578125 0.51171875 0.0328125 0.03125
4 0.28828125 0.49140625 0.0328125 0.021875
4 0.19765625 0.49296875 0.021875 0.0203125
4 0.42421875 0.48359375 0.0375 0.021875
4 0.46171875 0.4859375 0.021875 0.0140625
2 0.48984375 0.4875 0.3125 0.046875
2 0.7015625 0.46015625 0.2484375 0.028125
2 0.66796875 0.4203125 0.046875 0.0171875
2 0.4375 0.45078125 0.2140625 0.025
2 0.31171875 0.4328125 0.1296875 0.021875
2 0.36171875 0.478125 0.2765625 0.0296875
2 0.17734375 0.534375 0.353125 0.040625
2 0.2265625 0.50625 0.3453125 0.04375
4 0.22421875 0.4921875 0.0359375 0.021875
4 0.15703125 0.49296875 0.0375 0.0234375
4 0.646875 0.45390625 0.015625 0.0171875