2 0.38671875 0.60703125 0.3875 0.16875
2 0.8109375 0.5 0.328125 0.4234375
2 0.1671875 0.378125 0.33125 0.3734375
2 0.48125 0.546875 0.0515625 0.0265625
2 0.36953125 0.51015625 0.1078125 0.05625
2 0.04765625 0.4578125 0.0953125 0.075
4 0.7078125 0.6203125 0.0203125 0.021875
3 0.10703125 0.5359375 0.028125 0.0234375
3 0.26484375 0.53046875 0.0125 0.009375
3 0.2671875 0.55546875 0.0203125 0.015625
3 0.07734375 0.46953125 0.009375 0.009375
3 0.50703125 0.59453125 0.0171875 0.0203125
3 0.58203125 0.61796875 0.0140625 0.0109375
3 0.5953125 0.67890625 0.040625 0.0359375
3 0.8859375 0.696875 0.0234375 0.021875
3 0.86953125 0.69921875 0.0078125 0.0078125
3 0.9484375 0.66796875 0.00625 0.0078125
3 0.865625 0.640625 0.0078125 0.00625
3 0.44140625 0.5375 0.0109375 0.0078125
3 0.52890625 0.5609375 0.009375 0.0078125