4 0.66875 0.45625 0.3796875 0.3875
2 0.9640625 0.159375 0.0375 0.015625
4 0.8421875 0.246875 0.10625 0.1765625
4 0.75 0.3046875 0.165625 0.2234375
4 0.946875 0.2421875 0.1046875 0.1828125
4 0.8765625 0.2109375 0.08125 0.140625
4 0.940625 0.34375 0.1171875 0.196875
4 0.9140625 0.1828125 0.0703125 0.0875
4 0.4203125 0.5671875 0.4203125 0.596875
2 0.9640625 0.090625 0.0375 0.015625
4 0.8421875 0.0453125 0.10625 0.090625
4 0.75 0.028125 0.165625 0.05625
4 0.94609375 0.04921875 0.1046875 0.0984375
4 0.8765625 0.0546875 0.08125 0.109375
4 0.9140625 0.0671875 0.0703125 0.0875