4 0.77890625 0.63125 0.0390625 0.04375
4 0.56640625 0.628125 0.0265625 0.0421875
4 0.92890625 0.6203125 0.0375 0.0328125
4 0.4 0.609375 0.0234375 0.0328125
4 0.8296875 0.61328125 0.046875 0.08125
4 0.7734375 0.6640625 0.0265625 0.05
4 0.859375 0.51875 0.00625 0.0234375
4 0.8390625 0.525 0.0109375 0.021875
4 0.32578125 0.54375 0.00625 0.0296875
4 0.96015625 0.65 0.028125 0.0796875
4 0.87578125 0.621875 0.0328125 0.0453125
2 0.26484375 0.56484375 0.0609375 0.0203125
4 0.85703125 0.6359375 0.021875 0.0546875
4 0.4078125 0.5203125 0.003125 0.0109375
4 0.7765625 0.7875 0.0390625 0.04375
4 0.5640625 0.78359375 0.0265625 0.0421875
4 0.92578125 0.8046875 0.0375 0.0328125
4 0.39609375 0.796875 0.0234375 0.0328125
4 0.8390625 0.015625 0.0453125 0.021875
4 0.82578125 0.80703125 0.046875 0.08125
4 0.771875 0.7546875 0.0265625 0.05
4 0.86640625 0.08125 0.00625 0.0234375
4 0.85234375 0.903125 0.00625 0.0234375
4 0.846875 0.075 0.0109375 0.021875
4 0.83203125 0.89609375 0.0109375 0.021875
4 0.334375 0.0375 0.00625 0.0296875
4 0.3203125 0.859375 0.00625 0.0296875
4 0.9578125 0.775 0.028125 0.0796875
4 0.87265625 0.8 0.0328125 0.0453125
2 0.27421875 0.01484375 0.0609375 0.0203125
2 0.259375 0.83671875 0.0609375 0.0203125
4 0.8546875 0.7859375 0.021875 0.0546875
4 0.415625 0.0640625 0.003125 0.0109375
4 0.40078125 0.8859375 0.003125 0.0109375