2 0.33515625 0.5703125 0.1109375 0.0875
2 0.23984375 0.58359375 0.16875 0.11875
2 0.60546875 0.4375 0.1046875 0.2859375
2 0.7046875 0.4515625 0.0890625 0.0890625
2 0.81875 0.42734375 0.1484375 0.246875
2 0.92265625 0.4859375 0.1546875 0.103125
2 0.4609375 0.5140625 0.0515625 0.0453125
2 0.52109375 0.5140625 0.040625 0.025
2 0.4875 0.51171875 0.0296875 0.0234375
2 0.42109375 0.57109375 0.09375 0.0734375
2 0.06328125 0.61875 0.109375 0.084375
2 0.61640625 0.4859375 0.071875 0.0515625
2 0.65703125 0.484375 0.040625 0.0328125