4 0.6671875 0.45 0.39375 0.4
2 0.9515625 0.14375 0.0375 0.0171875
4 0.8328125 0.23515625 0.1125 0.1796875
4 0.74296875 0.29609375 0.1734375 0.2296875
4 0.9375 0.2265625 0.1109375 0.1859375
4 0.86640625 0.19765625 0.0859375 0.14375
4 0.93515625 0.328125 0.1234375 0.2015625
4 0.903125 0.16875 0.0734375 0.090625
4 0.42265625 0.5703125 0.440625 0.6109375
2 0.94921875 0.075 0.0375 0.0171875
4 0.825 0.03984375 0.109375 0.0796875
4 0.73359375 0.025 0.1671875 0.05
4 0.93046875 0.0421875 0.1078125 0.084375
4 0.8609375 0.04921875 0.084375 0.0984375
4 0.8984375 0.053125 0.0734375 0.090625