2 0.46640625 0.32421875 0.459375 0.609375
4 0.53125 0.47890625 0.2109375 0.2953125
4 0.4890625 0.1640625 0.0765625 0.115625
4 0.503125 0.18984375 0.053125 0.075
4 0.38125 0.14375 0.1046875 0.146875
4 0.4796875 0.05 0.075 0.1
4 0.51640625 0.1125 0.084375 0.096875
4 0.571875 0.30859375 0.171875 0.2296875
4 0.5984375 0.1171875 0.03125 0.0265625
4 0.43984375 0.11640625 0.096875 0.1515625
4 0.49609375 0.315625 0.0921875 0.109375
4 0.52890625 0.2546875 0.071875 0.1109375
4 0.53515625 0.19609375 0.0515625 0.0640625
4 0.42734375 0.3125 0.0953125 0.103125
2 0.09453125 0.25078125 0.1890625 0.5015625
4 0.12421875 0.07890625 0.096875 0.1453125