4 0.05234375 0.790625 0.009375 0.021875
4 0.78203125 0.80625 0.0234375 0.0390625
4 0.50546875 0.7984375 0.0125 0.01875
4 0.30703125 0.790625 0.0046875 0.0109375
2 0.71328125 0.81015625 0.01875 0.0078125
4 0.71328125 0.80390625 0.0046875 0.009375
4 0.33671875 0.7953125 0.015625 0.015625
4 0.29453125 0.79296875 0.0109375 0.0109375
4 0.09296875 0.78984375 0.009375 0.021875
4 0.83828125 0.809375 0.0109375 0.009375
4 0.59609375 0.8015625 0.0125 0.0296875
4 0.05 0.94375 0.009375 0.021875
4 0.7796875 0.953125 0.0234375 0.0390625
4 0.503125 0.9515625 0.0125 0.01875
4 0.3046875 0.953125 0.0046875 0.0109375
2 0.7109375 0.94765625 0.01875 0.0078125
4 0.7109375 0.95390625 0.0046875 0.009375
4 0.334375 0.9484375 0.015625 0.015625
4 0.2921875 0.94921875 0.0109375 0.0109375
4 0.090625 0.94609375 0.009375 0.021875
4 0.8359375 0.953125 0.0109375 0.009375
4 0.59375 0.9515625 0.0125 0.0296875