2 0.653125 0.234375 0.69375 0.146875
2 0.4515625 0.49609375 0.05625 0.0296875
4 0.5015625 0.409375 0.0328125 0.0359375
4 0.27421875 0.38046875 0.0203125 0.0234375
4 0.1609375 0.4 0.03125 0.0328125
4 0.84296875 0.5375 0.046875 0.0640625
4 0.05859375 0.6484375 0.1171875 0.209375
2 0.9640625 0.6140625 0.0671875 0.040625
2 0.840625 0.571875 0.05625 0.0390625
2 0.271875 0.39453125 0.034375 0.015625
2 0.5015625 0.421875 0.03125 0.009375
2 0.1640625 0.415625 0.0234375 0.0125
2 0.03203125 0.28828125 0.015625 0.0078125
4 0.459375 0.47890625 0.053125 0.04375
2 0.6546875 0.1 0.690625 0.146875
4 0.05546875 0.94375 0.1109375 0.096875
2 0.0359375 0.0265625 0.015625 0.0078125