2 0.6890625 0.534375 0.040625 0.0171875
2 0.7703125 0.515625 0.0203125 0.00625
2 0.3921875 0.50625 0.065625 0.0109375
2 0.6671875 0.5171875 0.0421875 0.0140625
2 0.6546875 0.496875 0.0375 0.021875
2 0.8390625 0.5125 0.0359375 0.0125
2 0.878125 0.53125 0.0203125 0.0078125
2 0.8953125 0.5171875 0.01875 0.0046875
2 0.9328125 0.5203125 0.021875 0.0046875
2 0.9578125 0.53125 0.0125 0.0078125
2 0.546875 0.515625 0.0203125 0.0046875
2 0.51875 0.503125 0.05625 0.01875
2 0.7265625 0.521875 0.009375 0.0078125