2 0.3875 0.7171875 0.1765625 0.0859375
2 0.7359375 0.73515625 0.1078125 0.065625
2 0.1515625 0.70546875 0.146875 0.0578125
2 0.88359375 0.75390625 0.08125 0.0375
2 0.69921875 0.7125 0.090625 0.0375
2 0.49609375 0.70234375 0.0640625 0.015625
2 0.80859375 0.73046875 0.04375 0.05625
2 0.01640625 0.67734375 0.0328125 0.0453125
2 0.49453125 0.68984375 0.065625 0.0265625
2 0.584375 0.71171875 0.1171875 0.053125
2 0.909375 0.715625 0.0140625 0.009375
2 0.4265625 0.67578125 0.0984375 0.05
2 0.9625 0.7625 0.0296875 0.0484375
2 0.4890625 0.70625 0.978125 0.203125
2 0.125 0.95703125 0.14375 0.028125