2 0.32890625 0.6171875 0.078125 0.071875
2 0.17109375 0.65390625 0.04375 0.01875
4 0.4984375 0.7078125 0.071875 0.13125
4 0.32109375 0.66015625 0.0265625 0.05
4 0.91328125 0.60859375 0.1046875 0.128125
4 0.7953125 0.63671875 0.0484375 0.1328125
4 0.32734375 0.7890625 0.109375 0.190625
4 0.0953125 0.753125 0.0578125 0.1296875
4 0.22265625 0.68984375 0.0421875 0.0703125
4 0.421875 0.725 0.06875 0.159375
4 0.51328125 0.65703125 0.0390625 0.090625
4 0.5375 0.653125 0.0515625 0.096875
4 0.3765625 0.71171875 0.059375 0.1421875
2 0.18828125 0.6 0.028125 0.0109375
2 0.46640625 0.575 0.0796875 0.0375
2 0.45625 0.60625 0.1671875 0.0453125
2 0.42421875 0.57734375 0.0578125 0.0328125
2 0.1203125 0.6 0.0203125 0.0078125
2 0.36328125 0.5890625 0.01875 0.0046875
2 0.2109375 0.584375 0.0109375 0.00625
2 0.15625 0.59765625 0.0171875 0.0109375
2 0.24921875 0.5734375 0.009375 0.00625
2 0.25859375 0.5828125 0.015625 0.0125
4 0.86015625 0.58828125 0.0734375 0.153125
4 0.67890625 0.6484375 0.0890625 0.1828125
4 0.53046875 0.9703125 0.0640625 0.059375
4 0.34765625 0.93671875 0.1046875 0.1265625
4 0.4515625 0.96328125 0.059375 0.0734375
4 0.40859375 0.98046875 0.0484375 0.0390625
4 0.71640625 0.95546875 0.0734375 0.0515625