2 0.3296875 0.49453125 0.290625 0.128125
4 0.61015625 0.51328125 0.0109375 0.0140625
4 0.63984375 0.51171875 0.0078125 0.0140625
4 0.70703125 0.5140625 0.0125 0.0171875
4 0.74453125 0.51875 0.0125 0.0171875
4 0.76015625 0.52578125 0.015625 0.034375
4 0.78125 0.53046875 0.0171875 0.0421875
4 0.8328125 0.5375 0.0203125 0.0375
4 0.88828125 0.525 0.0171875 0.0265625
4 0.97265625 0.5328125 0.015625 0.015625
4 0.68515625 0.5265625 0.0125 0.0328125
4 0.7328125 0.53125 0.0140625 0.0328125
4 0.92421875 0.528125 0.009375 0.0109375
4 0.85390625 0.525 0.0109375 0.015625