2 0.228125 0.5328125 0.096875 0.0359375
2 0.384375 0.5078125 0.05625 0.0875
2 0.4375 0.5078125 0.0625 0.0890625
2 0.4875 0.521875 0.046875 0.053125
2 0.54375 0.5921875 0.0546875 0.0515625
2 0.121875 0.525 0.078125 0.0375
2 0.3015625 0.5203125 0.0421875 0.04375
2 0.340625 0.525 0.0375 0.0421875
2 0.5125 0.5328125 0.0171875 0.0265625
2 0.5234375 0.5140625 0.05 0.0375
2 0.065625 0.525 0.075 0.021875
2 0.28125 0.5109375 0.05 0.034375
2 0.18125 0.53125 0.0484375 0.0296875
2 0.621875 0.51875 0.0546875 0.0375
2 0.228125 0.0171875 0.096875 0.034375
2 0.228125 0.9171875 0.096875 0.0359375
2 0.384375 0.04296875 0.05625 0.0859375
2 0.384375 0.9421875 0.05625 0.0875
2 0.4375 0.04296875 0.0625 0.0859375
2 0.4375 0.9421875 0.0625 0.0890625
2 0.4875 0.028125 0.046875 0.053125
2 0.4875 0.928125 0.046875 0.053125
2 0.54375 0.8578125 0.0546875 0.0515625
2 0.121875 0.025 0.078125 0.0375
2 0.121875 0.925 0.078125 0.0375
2 0.3015625 0.0296875 0.0421875 0.04375
2 0.3015625 0.9296875 0.0421875 0.04375
2 0.340625 0.025 0.0375 0.0421875
2 0.340625 0.925 0.0375 0.0421875
2 0.5125 0.0171875 0.0171875 0.0265625
2 0.5125 0.9171875 0.0171875 0.0265625
2 0.5234375 0.0359375 0.05 0.0375
2 0.5234375 0.9359375 0.05 0.0375
2 0.065625 0.025 0.075 0.021875
2 0.065625 0.925 0.075 0.021875
2 0.28125 0.0390625 0.05 0.034375
2 0.28125 0.9390625 0.05 0.034375
2 0.18125 0.01875 0.0484375 0.0296875
2 0.18125 0.91875 0.0484375 0.0296875
2 0.621875 0.03125 0.0546875 0.0375
2 0.621875 0.93125 0.0546875 0.0375