2 0.73359375 0.471875 0.159375 0.0671875
2 0.6890625 0.384375 0.025 0.0125
2 0.83671875 0.4234375 0.09375 0.0453125
2 0.7671875 0.44140625 0.1359375 0.065625
4 0.53671875 0.31875 0.0140625 0.028125
4 0.63671875 0.32734375 0.0078125 0.0140625
2 0.87890625 0.41640625 0.075 0.0359375
2 0.98359375 0.43515625 0.0328125 0.0265625
2 0.7078125 0.3859375 0.03125 0.01875
2 0.98359375 0.46484375 0.0328125 0.0328125
2 0.98359375 0.42734375 0.0328125 0.0234375
4 0.5828125 0.02578125 0.0140625 0.028125
4 0.68046875 0.04921875 0.0078125 0.0140625