2 0.5609375 0.471875 0.8765625 0.3734375
4 0.2921875 0.7125 0.0875 0.24375
4 0.4359375 0.6234375 0.0328125 0.09375
4 0.171875 0.696875 0.0921875 0.2515625
4 0.4796875 0.6140625 0.025 0.065625
4 0.45625 0.6109375 0.0140625 0.0640625
4 0.4953125 0.60625 0.0140625 0.0546875
4 0.4140625 0.6265625 0.0265625 0.0546875
4 0.4125 0.59375 0.01875 0.04375
4 0.521875 0.6046875 0.0203125 0.0203125
4 0.503125 0.6125 0.0109375 0.046875
4 0.2921875 0.9171875 0.0875 0.165625
4 0.17109375 0.92265625 0.0921875 0.1546875