2 0.4125 0.47265625 0.178125 0.103125
2 0.234375 0.3484375 0.46875 0.2875
2 0.58671875 0.2609375 0.3421875 0.215625
2 0.17890625 0.6140625 0.2046875 0.1234375
2 0.684375 0.6578125 0.63125 0.340625
2 0.87578125 0.3546875 0.2328125 0.1875
2 0.59921875 0.6953125 0.6609375 0.33125
2 0.921875 0.2734375 0.1 0.0765625
2 0.840625 0.50625 0.31875 0.1875
2 0.33046875 0.3109375 0.5390625 0.321875
2 0.72421875 0.61171875 0.5515625 0.3203125
2 0.12578125 0.59921875 0.2359375 0.178125
2 0.49140625 0.2875 0.36875 0.2375
3 0.71328125 0.3671875 0.034375 0.03125
2 0.21015625 0.11484375 0.4203125 0.2109375
2 0.5484375 0.071875 0.3375 0.14375
2 0.70859375 0.88515625 0.5828125 0.2296875
2 0.63671875 0.8859375 0.6484375 0.228125
2 0.29453125 0.11875 0.5265625 0.2375
2 0.75546875 0.90234375 0.4890625 0.1953125
2 0.4515625 0.08125 0.359375 0.1625