2 0.81953125 0.62265625 0.25625 0.2296875
2 0.52109375 0.715625 0.265625 0.1140625
4 0.31875 0.7625 0.0765625 0.0875
4 0.54140625 0.72109375 0.0375 0.0671875
4 0.9421875 0.61171875 0.1015625 0.184375
4 0.57578125 0.71796875 0.034375 0.0609375
4 0.98359375 0.62421875 0.0328125 0.1171875
4 0.884375 0.584375 0.0296875 0.0296875
4 0.67421875 0.7078125 0.0140625 0.0203125
4 0.6828125 0.703125 0.015625 0.025
4 0.59453125 0.7 0.0171875 0.021875
4 0.959375 0.65390625 0.06875 0.0953125
2 0.86953125 0.88125 0.240625 0.1515625
2 0.565625 0.94375 0.265625 0.1125
4 0.36015625 0.96640625 0.0765625 0.0671875
4 0.5828125 0.9328125 0.0375 0.0671875
4 0.971875 0.85546875 0.05625 0.1265625
4 0.615625 0.9234375 0.034375 0.0609375
4 0.71015625 0.8953125 0.0140625 0.0203125
4 0.7203125 0.896875 0.015625 0.025
4 0.63984375 0.9328125 0.0171875 0.021875
4 0.98046875 0.83828125 0.0390625 0.0953125