2 0.18359375 0.61640625 0.140625 0.05625
2 0.265625 0.590625 0.3046875 0.103125
4 0.23671875 0.5734375 0.021875 0.040625
4 0.20859375 0.59140625 0.025 0.040625
4 0.35234375 0.5328125 0.028125 0.04375
4 0.453125 0.53359375 0.0140625 0.015625
4 0.60546875 0.47734375 0.00625 0.0109375
4 0.58984375 0.48046875 0.0078125 0.0125
2 0.475 0.5375 0.0734375 0.0296875
2 0.60078125 0.55390625 0.14375 0.0859375
2 0.56640625 0.48828125 0.025 0.025
4 0.3765625 0.53671875 0.0296875 0.0546875
4 0.47265625 0.53515625 0.0125 0.0140625
4 0.3234375 0.56171875 0.021875 0.021875
4 0.265625 0.56875 0.0203125 0.015625
2 0.6484375 0.4703125 0.053125 0.0234375
4 0.81015625 0.57734375 0.165625 0.3828125
4 0.21875 0.56640625 0.0125 0.0171875
4 0.2921875 0.5640625 0.0390625 0.034375
4 0.87109375 0.84140625 0.1203125 0.18125