2 0.4328125 0.3625 0.8171875 0.378125
4 0.509375 0.5390625 0.0578125 0.153125
4 0.4359375 0.5515625 0.0609375 0.1859375
4 0.5421875 0.5171875 0.0453125 0.1203125
4 0.8078125 0.546875 0.146875 0.2953125
4 0.6390625 0.4875 0.0203125 0.075
4 0.3953125 0.3609375 0.0203125 0.0328125
4 0.646875 0.325 0.034375 0.021875
4 0.5640625 0.48125 0.021875 0.065625
4 0.65625 0.46875 0.01875 0.0640625
4 0.7046875 0.3734375 0.021875 0.025
4 0.7203125 0.375 0.01875 0.0265625
4 0.5 0.3609375 0.03125 0.040625
4 0.6078125 0.53125 0.0921875 0.2265625
4 0.509375 0.40625 0.68125 0.1328125
2 0.43203125 0.07421875 0.8171875 0.1484375
4 0.646875 0.00390625 0.034375 0.0078125