2 0.909375 0.77734375 0.08125 0.0296875
2 0.79375 0.5421875 0.059375 0.0234375
2 0.35390625 0.60390625 0.040625 0.0078125
2 0.74921875 0.5390625 0.025 0.0375
4 0.8421875 0.74296875 0.0296875 0.0390625
4 0.72265625 0.60546875 0.0203125 0.0125
4 0.72109375 0.59375 0.01875 0.009375
4 0.19609375 0.58125 0.0390625 0.015625
4 0.8875 0.746875 0.0484375 0.0421875
4 0.3453125 0.5953125 0.053125 0.0203125
2 0.03203125 0.46640625 0.053125 0.0171875
4 0.671875 0.6015625 0.0125 0.0140625
4 0.69453125 0.58984375 0.0078125 0.0046875
2 0.98984375 0.575 0.00625 0.009375
2 0.653125 0.59921875 0.009375 0.00625
2 0.46015625 0.50234375 0.0171875 0.0140625
4 0.8640625 0.75859375 0.0390625 0.0421875
4 0.478125 0.5703125 0.015625 0.009375
4 0.78125 0.603125 0.0140625 0.0171875
4 0.90390625 0.61953125 0.028125 0.015625
4 0.840625 0.6046875 0.0140625 0.0109375