2 0.4703125 0.77109375 0.3578125 0.140625
2 0.64921875 0.7203125 0.1140625 0.103125
2 0.765625 0.69296875 0.06875 0.0640625
2 0.29375 0.740625 0.1921875 0.059375
2 0.69765625 0.69609375 0.328125 0.096875
2 0.4375 0.46171875 0.234375 0.565625
2 0.71640625 0.7046875 0.115625 0.0828125
2 0.5265625 0.690625 0.065625 0.0171875
2 0.07890625 0.82578125 0.0875 0.103125
2 0.95390625 0.66640625 0.06875 0.0640625
2 0.115625 0.76484375 0.16875 0.05625
2 0.92734375 0.66171875 0.1453125 0.0765625
2 0.97265625 0.66640625 0.0546875 0.0796875