2 0.4296875 0.625 0.1078125 0.04375
4 0.603125 0.69921875 0.0796875 0.10625
4 0.62734375 0.521875 0.0671875 0.1078125
4 0.52265625 0.52109375 0.0859375 0.1234375
4 0.4265625 0.60625 0.025 0.0265625
4 0.5265625 0.74921875 0.075 0.075
4 0.43984375 0.61015625 0.0203125 0.021875
4 0.56875 0.5828125 0.01875 0.0171875
2 0.55390625 0.6 0.0671875 0.0375
2 0.71796875 0.5015625 0.0125 0.009375
2 0.03984375 0.69296875 0.03125 0.03125
4 0.978125 0.45859375 0.04375 0.1046875
2 0.89921875 0.46953125 0.0125 0.009375