2 0.4921875 0.75 0.628125 0.1625
2 0.79375 0.753125 0.4078125 0.1375
4 0.75625 0.74375 0.0296875 0.0265625
4 0.93125 0.7515625 0.015625 0.0125
2 0.903125 0.6609375 0.0375 0.01875
2 0.075 0.703125 0.125 0.0296875
2 0.9421875 0.665625 0.0265625 0.0203125
2 0.971875 0.6640625 0.0203125 0.0171875
4 0.871875 0.7515625 0.0375 0.028125
2 0.4921875 0.915625 0.628125 0.1625
2 0.79375 0.9125 0.4078125 0.1375
4 0.75625 0.921875 0.0296875 0.0265625
4 0.93125 0.9140625 0.015625 0.0125
2 0.903125 0.99765625 0.0375 0.0046875
2 0.075 0.9625 0.125 0.0296875
2 0.94140625 0.99453125 0.0265625 0.0109375
2 0.97109375 0.99609375 0.0203125 0.0078125
4 0.871875 0.9140625 0.0375 0.028125