2 0.29296875 0.7125 0.0328125 0.0203125
2 0.24375 0.68671875 0.009375 0.009375
4 0.77734375 0.78046875 0.0140625 0.0171875
4 0.76484375 0.7890625 0.01875 0.015625
4 0.91953125 0.80390625 0.0171875 0.0375
4 0.9421875 0.8078125 0.0265625 0.046875
4 0.80390625 0.80078125 0.03125 0.04375
4 0.875 0.78359375 0.021875 0.0328125
4 0.7453125 0.78125 0.0140625 0.025
4 0.61953125 0.759375 0.0125 0.028125
4 0.71015625 0.7734375 0.0125 0.028125
4 0.66328125 0.7703125 0.0140625 0.0265625
4 0.71640625 0.77578125 0.0078125 0.021875
4 0.28515625 0.709375 0.0140625 0.0140625
4 0.63203125 0.76796875 0.0140625 0.01875
2 0.2578125 0.9125 0.0328125 0.0203125
2 0.20234375 0.9203125 0.009375 0.009375
4 0.7265625 0.996875 0.01875 0.00625
4 0.7671875 0.990625 0.03125 0.01875
4 0.70546875 0.9953125 0.0140625 0.009375
4 0.58046875 0.98046875 0.0125 0.028125
4 0.6703125 0.9921875 0.0125 0.015625
4 0.62578125 0.98515625 0.0140625 0.0265625
4 0.67734375 0.99296875 0.0078125 0.0140625
4 0.24921875 0.9125 0.0140625 0.0140625
4 0.5953125 0.9765625 0.0140625 0.01875