4 0.80625 0.5359375 0.0234375 0.046875
4 0.34765625 0.56328125 0.0140625 0.0109375
4 0.33671875 0.57109375 0.01875 0.03125
4 0.21953125 0.57578125 0.0109375 0.021875
4 0.284375 0.584375 0.0046875 0.009375
4 0.6796875 0.5453125 0.009375 0.0140625
4 0.6875 0.5453125 0.0078125 0.0078125
4 0.7015625 0.53671875 0.0078125 0.0078125
4 0.7234375 0.5328125 0.009375 0.009375
4 0.73828125 0.51171875 0.0078125 0.0171875
2 0.69609375 0.51953125 0.0359375 0.009375
2 0.83984375 0.52109375 0.028125 0.0078125
4 0.74921875 0.51796875 0.0078125 0.01875
4 0.37890625 0.57734375 0.0109375 0.0078125
2 0.74609375 0.51796875 0.03125 0.0265625
4 0.946875 0.53125 0.0234375 0.046875
4 0.03515625 0.58203125 0.0109375 0.021875
2 0.91171875 0.51875 0.028125 0.0078125
4 0.9984375 0.509375 0.003125 0.01875
2 0.99453125 0.509375 0.0109375 0.025