4 0.203125 0.5515625 0.065625 0.2515625
4 0.4828125 0.478125 0.0328125 0.08125
4 0.4375 0.4703125 0.0046875 0.00625
2 0.4359375 0.4640625 0.0390625 0.0171875
2 0.5171875 0.46875 0.021875 0.009375
2 0.4921875 0.465625 0.0265625 0.015625
4 0.146875 0.5765625 0.134375 0.359375
2 0.3171875 0.46875 0.0140625 0.00625
2 0.0109375 0.465625 0.021875 0.009375
2 0.546875 0.465625 0.0421875 0.0171875
2 0.3859375 0.465625 0.0171875 0.0109375
2 0.25 0.4640625 0.0171875 0.015625
2 0.2765625 0.4625 0.03125 0.0203125
4 0.3328125 0.5875 0.1 0.165625
4 0.146875 0.953125 0.134375 0.09375