2 0.3859375 0.49375 0.2296875 0.040625
4 0.2421875 0.471875 0.05 0.0546875
2 0.6296875 0.3875 0.0515625 0.0328125
2 0.7359375 0.365625 0.1734375 0.0625
2 0.553125 0.3671875 0.134375 0.075
2 0.846875 0.371875 0.0796875 0.05
2 0.890625 0.3640625 0.071875 0.05625
2 0.946875 0.3578125 0.0671875 0.0625
2 0.240625 0.490625 0.134375 0.0578125
2 0.2875 0.3671875 0.096875 0.078125
4 0.44375 0.4734375 0.0484375 0.04375
4 0.396875 0.4859375 0.03125 0.0515625
2 0.0265625 0.3984375 0.0390625 0.04375
2 0.990625 0.365625 0.01875 0.0140625
4 0.5890625 0.36875 0.015625 0.046875
4 0.33125 0.48125 0.040625 0.0546875
4 0.3703125 0.48125 0.0296875 0.040625
2 0.3375 0.434375 0.3734375 0.0609375
4 0.615625 0.3703125 0.015625 0.0140625