2 0.5 0.5703125 0.9984375 0.09375
4 0.1046875 0.4796875 0.1140625 0.1390625
4 0.196875 0.4828125 0.1671875 0.1515625
4 0.328125 0.4609375 0.05 0.0828125
4 0.5203125 0.4796875 0.1015625 0.1234375
4 0.8234375 0.459375 0.121875 0.1328125
4 0.709375 0.471875 0.1078125 0.115625
4 0.325 0.49375 0.1078125 0.109375
4 0.61875 0.471875 0.125 0.1328125
4 0.925 0.471875 0.0859375 0.09375
4 0.4125 0.484375 0.1359375 0.1109375
4 0.41875 0.4390625 0.0875 0.1109375
4 0.6078125 0.45 0.1046875 0.04375
4 0.98125 0.4515625 0.0375 0.0734375