4 0.5578125 0.67421875 0.084375 0.153125
4 0.5171875 0.696875 0.075 0.1359375
4 0.478125 0.703125 0.028125 0.053125
4 0.303125 0.73125 0.0546875 0.1046875
4 0.246875 0.7453125 0.0328125 0.0546875
4 0.21171875 0.75703125 0.0375 0.0578125
4 0.7828125 0.6015625 0.0140625 0.025
4 0.8125 0.58984375 0.025 0.0359375
4 0.35 0.7125 0.028125 0.0515625
4 0.87421875 0.57265625 0.025 0.034375
4 0.9421875 0.54296875 0.040625 0.0671875
2 0.315625 0.6375 0.015625 0.0125
4 0.6328125 0.64375 0.015625 0.0171875
4 0.415625 0.68515625 0.0359375 0.059375