4 0.88984375 0.73203125 0.021875 0.0546875
4 0.871875 0.740625 0.0265625 0.053125
4 0.3125 0.62890625 0.0265625 0.0265625
2 0.74375 0.53828125 0.1265625 0.053125
2 0.64921875 0.5015625 0.0796875 0.1046875
2 0.35703125 0.50703125 0.040625 0.0375
2 0.87890625 0.51640625 0.040625 0.025
2 0.81640625 0.48359375 0.0328125 0.05
2 0.446875 0.43046875 0.0625 0.0671875
2 0.60625 0.4359375 0.0171875 0.0140625
2 0.50234375 0.41484375 0.05 0.046875
2 0.38359375 0.38515625 0.0203125 0.0203125
2 0.44609375 0.4015625 0.0265625 0.015625
2 0.53203125 0.43125 0.0109375 0.0125
2 0.315625 0.375 0.0171875 0.0078125
2 0.41328125 0.396875 0.034375 0.0296875
4 0.24921875 0.95390625 0.0234375 0.0171875