2 0.1796875 0.6484375 0.3453125 0.228125
2 0.89296875 0.528125 0.2140625 0.23125
2 0.546875 0.36484375 0.2984375 0.1625
4 0.47578125 0.671875 0.096875 0.2328125
4 0.38359375 0.72265625 0.078125 0.1375
4 0.33984375 0.72265625 0.0703125 0.1015625
4 0.26640625 0.72734375 0.0890625 0.1421875
2 0.43828125 0.4484375 0.3140625 0.2703125
2 0.17421875 0.5421875 0.1828125 0.065625
2 0.04453125 0.475 0.0890625 0.09375
2 0.3359375 0.38515625 0.19375 0.0734375
2 0.18125 0.50234375 0.2171875 0.0703125
2 0.21328125 0.9578125 0.3359375 0.084375
2 0.9171875 0.92421875 0.165625 0.0859375
2 0.51171875 0.0453125 0.2921875 0.090625
4 0.5 0.9140625 0.090625 0.171875
4 0.40390625 0.915625 0.078125 0.1375
4 0.3609375 0.925 0.0703125 0.1015625
4 0.28828125 0.93203125 0.0890625 0.1359375
2 0.39453125 0.04296875 0.2953125 0.0859375
2 0.2984375 0.03984375 0.1921875 0.0625