2 0.5 0.621875 0.9578125 0.2609375
4 0.53671875 0.515625 0.1703125 0.2171875
4 0.271875 0.48984375 0.1484375 0.209375
4 0.37890625 0.5046875 0.15625 0.20625
4 0.6453125 0.5015625 0.115625 0.1921875
4 0.746875 0.440625 0.14375 0.33125
4 0.503125 0.44375 0.0578125 0.0703125
4 0.15703125 0.44765625 0.1703125 0.1953125
4 0.43203125 0.51328125 0.13125 0.196875
4 0.6046875 0.43671875 0.0609375 0.096875
4 0.809375 0.50546875 0.0421875 0.0984375
2 0.48125 0.9546875 0.95 0.090625
4 0.7671875 0.04765625 0.1296875 0.075