4 0.6171875 0.61796875 0.1234375 0.134375
4 0.7984375 0.7265625 0.2203125 0.1484375
4 0.31171875 0.815625 0.1390625 0.09375
4 0.075 0.678125 0.028125 0.025
2 0.4234375 0.21171875 0.0703125 0.084375
2 0.0234375 0.275 0.028125 0.0375
2 0.18203125 0.25859375 0.0203125 0.034375
2 0.290625 0.2546875 0.0265625 0.0171875
2 0.55625 0.215625 0.0328125 0.03125
2 0.75625 0.18828125 0.0234375 0.0359375
2 0.728125 0.203125 0.021875 0.01875
4 0.54921875 0.81171875 0.1140625 0.046875
2 0.00859375 0.2640625 0.0171875 0.08125
2 0.0453125 0.27421875 0.0203125 0.0328125
2 0.115625 0.265625 0.021875 0.034375
4 0.66015625 0.97109375 0.1125 0.0390625
4 0.81640625 0.86875 0.2203125 0.1484375
4 0.32265625 0.9 0.1390625 0.09375
2 0.4140625 0.134375 0.0703125 0.084375
2 0.0125 0.16875 0.025 0.0375
2 0.16875 0.146875 0.0203125 0.034375
2 0.27421875 0.125 0.0265625 0.0171875
2 0.5421875 0.0984375 0.0328125 0.03125
2 0.7421875 0.0765625 0.0234375 0.0359375
2 0.71171875 0.06953125 0.021875 0.01875
4 0.553125 0.84609375 0.1140625 0.046875
2 0.03203125 0.165625 0.0203125 0.0328125
2 0.10234375 0.15703125 0.021875 0.034375