4 0.6484375 0.2203125 0.0421875 0.05625
4 0.6859375 0.2234375 0.0296875 0.0421875
4 0.71875 0.23125 0.01875 0.034375
4 0.7359375 0.228125 0.0234375 0.05
2 0.3390625 0.72421875 0.678125 0.2796875
2 0.1828125 0.275 0.365625 0.11875
2 0.0921875 0.1796875 0.184375 0.109375
4 0.6484375 0.0296875 0.0421875 0.05625
4 0.6859375 0.0265625 0.0296875 0.0421875
4 0.71875 0.01875 0.01875 0.034375
4 0.73515625 0.0234375 0.0234375 0.046875
2 0.3390625 0.9421875 0.678125 0.115625
2 0.1828125 0.0171875 0.365625 0.034375
2 0.0921875 0.0703125 0.184375 0.109375