2 0.434375 0.6625 0.3296875 0.1015625
4 0.7125 0.5265625 0.0109375 0.0328125
2 0.7796875 0.565625 0.3375 0.065625
2 0.7375 0.5671875 0.090625 0.071875
2 0.9734375 0.5765625 0.0515625 0.046875
2 0.9796875 0.721875 0.040625 0.109375
2 0.415625 0.540625 0.1078125 0.0453125
2 0.575 0.54375 0.1421875 0.0421875
2 0.315625 0.6171875 0.3046875 0.0421875
4 0.35625 0.5671875 0.0140625 0.025
4 0.496875 0.5078125 0.009375 0.0203125
4 0.4890625 0.509375 0.009375 0.0203125
2 0.8484375 0.546875 0.046875 0.034375
2 0.2 0.58125 0.2734375 0.0390625
2 0.15625 0.546875 0.2546875 0.0515625
2 0.80625 0.5546875 0.084375 0.0578125
2 0.2890625 0.5546875 0.115625 0.03125
2 0.340625 0.60625 0.2484375 0.0921875
2 0.43359375 0.97421875 0.3296875 0.0515625
2 0.9796875 0.940625 0.040625 0.109375