2 0.4609375 0.6453125 0.8484375 0.1546875
2 0.5921875 0.5625 0.815625 0.1046875
2 0.4546875 0.3109375 0.3609375 0.046875
2 0.83125 0.3015625 0.3375 0.0640625
2 0.146875 0.3015625 0.2234375 0.0421875
4 0.3609375 0.5171875 0.1078125 0.13125
4 0.271875 0.665625 0.16875 0.2015625
4 0.0484375 0.28125 0.0390625 0.0484375
4 0.0734375 0.2546875 0.0484375 0.0703125
4 0.8140625 0.2859375 0.053125 0.0578125
4 0.4140625 0.284375 0.0421875 0.053125
2 0.065625 0.628125 0.13125 0.1390625
2 0.0390625 0.3875 0.078125 0.046875
2 0.4609375 0.9171875 0.8484375 0.1546875
2 0.5921875 0.9734375 0.815625 0.053125
2 0.4546875 0.1234375 0.3609375 0.046875
2 0.83125 0.1328125 0.3375 0.0640625
2 0.146875 0.1328125 0.2234375 0.0421875
4 0.271875 0.896875 0.16875 0.2015625
4 0.0484375 0.153125 0.0390625 0.0484375
4 0.0734375 0.1796875 0.0484375 0.0703125
4 0.8140625 0.1484375 0.053125 0.0578125
4 0.4140625 0.15 0.0421875 0.053125
2 0.065625 0.93203125 0.13125 0.1359375
2 0.0390625 0.046875 0.078125 0.046875