2 0.14296875 0.5390625 0.2859375 0.21875
2 0.88984375 0.709375 0.0296875 0.0234375
2 0.45234375 0.62578125 0.1390625 0.059375
2 0.6421875 0.634375 0.0390625 0.04375
2 0.5859375 0.58515625 0.071875 0.1390625
2 0.84375 0.63515625 0.0625 0.1140625
2 0.53203125 0.61875 0.0296875 0.015625
2 0.90625 0.640625 0.0359375 0.115625
2 0.78046875 0.66015625 0.025 0.015625
2 0.70703125 0.63828125 0.0328125 0.0546875
2 0.2421875 0.54921875 0.065625 0.0359375
2 0.390625 0.59453125 0.0203125 0.0125
2 0.73515625 0.64921875 0.0375 0.046875
2 0.5046875 0.47578125 0.990625 0.5078125