2 0.775 0.71484375 0.45 0.2046875
2 0.52109375 0.6296875 0.60625 0.253125
2 0.35625 0.603125 0.3640625 0.16875
2 0.34609375 0.571875 0.4296875 0.175
2 0.2375 0.53359375 0.2953125 0.0984375
2 0.18203125 0.52109375 0.1859375 0.0640625
2 0.26015625 0.49140625 0.3078125 0.08125
2 0.40390625 0.415625 0.196875 0.0578125
2 0.23203125 0.47578125 0.175 0.0671875
2 0.26796875 0.46171875 0.190625 0.059375
2 0.3375 0.43359375 0.1703125 0.0703125
2 0.48828125 0.38125 0.1296875 0.046875
4 0.57109375 0.35234375 0.0203125 0.01875
2 0.21015625 0.51328125 0.21875 0.0734375
2 0.78671875 0.85078125 0.4265625 0.2046875
2 0.5796875 0.95 0.5875 0.1