2 0.4953125 0.6953125 0.0671875 0.0234375
4 0.496875 0.6859375 0.021875 0.015625
4 0.7375 0.7125 0.025 0.0234375
4 0.21875 0.6828125 0.0078125 0.0109375
4 0.5234375 0.6859375 0.0125 0.0140625
4 0.3984375 0.684375 0.0109375 0.0171875
4 0.4109375 0.684375 0.0109375 0.0140625
2 0.04375 0.7203125 0.0421875 0.00625
4 0.04375 0.7140625 0.009375 0.015625
4 0.2140625 0.6796875 0.0078125 0.0109375
2 0.7453125 0.7265625 0.14375 0.0296875
4 0.778125 0.71875 0.0140625 0.015625
4 0.2078125 0.6796875 0.009375 0.0125
2 0.40625 0.7 0.040625 0.015625
2 0.2046875 0.690625 0.05625 0.0171875
2 0.4953125 0.9703125 0.0671875 0.0234375
4 0.496875 0.9796875 0.021875 0.015625
4 0.7375 0.953125 0.025 0.0234375
4 0.21875 0.9828125 0.0078125 0.0109375
4 0.5234375 0.9796875 0.0125 0.0140625
4 0.3984375 0.98125 0.0109375 0.0171875
4 0.4109375 0.98125 0.0109375 0.0140625
2 0.04375 0.9453125 0.0421875 0.00625
4 0.04375 0.9515625 0.009375 0.015625
4 0.2140625 0.9859375 0.0078125 0.0109375
2 0.7453125 0.9390625 0.14375 0.0296875
4 0.778125 0.946875 0.0140625 0.015625
4 0.2078125 0.9859375 0.009375 0.0125
2 0.40625 0.965625 0.040625 0.015625
2 0.2046875 0.975 0.05625 0.0171875