4 0.7796875 0.7890625 0.0859375 0.13125
4 0.87734375 0.76953125 0.0796875 0.0578125
4 0.6890625 0.67734375 0.05 0.0515625
4 0.65078125 0.68359375 0.040625 0.0890625
4 0.503125 0.60390625 0.046875 0.0984375
2 0.13359375 0.4328125 0.065625 0.04375
4 0.52578125 0.58515625 0.03125 0.040625
4 0.4515625 0.54765625 0.0140625 0.0203125
4 0.38984375 0.50234375 0.0203125 0.028125
4 0.3765625 0.50859375 0.0296875 0.0296875
4 0.9171875 0.6265625 0.04375 0.04375
4 0.54375 0.6296875 0.05625 0.0796875
4 0.4296875 0.5578125 0.0421875 0.0859375
4 0.88046875 0.5796875 0.05 0.0578125
4 0.76015625 0.9390625 0.0859375 0.121875
4 0.85078125 0.97890625 0.0796875 0.0421875
4 0.6109375 0.98515625 0.034375 0.0296875