2 0.409375 0.5921875 0.13125 0.134375
2 0.2296875 0.6078125 0.1390625 0.1265625
2 0.3953125 0.4484375 0.096875 0.1125
2 0.521875 0.46875 0.115625 0.090625
2 0.6640625 0.459375 0.096875 0.090625
2 0.9 0.6046875 0.1375 0.1515625
2 0.846875 0.6796875 0.115625 0.1984375
2 0.278125 0.7140625 0.1 0.115625
2 0.08125 0.5828125 0.13125 0.1703125
2 0.790625 0.459375 0.0875 0.125
2 0.503125 0.30625 0.0796875 0.1
2 0.921875 0.303125 0.075 0.1
2 0.2390625 0.2703125 0.090625 0.0984375
2 0.2390625 0.0140625 0.090625 0.028125