2 0.55234375 0.55859375 0.7078125 0.18125
4 0.33828125 0.43046875 0.1609375 0.203125
4 0.4359375 0.47578125 0.0984375 0.1265625
4 0.4875 0.49921875 0.065625 0.096875
4 0.73828125 0.521875 0.0890625 0.11875
4 0.40390625 0.478125 0.059375 0.0921875
4 0.58125 0.51484375 0.06875 0.096875
4 0.80546875 0.5296875 0.0671875 0.1140625
4 0.83125 0.49375 0.109375 0.1953125
4 0.53671875 0.50703125 0.0515625 0.1015625
4 0.625 0.51953125 0.0625 0.09375
4 0.66484375 0.52734375 0.0640625 0.0953125
4 0.696875 0.5265625 0.0515625 0.08125
4 0.559375 0.50625 0.0296875 0.0625
2 0.62890625 0.08203125 0.7078125 0.1640625
2 0.50703125 0.84609375 0.7078125 0.18125
4 0.3859375 0.13046875 0.1609375 0.203125
4 0.265625 0.8890625 0.1578125 0.1765625
4 0.4921875 0.1171875 0.0984375 0.1265625
4 0.3703125 0.8890625 0.0984375 0.1265625
4 0.54921875 0.1109375 0.065625 0.096875
4 0.4265625 0.88203125 0.065625 0.096875
4 0.79453125 0.1671875 0.0890625 0.11875
4 0.67265625 0.93828125 0.0890625 0.11875
4 0.46328125 0.1046875 0.059375 0.0921875
4 0.340625 0.8765625 0.059375 0.0921875
4 0.64296875 0.12578125 0.06875 0.096875
4 0.52109375 0.896875 0.06875 0.096875
4 0.8609375 0.18046875 0.0671875 0.1140625
4 0.73828125 0.94765625 0.0671875 0.1046875
4 0.87421875 0.22265625 0.109375 0.1953125
4 0.7546875 0.9484375 0.103125 0.103125
4 0.5984375 0.11875 0.0515625 0.1015625
4 0.4765625 0.88984375 0.0515625 0.1015625
4 0.6859375 0.13359375 0.0625 0.09375
4 0.5640625 0.90546875 0.0625 0.09375
4 0.7265625 0.1390625 0.0640625 0.0953125
4 0.60390625 0.91015625 0.0640625 0.0953125
4 0.75625 0.15 0.0515625 0.08125
4 0.634375 0.921875 0.0515625 0.08125
4 0.61953125 0.1265625 0.0296875 0.0625
4 0.496875 0.8984375 0.0296875 0.0625