2 0.41328125 0.7375 0.540625 0.3984375
2 0.7875 0.39140625 0.1671875 0.1515625
2 0.24609375 0.4 0.053125 0.0390625
2 0.3125 0.3890625 0.09375 0.046875
2 0.48515625 0.37265625 0.065625 0.0296875
2 0.62578125 0.3515625 0.0453125 0.025
2 0.1453125 0.403125 0.078125 0.0484375
2 0.3953125 0.38515625 0.0796875 0.034375
2 0.596875 0.35859375 0.034375 0.0203125
2 0.57421875 0.36328125 0.0203125 0.015625
2 0.54765625 0.3671875 0.040625 0.015625
2 0.259375 0.36796875 0.0828125 0.0296875
2 0.43671875 0.3734375 0.0421875 0.0265625
2 0.09375 0.78203125 0.1625 0.3453125
2 0.92421875 0.37265625 0.1421875 0.146875
2 0.07109375 0.41328125 0.078125 0.0484375