2 0.7078125 0.54453125 0.0640625 0.1203125
4 0.49140625 0.6203125 0.0296875 0.0328125
4 0.509375 0.62734375 0.0203125 0.021875
4 0.82421875 0.65078125 0.01875 0.0296875
4 0.40859375 0.55859375 0.0140625 0.0234375
4 0.165625 0.50625 0.0125 0.021875
4 0.7671875 0.6296875 0.009375 0.0203125
4 0.934375 0.63515625 0.0078125 0.0109375
4 0.61328125 0.61484375 0.015625 0.015625
4 0.6375 0.61953125 0.009375 0.0109375
4 0.64375 0.63671875 0.0390625 0.0140625
4 0.87109375 0.6640625 0.0078125 0.0203125
4 0.6046875 0.59140625 0.00625 0.0125