2 0.825 0.246875 0.140625 0.0953125
2 0.73359375 0.26015625 0.0953125 0.1046875
2 0.68359375 0.27578125 0.0546875 0.0390625
2 0.5109375 0.284375 0.0390625 0.0625
2 0.434375 0.26328125 0.0578125 0.10625
2 0.49296875 0.27265625 0.046875 0.0796875
2 0.61484375 0.2296875 0.0671875 0.0890625
2 0.5890625 0.24296875 0.0484375 0.0734375
2 0.76640625 0.21171875 0.05 0.025
2 0.84921875 0.20703125 0.071875 0.046875
2 0.7015625 0.23046875 0.0234375 0.0109375
2 0.39765625 0.309375 0.034375 0.03125
4 0.36640625 0.5296875 0.6296875 0.940625
2 0.9171875 0.2234375 0.0703125 0.0765625
2 0.90859375 0.1921875 0.0640625 0.04375