2 0.5015625 0.4921875 0.6796875 0.9828125
4 0.3203125 0.4796875 0.15 0.271875
4 0.6953125 0.4796875 0.1609375 0.296875
4 0.36875 0.19375 0.1390625 0.1734375
4 0.1859375 0.2578125 0.059375 0.053125
4 0.253125 0.26875 0.071875 0.0796875
4 0.171875 0.2296875 0.0359375 0.0375
4 0.3359375 0.3265625 0.0609375 0.0875
4 0.55625 0.440625 0.0796875 0.2015625
2 0.92890625 0.49140625 0.1421875 0.9828125
4 0.02578125 0.4796875 0.0515625 0.271875
4 0.96171875 0.4796875 0.0765625 0.296875
4 0.1109375 0.2578125 0.059375 0.053125
4 0.04375 0.26875 0.071875 0.0796875
4 0.125 0.2296875 0.0359375 0.0375