2 0.6328125 0.4015625 0.1375 0.0609375
2 0.38125 0.425 0.0671875 0.05625
2 0.24765625 0.38671875 0.1421875 0.0671875
2 0.7828125 0.4953125 0.31875 0.1140625
4 0.37578125 0.4171875 0.015625 0.0453125
2 0.83359375 0.41328125 0.0296875 0.025
2 0.509375 0.378125 0.0625 0.0359375
2 0.88671875 0.43984375 0.084375 0.05
2 0.47421875 0.39609375 0.0234375 0.0265625
2 0.4375 0.371875 0.046875 0.0328125
4 0.9890625 0.4703125 0.021875 0.034375
4 0.7171875 0.4203125 0.0125 0.025
4 0.47421875 0.39921875 0.009375 0.0109375
2 0.28359375 0.54921875 0.5671875 0.2421875
2 0.38671875 0.68046875 0.7734375 0.4015625
2 0.55234375 0.38203125 0.0328125 0.0328125
4 0.97890625 0.43984375 0.0109375 0.0109375
4 0.471875 0.3921875 0.0078125 0.0140625
4 0.15 0.51953125 0.05625 0.034375
4 0.3796875 0.371875 0.0171875 0.040625
2 0.3703125 0.92265625 0.740625 0.1546875