2 0.43046875 0.3640625 0.8234375 0.3921875
4 0.51015625 0.5390625 0.0609375 0.1546875
4 0.43671875 0.55234375 0.0640625 0.1875
4 0.5421875 0.51640625 0.046875 0.1203125
4 0.80859375 0.54140625 0.1515625 0.2984375
4 0.6390625 0.48515625 0.021875 0.075
4 0.39296875 0.3625 0.0203125 0.0328125
4 0.64375 0.32265625 0.034375 0.021875
4 0.5640625 0.48046875 0.0234375 0.065625
4 0.65546875 0.46640625 0.0203125 0.0640625
4 0.70234375 0.36953125 0.021875 0.025
4 0.71796875 0.37109375 0.01875 0.0265625
4 0.49765625 0.3609375 0.03125 0.040625
4 0.60859375 0.5296875 0.096875 0.228125
4 0.5078125 0.40625 0.6828125 0.1453125
2 0.42421875 0.078125 0.8203125 0.15625
4 0.6375 0.00234375 0.034375 0.0046875