2 0.684375 0.52421875 0.0859375 0.06875
4 0.521875 0.51171875 0.05 0.059375
4 0.465625 0.50625 0.0734375 0.078125
4 0.196875 0.4578125 0.0671875 0.0546875
4 0.1125 0.45859375 0.090625 0.0546875
4 0.05078125 0.4640625 0.040625 0.040625
4 0.2890625 0.47109375 0.03125 0.04375
4 0.40234375 0.4875 0.021875 0.0265625
4 0.26328125 0.46796875 0.040625 0.0390625
4 0.33359375 0.48046875 0.0265625 0.0359375
4 0.42421875 0.48046875 0.0296875 0.0453125
4 0.48984375 0.4953125 0.0125 0.0203125
4 0.5703125 0.59609375 0.3984375 0.340625
4 0.525 0.528125 0.1140625 0.1234375
4 0.5109375 0.9078125 0.378125 0.184375