2 0.4015625 0.7046875 0.7234375 0.23125
2 0.8515625 0.58515625 0.2046875 0.075
4 0.9015625 0.43359375 0.0875 0.1265625
4 0.803125 0.459375 0.096875 0.1703125
4 0.70859375 0.565625 0.1484375 0.15
4 0.634375 0.58359375 0.1328125 0.134375
4 0.54921875 0.6109375 0.1328125 0.13125
4 0.47578125 0.628125 0.140625 0.1421875
4 0.378125 0.66171875 0.1109375 0.1359375
4 0.30625 0.6703125 0.0859375 0.103125
4 0.28359375 0.67578125 0.0703125 0.084375
4 0.13984375 0.7234375 0.11875 0.1484375
4 0.91484375 0.51875 0.09375 0.0953125
4 0.74921875 0.515625 0.065625 0.071875
4 0.77734375 0.54296875 0.090625 0.078125
2 0.46171875 0.94375 0.7171875 0.1125
2 0.9109375 0.9171875 0.178125 0.05
4 0.45078125 0.9921875 0.0921875 0.015625