2 0.32421875 0.39375 0.61875 0.546875
4 0.66796875 0.60703125 0.021875 0.04375
4 0.7828125 0.60234375 0.015625 0.021875
4 0.7671875 0.603125 0.015625 0.01875
4 0.79765625 0.596875 0.0171875 0.0265625
4 0.7359375 0.58671875 0.015625 0.028125
4 0.44765625 0.63515625 0.0171875 0.034375
4 0.47578125 0.63125 0.0171875 0.0328125
4 0.99453125 0.5484375 0.0109375 0.034375
4 0.64765625 0.60859375 0.0234375 0.0453125
4 0.72578125 0.58984375 0.0140625 0.021875
4 0.97109375 0.54921875 0.01875 0.0203125
4 0.94765625 0.55234375 0.00625 0.015625
4 0.75 0.5859375 0.0125 0.0234375
2 0.28203125 0.08984375 0.5640625 0.1796875