4 0.8453125 0.2484375 0.0109375 0.0328125
4 0.98125 0.259375 0.0140625 0.0375
4 0.8796875 0.240625 0.00625 0.0078125
2 0.4703125 0.6578125 0.740625 0.1625
2 0.253125 0.51875 0.50625 0.128125
2 0.1515625 0.384375 0.303125 0.065625
2 0.9078125 0.50625 0.1828125 0.08125
2 0.2828125 0.315625 0.215625 0.04375
2 0.475 0.3890625 0.3625 0.06875
2 0.503125 0.3359375 0.2453125 0.0296875
2 0.73125 0.409375 0.1875 0.0671875
2 0.784375 0.3609375 0.2875 0.0390625
4 0.8140625 0.24375 0.009375 0.0328125
4 0.8015625 0.2328125 0.009375 0.0171875
4 0.73125 0.325 0.0296875 0.046875
4 0.55625 0.20625 0.00625 0.0109375
4 0.54375 0.2015625 0.0046875 0.0140625
4 0.7921875 0.234375 0.0109375 0.01875
4 0.8703125 0.2390625 0.00625 0.0109375
4 0.5078125 0.2 0.00625 0.015625
4 0.5171875 0.2 0.00625 0.0171875
2 0.6734375 0.35625 0.2546875 0.040625
2 0.8046875 0.4921875 0.334375 0.1140625
2 0.4234375 0.2703125 0.0921875 0.0453125
2 0.121875 0.353125 0.24375 0.0296875
2 0.5 0.3890625 0.996875 0.446875
4 0.8453125 0.0828125 0.0109375 0.0328125
4 0.98125 0.071875 0.0140625 0.0375
4 0.8796875 0.090625 0.00625 0.0078125
2 0.4703125 0.96328125 0.740625 0.0734375
2 0.2828125 0.01875 0.215625 0.0375
2 0.50234375 0.0046875 0.2453125 0.009375
4 0.8140625 0.0875 0.009375 0.0328125
4 0.8015625 0.0984375 0.009375 0.0171875
4 0.73046875 0.01484375 0.0296875 0.0296875
4 0.55625 0.125 0.00625 0.0109375
4 0.54375 0.1296875 0.0046875 0.0140625
4 0.7921875 0.096875 0.0109375 0.01875
4 0.8703125 0.0921875 0.00625 0.0109375
4 0.5078125 0.13125 0.00625 0.015625
4 0.5171875 0.13125 0.00625 0.0171875
2 0.4234375 0.0609375 0.0921875 0.0453125
2 0.5 0.0828125 0.996875 0.165625