4 0.334375 0.65625 0.0125 0.0359375
4 0.3046875 0.6453125 0.009375 0.0296875
4 0.1578125 0.65 0.0140625 0.01875
2 0.4234375 0.753125 0.534375 0.0953125
2 0.85625 0.6921875 0.2859375 0.1484375
2 0.115625 0.6671875 0.121875 0.1453125
2 0.2734375 0.6734375 0.0359375 0.0171875
2 0.3796875 0.7234375 0.5109375 0.1265625
2 0.428125 0.6625 0.046875 0.0265625
2 0.5875 0.6578125 0.0640625 0.028125
2 0.684375 0.703125 0.1046875 0.03125
2 0.146875 0.6671875 0.034375 0.01875
2 0.215625 0.6703125 0.046875 0.0078125
2 0.2921875 0.684375 0.0359375 0.0234375
4 0.2171875 0.646875 0.0078125 0.025
4 0.83125 0.64375 0.0125 0.01875
4 0.35 0.65625 0.0125 0.0390625
4 0.3625 0.6453125 0.015625 0.034375
4 0.3703125 0.6515625 0.0078125 0.0125
4 0.3796875 0.64375 0.00625 0.0203125
4 0.5390625 0.6421875 0.0109375 0.0171875
4 0.240625 0.65625 0.01875 0.0375
4 0.003125 0.65625 0.00625 0.03125
2 0.690625 0.6875 0.053125 0.01875
4 0.5015625 0.653125 0.0140625 0.0328125
2 0.0890625 0.7 0.140625 0.0484375
3 0.71875 0.7328125 0.015625 0.0359375
3 0.5796875 0.715625 0.028125 0.0171875
3 0.7984375 0.728125 0.0140625 0.0390625
3 0.8328125 0.7296875 0.0140625 0.0375
3 0.95 0.73125 0.015625 0.0421875
3 0.11875 0.7203125 0.0125 0.0109375
4 0.334375 0.9953125 0.0125 0.009375
2 0.4234375 0.9125 0.534375 0.0953125
2 0.85546875 0.94921875 0.2859375 0.1015625
2 0.115625 0.9625 0.121875 0.075
2 0.27265625 0.99140625 0.0359375 0.0171875
2 0.37890625 0.9390625 0.5109375 0.121875
2 0.428125 0.99453125 0.046875 0.0109375
2 0.58671875 0.996875 0.0640625 0.00625
2 0.684375 0.9625 0.1046875 0.03125
2 0.146875 0.99453125 0.034375 0.0109375
2 0.215625 0.9953125 0.046875 0.0078125
2 0.2921875 0.98125 0.0359375 0.0234375
4 0.35 0.99453125 0.0125 0.0109375
4 0.240625 0.9953125 0.01875 0.009375
2 0.690625 0.978125 0.053125 0.01875
2 0.0890625 0.965625 0.140625 0.0484375
3 0.71875 0.9328125 0.015625 0.0359375
3 0.5796875 0.95 0.028125 0.0171875
3 0.7984375 0.9375 0.0140625 0.0390625
3 0.8328125 0.9359375 0.0140625 0.0375
3 0.95 0.934375 0.015625 0.0421875
3 0.11875 0.9453125 0.0125 0.0109375