2 0.3921875 0.62109375 0.1609375 0.1453125
2 0.509375 0.584375 0.046875 0.0453125
4 0.3875 0.61328125 0.0234375 0.040625
4 0.42265625 0.61875 0.0328125 0.0609375
4 0.17265625 0.48125 0.028125 0.0546875
4 0.3984375 0.6125 0.01875 0.0234375
4 0.44765625 0.6203125 0.0234375 0.0265625
4 0.43125 0.6421875 0.0203125 0.021875
4 0.37734375 0.61328125 0.0140625 0.0203125
4 0.51953125 0.58984375 0.0078125 0.0109375
4 0.4421875 0.63203125 0.021875 0.021875
4 0.63671875 0.6 0.015625 0.0171875
4 0.15390625 0.47734375 0.028125 0.0546875