2 0.54921875 0.825 0.1765625 0.103125
2 0.5640625 0.63671875 0.0625 0.01875
2 0.2828125 0.63125 0.0828125 0.01875
2 0.371875 0.8046875 0.2875 0.1515625
2 0.13046875 0.85234375 0.2234375 0.0796875
2 0.803125 0.80703125 0.2125 0.0796875
2 0.65703125 0.79296875 0.128125 0.0921875
2 0.93671875 0.74453125 0.09375 0.0640625
2 0.7828125 0.7609375 0.1609375 0.0875
2 0.79609375 0.84140625 0.178125 0.0515625
2 0.59609375 0.753125 0.0953125 0.05625
2 0.87578125 0.77890625 0.0671875 0.0546875
2 0.94375 0.8265625 0.1125 0.053125
2 0.55234375 0.921875 0.1765625 0.103125
2 0.375 0.9390625 0.2875 0.121875
2 0.13359375 0.92421875 0.2234375 0.0796875
2 0.80703125 0.92265625 0.2125 0.0796875
2 0.6625 0.94609375 0.128125 0.0921875
2 0.94375 0.96484375 0.09375 0.04375
2 0.7890625 0.95859375 0.159375 0.06875
2 0.7984375 0.88828125 0.178125 0.0515625
2 0.6046875 0.98046875 0.0953125 0.0359375
2 0.88125 0.94453125 0.0671875 0.0546875
2 0.94453125 0.8921875 0.1109375 0.053125