2 0.3015625 0.50234375 0.503125 0.1609375
2 0.5390625 0.29296875 0.2453125 0.271875
4 0.68984375 0.5140625 0.1984375 0.5015625
4 0.77734375 0.4625 0.190625 0.4625
4 0.4984375 0.43359375 0.0328125 0.0390625
4 0.44375 0.43515625 0.034375 0.05625
4 0.42890625 0.4296875 0.0359375 0.065625
4 0.365625 0.44140625 0.0265625 0.0515625
4 0.3 0.45703125 0.0484375 0.0421875
4 0.1796875 0.46640625 0.046875 0.0453125
4 0.2484375 0.459375 0.05625 0.0484375
4 0.49453125 0.4390625 0.0125 0.015625
2 0.36953125 0.3921875 0.0796875 0.0734375
4 0.40546875 0.434375 0.0359375 0.04375
2 0.5046875 0.68515625 0.990625 0.4265625
2 0.50703125 0.08203125 0.2328125 0.1640625
4 0.7453125 0.91015625 0.146875 0.1359375
2 0.525 0.8796875 0.95 0.240625