2 0.6828125 0.46328125 0.084375 0.0671875
4 0.52421875 0.50390625 0.05 0.059375
4 0.46953125 0.5171875 0.071875 0.078125
4 0.19921875 0.55859375 0.0671875 0.0546875
4 0.11953125 0.58671875 0.0890625 0.053125
4 0.0640625 0.61171875 0.0390625 0.040625
4 0.29140625 0.540625 0.03125 0.04375
4 0.403125 0.5203125 0.021875 0.0265625
4 0.265625 0.546875 0.040625 0.0375
4 0.33671875 0.53515625 0.0265625 0.0359375
4 0.421875 0.50625 0.0296875 0.0453125
4 0.4890625 0.4984375 0.0125 0.0203125
4 0.59765625 0.56796875 0.3953125 0.334375
4 0.5328125 0.51875 0.1125 0.121875
4 0.65 0.89609375 0.375 0.2078125