2 0.36171875 0.5203125 0.0765625 0.0421875
2 0.12421875 0.48984375 0.090625 0.0484375
2 0.296875 0.4734375 0.1125 0.115625
4 0.19296875 0.553125 0.1171875 0.2
4 0.37109375 0.5859375 0.059375 0.0796875
4 0.5921875 0.609375 0.021875 0.0296875
4 0.59296875 0.6328125 0.0484375 0.071875
4 0.709375 0.63828125 0.09375 0.146875
2 0.58046875 0.56640625 0.021875 0.0109375
2 0.86796875 0.5625 0.046875 0.065625
2 0.51484375 0.55078125 0.0875 0.0328125
2 0.66875 0.54453125 0.1109375 0.0890625
2 0.9390625 0.56640625 0.0890625 0.1
2 0.55546875 0.521875 0.1 0.0828125
2 0.77734375 0.5265625 0.1046875 0.140625
2 0.4 0.5171875 0.0484375 0.03125