2 0.42265625 0.65546875 0.246875 0.0796875
2 0.2421875 0.60078125 0.4140625 0.1015625
2 0.6765625 0.67734375 0.18125 0.078125
2 0.23671875 0.5671875 0.15 0.0609375
4 0.903125 0.6640625 0.0296875 0.0359375
4 0.75234375 0.5625 0.0109375 0.01875
4 0.87890625 0.578125 0.015625 0.025
4 0.765625 0.56875 0.0078125 0.0125
4 0.91796875 0.5859375 0.009375 0.025
2 0.3984375 0.58359375 0.134375 0.04375
2 0.5578125 0.634375 0.2375 0.05625
2 0.6875 0.628125 0.1421875 0.0484375
2 0.62421875 0.59375 0.2109375 0.090625
2 0.35625 0.553125 0.228125 0.075
2 0.39375 0.88828125 0.246875 0.0796875
2 0.20625 0.89765625 0.4125 0.1015625
2 0.64609375 0.92890625 0.18125 0.078125
2 0.1921875 0.9296875 0.15 0.0609375
4 0.86171875 0.9890625 0.0296875 0.021875
2 0.353125 0.95234375 0.134375 0.04375
2 0.51953125 0.94140625 0.2375 0.05625
2 0.64453125 0.97734375 0.1421875 0.0453125
2 0.575 0.97578125 0.209375 0.0484375
2 0.30546875 0.96328125 0.225 0.059375