2 0.43125 0.721875 0.3 0.1546875
2 0.425 0.65 0.4484375 0.209375
2 0.1890625 0.6625 0.1765625 0.0984375
2 0.0609375 0.646875 0.0921875 0.1078125
4 0.44375 0.6765625 0.0171875 0.0375
4 0.428125 0.671875 0.0125 0.021875
4 0.5 0.6796875 0.0171875 0.034375
4 0.4859375 0.678125 0.0140625 0.0328125
2 0.015625 0.6484375 0.0296875 0.1
2 0.43125 0.9328125 0.3 0.134375
2 0.42421875 0.95546875 0.4484375 0.0890625
2 0.18828125 0.9765625 0.1765625 0.046875
2 0.06015625 0.98203125 0.0921875 0.0359375
4 0.44296875 0.98515625 0.0171875 0.0296875
4 0.428125 0.99140625 0.0125 0.0171875
4 0.49921875 0.984375 0.0171875 0.03125
4 0.48515625 0.98515625 0.0140625 0.0296875
2 0.01484375 0.98359375 0.0296875 0.0328125