2 0.58515625 0.67578125 0.4078125 0.246875
2 0.521875 0.58828125 0.2046875 0.1296875
2 0.665625 0.51484375 0.1765625 0.1046875
2 0.890625 0.4625 0.1328125 0.0875
2 0.79609375 0.51953125 0.215625 0.1828125
2 0.8109375 0.4171875 0.234375 0.078125
2 0.80390625 0.434375 0.2484375 0.096875
2 0.49921875 0.35078125 0.1453125 0.115625
2 0.8484375 0.35546875 0.1125 0.05625
4 0.64296875 0.31328125 0.021875 0.0328125
2 0.70078125 0.6046875 0.2171875 0.1890625
2 0.2359375 0.78046875 0.3234375 0.1828125
2 0.17265625 0.52109375 0.33125 0.23125
2 0.33125 0.4078125 0.2609375 0.1390625
2 0.7984375 0.3703125 0.121875 0.0796875
2 0.6265625 0.85234375 0.4078125 0.246875
2 0.6046875 0.946875 0.2 0.10625
2 0.76328125 0.940625 0.1671875 0.059375
2 0.96328125 0.8890625 0.0734375 0.046875
2 0.87890625 0.8765625 0.2046875 0.134375
2 0.43828125 0.0859375 0.1453125 0.115625
4 0.58359375 0.05703125 0.021875 0.0328125
2 0.7609375 0.86640625 0.2171875 0.1890625
2 0.26640625 0.91015625 0.3234375 0.1796875
2 0.1171875 0.12109375 0.234375 0.1390625
2 0.2625 0.109375 0.2609375 0.1390625