2 0.490625 0.70390625 0.25 0.1171875
2 0.51328125 0.60703125 0.0453125 0.021875
2 0.2796875 0.61328125 0.1140625 0.0703125
2 0.76328125 0.565625 0.05 0.040625
4 0.45546875 0.68671875 0.0390625 0.075
4 0.425 0.68515625 0.040625 0.0765625
4 0.5703125 0.6375 0.025 0.03125
4 0.5125 0.6890625 0.034375 0.0421875
4 0.53984375 0.62109375 0.0234375 0.0359375
2 0.8625 0.5296875 0.028125 0.0234375
2 0.19375 0.63515625 0.0640625 0.034375
2 0.5109375 0.57421875 0.059375 0.0296875
4 0.47890625 0.68828125 0.0359375 0.04375
4 0.4703125 0.678125 0.0171875 0.03125
4 0.51796875 0.66953125 0.025 0.0234375
4 0.54140625 0.66796875 0.0234375 0.05625
2 0.140625 0.6765625 0.0390625 0.021875
2 0.91640625 0.51796875 0.0125 0.0078125
4 0.515625 0.65390625 0.0234375 0.0265625
4 0.4984375 0.678125 0.0265625 0.0421875
4 0.484375 0.6703125 0.009375 0.0125
4 0.540625 0.64140625 0.0203125 0.0328125
2 0.39140625 0.590625 0.1796875 0.06875
4 0.8078125 0.5453125 0.146875 0.053125
2 0.52109375 0.95234375 0.2484375 0.0953125
4 0.490625 0.9765625 0.0375 0.046875
4 0.4609375 0.9796875 0.0375 0.040625
4 0.546875 0.97421875 0.034375 0.0421875
4 0.51484375 0.98046875 0.0359375 0.0390625
4 0.50703125 0.9890625 0.0171875 0.021875
4 0.55625 0.9890625 0.025 0.01875
4 0.578125 0.9765625 0.021875 0.0359375
4 0.5359375 0.9828125 0.025 0.034375
4 0.5234375 0.99609375 0.009375 0.0078125