2 0.4875 0.61484375 0.975 0.2859375
2 0.4921875 0.3203125 0.9265625 0.315625
4 0.42109375 0.4796875 0.1734375 0.1453125
4 0.54296875 0.565625 0.1953125 0.2125
4 0.79296875 0.3671875 0.1265625 0.125
4 0.77734375 0.5890625 0.215625 0.1921875
4 0.85234375 0.37578125 0.0625 0.1078125
4 0.23203125 0.478125 0.221875 0.1828125
4 0.63046875 0.3375 0.109375 0.1015625
4 0.1015625 0.45 0.203125 0.165625
4 0.50703125 0.31640625 0.13125 0.09375
4 0.65078125 0.56875 0.259375 0.19375
4 0.3546875 0.51171875 0.2203125 0.165625
4 0.14609375 0.4390625 0.153125 0.2
4 0.23984375 0.2328125 0.13125 0.0921875
4 0.58671875 0.4515625 0.8265625 0.50625
2 0.4625 0.86328125 0.925 0.2734375
2 0.51953125 0.17890625 0.9265625 0.315625
4 0.50859375 0.03828125 0.1640625 0.0765625
4 0.33046875 0.9453125 0.1625 0.0890625
4 0.6453125 0.040625 0.1671875 0.071875
4 0.47265625 0.91640625 0.1890625 0.1671875
4 0.81640625 0.24765625 0.1265625 0.125
4 0.8734375 0.08984375 0.1953125 0.0859375
4 0.69921875 0.9546875 0.2078125 0.090625
4 0.87421875 0.2625 0.0625 0.1078125
4 0.328125 0.0125 0.203125 0.025
4 0.153125 0.88515625 0.2140625 0.146875
4 0.65390625 0.21484375 0.109375 0.1015625
4 0.06015625 0.86328125 0.1203125 0.1359375
4 0.53203125 0.1875 0.13125 0.09375
4 0.74921875 0.0609375 0.2375 0.0859375
4 0.5734375 0.93984375 0.253125 0.1203125
4 0.45390625 0.015625 0.2015625 0.03125
4 0.27734375 0.909375 0.2171875 0.146875
4 0.2328125 0.01875 0.134375 0.0375
4 0.06484375 0.8703125 0.1296875 0.125
4 0.253125 0.165625 0.13125 0.0921875
4 0.62109375 0.17578125 0.7578125 0.3515625
4 0.50625 0.90703125 0.815625 0.1859375