2 0.83046875 0.590625 0.028125 0.015625
4 0.14609375 0.65 0.146875 0.1765625
4 0.28046875 0.5546875 0.0140625 0.0375
4 0.2546875 0.58828125 0.04375 0.071875
4 0.2984375 0.57734375 0.05 0.109375
4 0.2 0.5703125 0.0359375 0.05
4 0.16328125 0.565625 0.0390625 0.0453125
4 0.62421875 0.59375 0.0125 0.03125
4 0.7390625 0.66953125 0.0421875 0.0484375
4 0.790625 0.68359375 0.05 0.0515625
4 0.70703125 0.60859375 0.015625 0.0421875
4 0.9328125 0.65234375 0.025 0.05
4 0.53125 0.58125 0.0171875 0.0328125
4 0.09765625 0.5578125 0.0484375 0.0546875
4 0.115625 0.90078125 0.140625 0.125