4 0.95 0.4828125 0.01875 0.0359375
2 0.5375 0.50390625 0.8546875 0.340625
4 0.6359375 0.5390625 0.034375 0.0609375
4 0.540625 0.559375 0.0296875 0.0546875
4 0.45078125 0.59296875 0.0203125 0.0390625
4 0.44296875 0.59296875 0.0171875 0.0359375
4 0.246875 0.63984375 0.0171875 0.0265625
4 0.278125 0.628125 0.0140625 0.0265625
4 0.22109375 0.64765625 0.009375 0.0203125
4 0.18828125 0.65078125 0.01875 0.034375
4 0.0625 0.68125 0.015625 0.0390625
4 0.29921875 0.625 0.0140625 0.025
4 0.17421875 0.65234375 0.0265625 0.0390625
4 0.21171875 0.646875 0.0203125 0.03125
4 0.8359375 0.0046875 0.01875 0.009375
4 0.98671875 0.64140625 0.01875 0.0359375
2 0.45703125 0.16171875 0.8546875 0.3234375
2 0.58984375 0.8015625 0.8203125 0.340625
4 0.5296875 0.0796875 0.034375 0.0609375
4 0.6796875 0.728125 0.034375 0.0609375
4 0.4359375 0.103125 0.0296875 0.0546875
4 0.58515625 0.7515625 0.0296875 0.0546875
4 0.33984375 0.11171875 0.0203125 0.0390625
4 0.48984375 0.7609375 0.0203125 0.0390625
4 0.3328125 0.115625 0.0171875 0.0359375
4 0.48203125 0.7640625 0.0171875 0.0359375
4 0.1359375 0.159375 0.0171875 0.0265625
4 0.2859375 0.8078125 0.0171875 0.0265625
4 0.16875 0.15625 0.0140625 0.0265625
4 0.31875 0.8046875 0.0140625 0.0265625
4 0.109375 0.16328125 0.009375 0.0203125
4 0.259375 0.8125 0.009375 0.0203125
4 0.07890625 0.17578125 0.01875 0.034375
4 0.228125 0.82421875 0.01875 0.034375
4 0.1015625 0.8515625 0.015625 0.0390625
4 0.18984375 0.15 0.0140625 0.025
4 0.33984375 0.7984375 0.0140625 0.025
4 0.065625 0.18046875 0.0265625 0.0390625
4 0.21484375 0.82890625 0.0265625 0.0390625
4 0.1015625 0.16875 0.0203125 0.03125
4 0.25078125 0.8171875 0.0203125 0.03125