2 0.646875 0.26796875 0.0453125 0.0265625
4 0.2140625 0.72421875 0.0859375 0.1
4 0.27109375 0.63359375 0.05 0.05625
4 0.64296875 0.22421875 0.0078125 0.0140625
4 0.68125 0.23125 0.0125 0.021875
4 0.64921875 0.2578125 0.0109375 0.0109375
4 0.3640625 0.61953125 0.021875 0.021875
4 0.3015625 0.69765625 0.065625 0.05625
4 0.3484375 0.6125 0.01875 0.01875
4 0.334375 0.59140625 0.01875 0.0234375
4 0.3453125 0.6765625 0.0359375 0.0328125
4 0.6640625 0.2078125 0.015625 0.0234375
2 0.2609375 0.78828125 0.128125 0.0859375
4 0.25078125 0.69375 0.0484375 0.109375
4 0.34296875 0.6328125 0.0328125 0.0296875
4 0.2015625 0.96640625 0.0828125 0.0421875
4 0.65234375 0.03984375 0.0078125 0.0140625
4 0.69140625 0.0375 0.0125 0.021875
4 0.6609375 0.01015625 0.0109375 0.0046875
4 0.671875 0.05859375 0.015625 0.0234375
2 0.253125 0.9375 0.128125 0.0859375