2 0.8234375 0.4375 0.1078125 0.03125
4 0.578125 0.534375 0.05625 0.115625
4 0.8078125 0.5609375 0.078125 0.15
4 0.63125 0.5296875 0.05 0.1171875
4 0.6765625 0.5390625 0.0546875 0.11875
4 0.2625 0.35625 0.0171875 0.034375
4 0.396875 0.3328125 0.0078125 0.01875
4 0.471875 0.3296875 0.009375 0.0140625
4 0.6296875 0.4484375 0.0796875 0.1078125
4 0.671875 0.4421875 0.059375 0.115625
4 0.03125 0.4015625 0.0546875 0.0875
4 0.021875 0.4015625 0.0390625 0.0734375
4 0.540625 0.3734375 0.0265625 0.028125
4 0.659375 0.384375 0.059375 0.0640625
3 0.36875 0.5328125 0.015625 0.0078125
3 0.49375 0.5484375 0.015625 0.009375
4 0.39609375 0.00390625 0.0078125 0.0078125
4 0.471875 0.00390625 0.009375 0.0078125