4 0.06875 0.8140625 0.009375 0.021875
4 0.79765625 0.79140625 0.025 0.040625
4 0.52109375 0.79765625 0.0125 0.01875
4 0.32265625 0.8 0.0046875 0.0109375
2 0.7296875 0.7984375 0.01875 0.0078125
4 0.72890625 0.7921875 0.0046875 0.009375
4 0.35234375 0.80390625 0.015625 0.015625
4 0.31015625 0.80390625 0.0109375 0.0109375
4 0.109375 0.8109375 0.009375 0.021875
4 0.85390625 0.790625 0.0109375 0.009375
4 0.61171875 0.79609375 0.0140625 0.0296875
4 0.07421875 0.96640625 0.009375 0.021875
4 0.803125 0.93828125 0.025 0.040625
4 0.5265625 0.95078125 0.0125 0.01875
4 0.32890625 0.9625 0.0046875 0.0109375
2 0.734375 0.9359375 0.01875 0.0078125
4 0.734375 0.9421875 0.0046875 0.009375
4 0.3578125 0.95703125 0.015625 0.015625
4 0.315625 0.96015625 0.0109375 0.0109375
4 0.11484375 0.9671875 0.009375 0.021875
4 0.859375 0.934375 0.0109375 0.009375
4 0.6171875 0.94609375 0.0140625 0.0296875