4 0.21484375 0.52421875 0.0109375 0.025
4 0.51640625 0.58671875 0.0421875 0.034375
2 0.53046875 0.6265625 0.3109375 0.2390625
2 0.2921875 0.52421875 0.059375 0.0484375
2 0.25 0.528125 0.0390625 0.0390625
2 0.9359375 0.5 0.128125 0.378125
2 0.678125 0.58203125 0.0671875 0.0578125
2 0.21484375 0.52421875 0.0484375 0.0375
2 0.74921875 0.59296875 0.040625 0.0765625
2 0.06171875 0.5 0.11875 0.090625
2 0.23125 0.44921875 0.084375 0.1421875
4 0.20234375 0.52109375 0.0109375 0.021875
4 0.4828125 0.590625 0.05625 0.053125
2 0.8078125 0.60234375 0.1140625 0.0953125
2 0.9703125 0.6375 0.0359375 0.0625
2 0.88046875 0.6125 0.0484375 0.0375