2 0.9234375 0.875 0.153125 0.1
2 0.475 0.9 0.26875 0.109375
2 0.37265625 0.79609375 0.2203125 0.103125
2 0.87265625 0.61328125 0.1484375 0.065625
2 0.08828125 0.6734375 0.1 0.0375
2 0.1140625 0.62890625 0.1015625 0.0390625
2 0.0734375 0.54140625 0.0953125 0.0328125
2 0.1078125 0.43203125 0.05 0.0171875
2 0.1828125 0.45234375 0.075 0.03125
2 0.490625 0.63984375 0.1703125 0.0859375
2 0.36328125 0.6046875 0.115625 0.0453125
2 0.93671875 0.75703125 0.1265625 0.0765625
2 0.53203125 0.54453125 0.1046875 0.0375