2 0.22421875 0.51953125 0.0421875 0.021875
2 0.75078125 0.4609375 0.0765625 0.028125
4 0.44375 0.771875 0.2390625 0.2375
4 0.309375 0.7265625 0.209375 0.34375
4 0.421875 0.6640625 0.0421875 0.0421875
4 0.5921875 0.73359375 0.2453125 0.2875
4 0.77421875 0.7140625 0.1875 0.2859375
4 0.91171875 0.5734375 0.1765625 0.19375
4 0.690625 0.54921875 0.03125 0.0390625
4 0.66640625 0.5578125 0.0328125 0.0765625
4 0.21796875 0.73984375 0.15625 0.3296875
4 0.11953125 0.58046875 0.0203125 0.021875
4 0.64140625 0.5578125 0.0234375 0.0796875
2 0.1109375 0.659375 0.1953125 0.0453125
2 0.0578125 0.59296875 0.103125 0.0203125
2 0.13359375 0.59609375 0.0640625 0.0171875
4 0.921875 0.66796875 0.15625 0.3484375
4 0.925 0.4640625 0.0125 0.0171875
4 0.45703125 0.93515625 0.2296875 0.1296875
4 0.32890625 0.94140625 0.1921875 0.1171875
4 0.60859375 0.92890625 0.2328125 0.1421875
4 0.79140625 0.9140625 0.175 0.1390625
4 0.23671875 0.946875 0.1390625 0.10625
4 0.93671875 0.8984375 0.1265625 0.1375