2 0.465625 0.678125 0.1359375 0.0734375
2 0.20390625 0.74609375 0.1140625 0.05625
2 0.2046875 0.721875 0.1 0.053125
2 0.25234375 0.690625 0.0875 0.04375
2 0.2859375 0.66171875 0.0859375 0.046875
2 0.31640625 0.62734375 0.078125 0.05
2 0.7125 0.61484375 0.115625 0.0703125
2 0.70859375 0.5484375 0.0734375 0.0328125
2 0.70859375 0.5484375 0.06875 0.03125
2 0.69375 0.52578125 0.0484375 0.0203125
2 0.49296875 0.6296875 0.109375 0.0578125
2 0.4984375 0.603125 0.084375 0.0390625
2 0.534375 0.553125 0.053125 0.0328125
2 0.121875 0.81484375 0.1296875 0.071875
2 0.10625 0.84921875 0.084375 0.0640625
2 0.3546875 0.60078125 0.05 0.0296875
2 0.37265625 0.5953125 0.0609375 0.0359375
2 0.3859375 0.58359375 0.0625 0.0296875
2 0.40546875 0.56875 0.0546875 0.0296875
2 0.41953125 0.56015625 0.0390625 0.0234375
2 0.21171875 0.62578125 0.078125 0.04375
2 0.18046875 0.64296875 0.0703125 0.0421875
2 0.1484375 0.659375 0.0609375 0.040625
2 0.13125 0.6734375 0.06875 0.0453125
2 0.09375 0.68671875 0.08125 0.0375
2 0.06875 0.64609375 0.0734375 0.034375
2 0.10859375 0.63046875 0.0640625 0.03125
2 0.146875 0.61015625 0.0609375 0.0265625
2 0.18046875 0.59609375 0.0640625 0.0265625
2 0.253125 0.596875 0.0703125 0.0359375
2 0.28203125 0.5828125 0.059375 0.028125
2 0.30703125 0.5734375 0.0359375 0.021875
2 0.3046875 0.5421875 0.0515625 0.015625
2 0.5234375 0.5875 0.065625 0.0375
2 0.53203125 0.56953125 0.06875 0.03125
2 0.5484375 0.53671875 0.0484375 0.025
2 0.803125 0.51328125 0.06875 0.0328125
2 0.8140625 0.48671875 0.059375 0.028125
2 0.51796875 0.903125 0.1359375 0.0734375
2 0.25234375 0.95625 0.1140625 0.05625
2 0.2640625 0.97578125 0.1 0.0484375
2 0.3203125 0.98203125 0.0875 0.0359375
2 0.36328125 0.98671875 0.0859375 0.0265625
2 0.4046875 0.99453125 0.078125 0.0109375
2 0.7671875 0.85234375 0.115625 0.0703125
2 0.79296875 0.91328125 0.0734375 0.0328125
2 0.79296875 0.91328125 0.06875 0.03125
2 0.7890625 0.93984375 0.0484375 0.0203125
2 0.56328125 0.934375 0.109375 0.0578125
2 0.5796875 0.95625 0.084375 0.0390625
2 0.6328125 0.978125 0.05 0.01875
2 0.1484375 0.93046875 0.1296875 0.071875
2 0.11953125 0.90703125 0.084375 0.0640625
2 0.609375 0.959375 0.065625 0.0375
2 0.625 0.971875 0.06875 0.03125
2 0.89296875 0.903125 0.06875 0.0328125
2 0.9125 0.91640625 0.0578125 0.015625