2 0.5984375 0.70859375 0.1328125 0.1265625
2 0.1859375 0.62265625 0.075 0.05
2 0.69375 0.596875 0.0546875 0.0421875
2 0.76640625 0.6453125 0.0515625 0.0375
2 0.91171875 0.7390625 0.1140625 0.071875
2 0.79765625 0.665625 0.0484375 0.0328125
2 0.721875 0.615625 0.040625 0.0296875
2 0.04765625 0.69609375 0.0953125 0.1296875
4 0.59765625 0.69453125 0.0375 0.06875
4 0.60390625 0.66328125 0.0359375 0.04375
2 0.9296875 0.80234375 0.065625 0.071875
2 0.7375 0.63125 0.028125 0.021875
4 0.88828125 0.69453125 0.0390625 0.053125
4 0.90234375 0.715625 0.025 0.03125
4 0.05625 0.51328125 0.028125 0.0515625
4 0.10078125 0.5109375 0.0234375 0.034375
4 0.034375 0.51171875 0.0234375 0.0546875
4 0.38984375 0.50625 0.015625 0.0296875
4 0.7015625 0.54609375 0.0078125 0.015625
4 0.59140625 0.66015625 0.0265625 0.04375
4 0.275 0.50234375 0.01875 0.028125
4 0.08046875 0.5140625 0.025 0.0484375
4 0.090625 0.509375 0.0078125 0.021875
2 0.5546875 0.96328125 0.128125 0.0734375
2 0.1359375 0.9359375 0.0734375 0.0359375
2 0.03828125 0.82265625 0.0765625 0.1296875
4 0.55 0.984375 0.034375 0.03125
2 0.8984375 0.98359375 0.065625 0.0328125