4 0.39453125 0.61015625 0.2546875 0.3921875
4 0.3015625 0.7140625 0.03125 0.0640625
4 0.27421875 0.728125 0.04375 0.05
4 0.47890625 0.7921875 0.04375 0.06875
2 0.5765625 0.70390625 0.0796875 0.0359375
2 0.30625 0.64453125 0.08125 0.025
4 0.1140625 0.62265625 0.0125 0.0234375
4 0.50625 0.8078125 0.0453125 0.05
4 0.60234375 0.828125 0.05 0.0625
4 0.59375 0.7265625 0.0109375 0.025
4 0.1421875 0.68203125 0.0453125 0.0625
4 0.61796875 0.7328125 0.0140625 0.021875
4 0.1296875 0.62421875 0.0203125 0.034375
4 0.534375 0.71953125 0.009375 0.015625
4 0.52578125 0.7140625 0.0171875 0.0234375
4 0.0625 0.6109375 0.0125 0.0234375
4 0.01640625 0.6515625 0.0328125 0.0625
4 0.04765625 0.60546875 0.0203125 0.034375