2 0.85078125 0.66328125 0.2984375 0.2140625
2 0.7671875 0.49140625 0.465625 0.1421875
2 0.6921875 0.45390625 0.3140625 0.090625
2 0.56875 0.4578125 0.184375 0.065625
2 0.05859375 0.52734375 0.1171875 0.0515625
2 0.10078125 0.5015625 0.165625 0.04375
2 0.12421875 0.47734375 0.2484375 0.0484375
2 0.628125 0.4234375 0.0828125 0.0421875
2 0.02109375 0.59765625 0.025 0.0484375
2 0.56484375 0.4140625 0.20625 0.0875
2 0.81171875 0.60546875 0.3765625 0.2140625
2 0.1921875 0.48671875 0.084375 0.0453125
2 0.96875 0.3890625 0.0515625 0.0453125
2 0.86015625 0.9125 0.2796875 0.14375
2 0.82578125 0.94765625 0.3484375 0.0859375