2 0.171875 0.425 0.0796875 0.078125
2 0.09609375 0.43828125 0.090625 0.084375
2 0.82265625 0.51953125 0.3546875 0.1671875
2 0.7828125 0.34375 0.090625 0.0328125
2 0.671875 0.3453125 0.04375 0.0203125
2 0.63125 0.34921875 0.0140625 0.0109375
4 0.10390625 0.4390625 0.015625 0.0421875
2 0.0515625 0.64765625 0.09375 0.15625
2 0.0203125 0.4515625 0.040625 0.08125
2 0.3109375 0.3484375 0.128125 0.06875
2 0.68828125 0.53203125 0.075 0.13125
2 0.71875 0.34765625 0.046875 0.01875
2 0.6109375 0.30078125 0.0453125 0.103125
2 0.640625 0.0046875 0.04375 0.009375
2 0.60078125 0.00390625 0.0140625 0.0078125
2 0.08359375 0.98828125 0.0859375 0.0234375
2 0.2859375 0.059375 0.128125 0.06875
2 0.58984375 0.0546875 0.0453125 0.103125