4 0.28984375 0.684375 0.040625 0.0578125
2 0.278125 0.7265625 0.1578125 0.0953125
2 0.64375 0.621875 0.4421875 0.2984375
2 0.20703125 0.6484375 0.1125 0.05625
2 0.38515625 0.6296875 0.0515625 0.0265625
2 0.42578125 0.61796875 0.0609375 0.0359375
2 0.64453125 0.58046875 0.071875 0.0421875
2 0.7921875 0.52109375 0.0640625 0.0921875
4 0.971875 0.5296875 0.0125 0.0328125
4 0.9484375 0.53359375 0.0203125 0.0359375
2 0.8390625 0.54296875 0.0359375 0.0234375
3 0.49765625 0.73984375 0.0359375 0.034375
3 0.32421875 0.72578125 0.009375 0.0125
3 0.33671875 0.73359375 0.0078125 0.0140625
3 0.57265625 0.715625 0.034375 0.03125
3 0.66171875 0.6953125 0.0359375 0.028125
2 0.3265625 0.98515625 0.15625 0.0296875
2 0.6953125 0.92109375 0.41875 0.1578125
3 0.53125 0.93046875 0.0359375 0.034375
3 0.371875 0.9984375 0.009375 0.003125
3 0.38203125 0.9921875 0.0078125 0.0140625
3 0.61015625 0.928125 0.034375 0.03125
3 0.70078125 0.9171875 0.0359375 0.028125