4 0.68125 0.83125 0.1203125 0.0640625
4 0.53984375 0.80703125 0.0453125 0.121875
4 0.49296875 0.77421875 0.040625 0.075
4 0.50078125 0.8375 0.0375 0.08125
4 0.4734375 0.8328125 0.046875 0.0859375
4 0.68046875 0.7703125 0.0390625 0.0765625
4 0.8890625 0.7609375 0.0421875 0.05625
4 0.93125 0.7578125 0.0484375 0.0546875
4 0.18671875 0.8109375 0.20625 0.2140625
4 0.6875 0.6125 0.0109375 0.0234375
4 0.68671875 0.884375 0.1203125 0.0640625
4 0.55390625 0.9375 0.0453125 0.121875
4 0.51171875 0.97109375 0.0390625 0.0578125
4 0.509375 0.915625 0.0375 0.08125
4 0.48359375 0.92578125 0.046875 0.0859375
4 0.69921875 0.94375 0.0390625 0.0765625
4 0.9046875 0.91015625 0.0421875 0.05625
4 0.94609375 0.90390625 0.0484375 0.0546875
4 0.203125 0.94921875 0.2 0.1015625