2 0.71796875 0.54921875 0.146875 0.134375
2 0.8421875 0.5515625 0.0765625 0.0609375
2 0.58125 0.47890625 0.175 0.125
2 0.38515625 0.446875 0.121875 0.0828125
2 0.3 0.4875 0.084375 0.075
2 0.0859375 0.428125 0.0765625 0.075
2 0.45234375 0.4390625 0.08125 0.065625
2 0.303125 0.40390625 0.078125 0.04375
2 0.2046875 0.378125 0.1109375 0.0578125
2 0.8390625 0.52109375 0.125 0.0609375
2 0.23671875 0.40703125 0.0765625 0.08125
2 0.69921875 0.4734375 0.075 0.0765625
1 0.81015625 0.31015625 0.0671875 0.1375
2 0.31015625 0.39296875 0.103125 0.0625
2 0.03828125 0.36328125 0.0484375 0.0484375
2 0.059375 0.33515625 0.0703125 0.03125
1 0.85546875 0.09765625 0.053125 0.071875