2 0.490625 0.6078125 0.0453125 0.0140625
2 0.865625 0.6125 0.05 0.009375
2 0.3859375 0.5859375 0.0234375 0.0140625
4 0.2609375 0.6625 0.0203125 0.05
4 0.296875 0.6859375 0.034375 0.034375
4 0.384375 0.6578125 0.021875 0.05
4 0.04375 0.68125 0.025 0.0296875
4 0.0265625 0.6796875 0.01875 0.021875
4 0.2359375 0.6703125 0.0171875 0.059375
4 0.578125 0.659375 0.0140625 0.028125
4 0.59375 0.665625 0.0203125 0.01875
4 0.63125 0.65625 0.015625 0.0390625
4 0.9484375 0.65 0.0125 0.0234375
4 0.9375 0.6484375 0.0140625 0.0296875
2 0.6796875 0.603125 0.0546875 0.03125
2 0.9203125 0.6109375 0.0296875 0.0078125
4 0.409375 0.665625 0.0171875 0.021875
4 0.9234375 0.653125 0.0109375 0.0265625
4 0.6515625 0.6546875 0.0140625 0.025
4 0.26015625 0.99375 0.0203125 0.0125
4 0.296875 0.9859375 0.034375 0.028125
4 0.04375 0.9890625 0.025 0.021875
4 0.0265625 0.9921875 0.01875 0.015625
4 0.23515625 0.9875 0.0171875 0.025