2 0.13046875 0.54609375 0.2609375 0.1234375
2 0.52109375 0.56484375 0.15 0.084375
2 0.79765625 0.58359375 0.11875 0.059375
2 0.83046875 0.52734375 0.0890625 0.046875
4 0.2890625 0.60234375 0.1625 0.340625
4 0.8359375 0.646875 0.1265625 0.1453125
4 0.9125 0.6234375 0.0765625 0.0890625
4 0.2140625 0.5046875 0.0421875 0.046875
4 0.075 0.509375 0.0828125 0.0828125
4 0.1796875 0.5109375 0.0703125 0.06875
4 0.03515625 0.5 0.0703125 0.096875
4 0.24609375 0.5140625 0.0453125 0.05
4 0.39609375 0.4953125 0.0671875 0.0734375
4 0.50546875 0.5390625 0.0578125 0.0578125
4 0.025 0.66796875 0.05 0.2328125
4 0.15234375 0.51171875 0.0546875 0.0734375
4 0.17734375 0.38984375 0.0484375 0.0890625
2 0.92109375 0.5375 0.0375 0.034375