2 0.671875 0.484375 0.54375 0.1703125
2 0.228125 0.459375 0.4421875 0.1015625
2 0.740625 0.41875 0.51875 0.109375
4 0.221875 0.3328125 0.0140625 0.0140625
4 0.2609375 0.35 0.0203125 0.03125
4 0.6171875 0.3921875 0.04375 0.034375
4 0.4625 0.375 0.040625 0.05625
4 0.7515625 0.4046875 0.0734375 0.05
4 0.646875 0.3328125 0.015625 0.0171875
4 0.425 0.3640625 0.0375 0.059375
4 0.2609375 0.3375 0.03125 0.040625
4 0.075 0.3890625 0.0453125 0.0625
4 0.7859375 0.4109375 0.05 0.065625
4 0.1875 0.375 0.0328125 0.06875
4 0.2390625 0.375 0.0578125 0.0703125
2 0.8515625 0.4296875 0.0984375 0.0546875
2 0.8671875 0.353125 0.2640625 0.0796875
4 0.3 0.3546875 0.0265625 0.0546875
2 0.671875 0.0171875 0.54375 0.034375
2 0.22734375 0.0125 0.4421875 0.025
2 0.740625 0.03515625 0.51875 0.0703125
4 0.221875 0.1015625 0.0140625 0.0140625
4 0.2609375 0.084375 0.0203125 0.03125
4 0.6171875 0.0421875 0.04375 0.034375
4 0.4625 0.059375 0.040625 0.05625
4 0.7515625 0.0296875 0.0734375 0.05
4 0.646875 0.1015625 0.015625 0.0171875
4 0.425 0.0703125 0.0375 0.059375
4 0.2609375 0.096875 0.03125 0.040625
4 0.075 0.0453125 0.0453125 0.0625
4 0.7859375 0.028125 0.05 0.05625
4 0.1875 0.059375 0.0328125 0.06875
4 0.2390625 0.059375 0.0578125 0.0703125
2 0.85078125 0.015625 0.0984375 0.03125
2 0.8671875 0.08125 0.2640625 0.0796875
4 0.3 0.0796875 0.0265625 0.0546875