2 0.3109375 0.496875 0.15 0.1140625
2 0.7015625 0.4171875 0.1859375 0.075
4 0.665625 0.603125 0.0578125 0.13125
4 0.703125 0.5859375 0.0546875 0.1125
4 0.5296875 0.6625 0.0546875 0.134375
4 0.4421875 0.671875 0.0609375 0.1421875
4 0.2515625 0.71875 0.0890625 0.128125
4 0.53125 0.465625 0.0421875 0.0953125
4 0.8171875 0.5453125 0.028125 0.05625
4 0.4875 0.4140625 0.0359375 0.05
4 0.296875 0.5171875 0.0484375 0.1078125
4 0.3453125 0.46875 0.04375 0.0546875
2 0.5328125 0.453125 0.159375 0.0875
2 0.921875 0.7078125 0.15625 0.1890625
4 0.5921875 0.4515625 0.05625 0.0671875
4 0.51875 0.3875 0.028125 0.046875
4 0.778125 0.5984375 0.0875 0.128125
4 0.44140625 0.984375 0.0609375 0.03125
4 0.25078125 0.96484375 0.0890625 0.0703125
2 0.921875 0.9546875 0.15625 0.090625