2 0.51328125 0.70078125 0.9734375 0.5453125
2 0.63984375 0.584375 0.7203125 0.365625
2 0.72109375 0.496875 0.5578125 0.21875
2 0.5515625 0.453125 0.440625 0.2328125
4 0.128125 0.54609375 0.025 0.0234375
4 0.20859375 0.540625 0.028125 0.0390625
4 0.37109375 0.47421875 0.0234375 0.0328125
4 0.5890625 0.41015625 0.021875 0.0265625
4 0.2578125 0.51015625 0.028125 0.03125
4 0.27890625 0.50546875 0.0125 0.0125
2 0.61875 0.35078125 0.0703125 0.0546875
2 0.521875 0.39296875 0.0625 0.028125
2 0.07265625 0.51015625 0.0328125 0.015625
4 0.10625 0.57421875 0.0234375 0.0515625
4 0.146875 0.54921875 0.0296875 0.0328125
4 0.32421875 0.4875 0.028125 0.025
4 0.4171875 0.459375 0.0140625 0.025
4 0.4 0.48125 0.0328125 0.0421875
4 0.03515625 0.57890625 0.03125 0.028125
2 0.884375 0.39453125 0.1984375 0.1140625
2 0.36796875 0.4359375 0.025 0.0125
4 0.1671875 0.53984375 0.0234375 0.025
2 0.55390625 0.8765625 0.8921875 0.246875