4 0.3109375 0.5078125 0.01875 0.01875
4 0.30390625 0.525 0.0078125 0.0140625
4 0.75703125 0.5359375 0.009375 0.0234375
4 0.88671875 0.54296875 0.0140625 0.028125
4 0.4 0.5140625 0.0078125 0.0203125
4 0.334375 0.5078125 0.0078125 0.0140625
4 0.375 0.50703125 0.0109375 0.01875
2 0.7421875 0.68515625 0.4640625 0.228125
2 0.096875 0.51640625 0.1390625 0.071875
2 0.040625 0.50546875 0.08125 0.0921875
2 0.43671875 0.54296875 0.0375 0.0265625
2 0.48515625 0.5453125 0.0296875 0.03125
2 0.53203125 0.55234375 0.034375 0.0296875
2 0.58046875 0.553125 0.034375 0.025
2 0.05546875 0.628125 0.1109375 0.165625
2 0.51015625 0.5421875 0.0265625 0.0234375
2 0.36484375 0.53828125 0.03125 0.028125
2 0.55703125 0.54921875 0.034375 0.0265625
4 0.56953125 0.528125 0.0078125 0.0234375
4 0.259375 0.51484375 0.015625 0.01875
4 0.73984375 0.53828125 0.009375 0.0203125
4 0.56015625 0.52734375 0.0078125 0.025
4 0.321875 0.5078125 0.00625 0.015625
2 0.84453125 0.6265625 0.30625 0.1234375
4 0.63203125 0.53046875 0.00625 0.0140625
2 0.60234375 0.5515625 0.03125 0.025
3 0.55703125 0.62421875 0.0171875 0.0109375
3 0.62734375 0.65546875 0.0296875 0.015625
3 0.79609375 0.71640625 0.05625 0.0296875
3 0.721875 0.59296875 0.0140625 0.009375
3 0.80546875 0.61484375 0.0265625 0.0109375
3 0.97109375 0.64765625 0.03125 0.0109375
2 0.73671875 0.90234375 0.4640625 0.1953125
2 0.05234375 0.9296875 0.1046875 0.125
2 0.8375 0.96015625 0.30625 0.0796875
3 0.55078125 0.97421875 0.0171875 0.0109375
3 0.621875 0.94609375 0.0296875 0.015625
3 0.79296875 0.89140625 0.05625 0.0296875
3 0.79921875 0.99296875 0.0265625 0.0109375
3 0.965625 0.965625 0.03125 0.0109375