4 0.7703125 0.51875 0.459375 0.63125
2 0.44921875 0.42734375 0.084375 0.040625
2 0.1359375 0.50703125 0.0171875 0.015625
2 0.18984375 0.49921875 0.0234375 0.0140625
2 0.665625 0.59609375 0.66875 0.6015625
2 0.090625 0.5203125 0.028125 0.0203125
2 0.33203125 0.46875 0.021875 0.0109375
2 0.21171875 0.49609375 0.0125 0.0046875
2 0.14453125 0.50546875 0.021875 0.021875
2 0.03203125 0.53046875 0.0375 0.0296875
2 0.06328125 0.52578125 0.028125 0.021875
2 0.11796875 0.515625 0.0265625 0.01875
2 0.32421875 0.4640625 0.0875 0.034375
2 0.23515625 0.4875 0.015625 0.0078125
2 0.715625 0.88125 0.56875 0.2375