2 0.8359375 0.2828125 0.109375 0.171875
2 0.034375 0.2703125 0.06875 0.1296875
2 0.4921875 0.2796875 0.090625 0.140625
2 0.665625 0.271875 0.0859375 0.1453125
2 0.7609375 0.26875 0.0859375 0.140625
2 0.334375 0.26875 0.09375 0.159375
2 0.2453125 0.284375 0.1390625 0.175
2 0.165625 0.26875 0.1078125 0.13125
2 0.10625 0.2625 0.1265625 0.115625
2 0.421875 0.2734375 0.1390625 0.1625
2 0.8359375 0.0265625 0.109375 0.053125
2 0.034375 0.021875 0.06875 0.04375
2 0.4921875 0.0203125 0.090625 0.040625
2 0.66484375 0.025 0.0859375 0.05
2 0.76015625 0.02578125 0.0859375 0.0515625
2 0.334375 0.03046875 0.09375 0.0609375
2 0.24453125 0.0265625 0.1390625 0.053125
2 0.16484375 0.0234375 0.1078125 0.046875
2 0.10546875 0.02265625 0.1265625 0.0453125
2 0.42109375 0.02890625 0.1390625 0.0578125