4 0.90390625 0.49921875 0.0203125 0.040625
2 0.3046875 0.63828125 0.1375 0.04375
2 0.46015625 0.603125 0.196875 0.0734375
2 0.58125 0.596875 0.1671875 0.096875
2 0.63515625 0.58515625 0.178125 0.08125
2 0.07578125 0.659375 0.1515625 0.0625
2 0.46328125 0.45859375 0.165625 0.21875
2 0.23984375 0.54453125 0.378125 0.0671875
2 0.33203125 0.60234375 0.3640625 0.1125
2 0.121875 0.63203125 0.24375 0.0640625
2 0.6875 0.56796875 0.0984375 0.0609375
2 0.3015625 0.51953125 0.171875 0.059375
2 0.1046875 0.6359375 0.153125 0.0546875
2 0.20546875 0.559375 0.165625 0.071875
2 0.0671875 0.95703125 0.134375 0.0484375
2 0.08671875 0.9734375 0.1515625 0.01875