2 0.390625 0.6109375 0.3875 0.15625
2 0.8109375 0.4890625 0.3171875 0.4171875
2 0.16328125 0.38984375 0.321875 0.3671875
2 0.4828125 0.54765625 0.0515625 0.025
2 0.36953125 0.51484375 0.1078125 0.053125
2 0.04609375 0.475 0.0921875 0.071875
4 0.71171875 0.6125 0.0203125 0.021875
3 0.10859375 0.55 0.028125 0.0234375
3 0.26640625 0.5390625 0.0125 0.009375
3 0.26953125 0.56328125 0.01875 0.015625
3 0.0765625 0.484375 0.009375 0.009375
3 0.51015625 0.59453125 0.0171875 0.0203125
3 0.5859375 0.615625 0.0140625 0.009375
3 0.60078125 0.67578125 0.0390625 0.0359375
3 0.89296875 0.6828125 0.0234375 0.0203125
3 0.87578125 0.6859375 0.0078125 0.0078125
3 0.9546875 0.65234375 0.00625 0.00625
3 0.8703125 0.62734375 0.00625 0.00625
3 0.44296875 0.53984375 0.0109375 0.0078125
3 0.53125 0.56015625 0.009375 0.0078125