4 0.17109375 0.7296875 0.1296875 0.196875
4 0.325 0.73515625 0.0703125 0.1125
4 0.50703125 0.65390625 0.0953125 0.175
4 0.62109375 0.60390625 0.0515625 0.10625
4 0.7484375 0.6125 0.096875 0.1921875
4 0.778125 0.53984375 0.0453125 0.128125
4 0.80625 0.49609375 0.053125 0.084375
4 0.59453125 0.5671875 0.04375 0.053125
4 0.07421875 0.71640625 0.0546875 0.140625
4 0.68984375 0.58046875 0.046875 0.065625
4 0.8046875 0.44375 0.0453125 0.0765625
4 0.05390625 0.61953125 0.053125 0.1078125
2 0.30390625 0.8109375 0.259375 0.1609375
2 0.50078125 0.72265625 0.321875 0.2328125
2 0.72421875 0.71875 0.278125 0.1546875
2 0.89296875 0.6671875 0.2140625 0.159375
2 0.30390625 0.6625 0.146875 0.075
2 0.12578125 0.8421875 0.16875 0.146875
2 0.40625 0.61640625 0.1046875 0.0984375
2 0.6625 0.6578125 0.178125 0.090625
2 0.2 0.6125 0.1140625 0.0609375
2 0.89921875 0.5109375 0.2015625 0.103125
2 0.1890625 0.4828125 0.1046875 0.1078125
2 0.0390625 0.52421875 0.0453125 0.03125
2 0.0953125 0.48984375 0.0609375 0.0921875
4 0.215625 0.9890625 0.1125 0.021875
4 0.365625 0.984375 0.0625 0.03125
4 0.80078125 0.9390625 0.0734375 0.05
2 0.3265625 0.9390625 0.259375 0.121875
2 0.534375 0.93203125 0.309375 0.1359375
2 0.7546875 0.9125 0.278125 0.146875
2 0.9125 0.8890625 0.175 0.125
2 0.146875 0.95546875 0.16875 0.0890625