2 0.15 0.465625 0.05625 0.053125
2 0.3359375 0.4828125 0.1109375 0.025
2 0.434375 0.478125 0.0625 0.0328125
2 0.196875 0.4640625 0.03125 0.0390625
4 0.771875 0.553125 0.0359375 0.065625
4 0.7234375 0.5046875 0.0109375 0.0109375
2 0.15 0.05625 0.05625 0.053125
2 0.15 0.99140625 0.05625 0.0171875
2 0.3359375 0.0390625 0.1109375 0.025
2 0.33515625 0.98984375 0.1109375 0.0203125
2 0.434375 0.04375 0.0625 0.0328125
2 0.434375 0.98984375 0.0625 0.0203125
2 0.196875 0.0578125 0.03125 0.0390625
2 0.196875 0.9953125 0.03125 0.009375
4 0.771875 0.921875 0.0359375 0.065625
4 0.7234375 0.0171875 0.0109375 0.0109375
4 0.7234375 0.9703125 0.0109375 0.0109375