2 0.48828125 0.8015625 0.6796875 0.3921875
2 0.4796875 0.53984375 0.64375 0.3328125
2 0.4140625 0.059375 0.190625 0.11875
2 0.36484375 0.2078125 0.384375 0.1453125
2 0.74609375 0.12578125 0.2015625 0.15
2 0.40390625 0.3375 0.4734375 0.2078125
2 0.6109375 0.09296875 0.2875 0.146875
2 0.3828125 0.04609375 0.371875 0.0921875
4 0.6796875 0.2375 0.084375 0.25
2 0.08046875 0.7859375 0.1609375 0.375
2 0.90546875 0.8140625 0.1796875 0.371875
2 0.08515625 0.52421875 0.1703125 0.3171875
2 0.9296875 0.5546875 0.140625 0.315625
2 0.09296875 0.19765625 0.1703125 0.1390625
2 0.92265625 0.13125 0.1546875 0.15
2 0.08828125 0.325 0.171875 0.1984375
2 0.96875 0.1046875 0.0625 0.140625
2 0.08984375 0.0390625 0.1515625 0.078125
4 0.98046875 0.24765625 0.0390625 0.2484375