2 0.93125 0.4546875 0.0484375 0.0171875
4 0.671875 0.528125 0.0046875 0.0171875
4 0.634375 0.5234375 0.009375 0.009375
4 0.884375 0.5546875 0.00625 0.01875
4 0.896875 0.5546875 0.0046875 0.0140625
2 0.815625 0.41875 0.059375 0.0125
2 0.8515625 0.434375 0.0125 0.040625
2 0.715625 0.428125 0.0125 0.025
4 0.53125 0.521875 0.00625 0.0171875
4 0.5625 0.5296875 0.0109375 0.015625
4 0.8078125 0.553125 0.0109375 0.0203125
4 0.659375 0.54375 0.00625 0.0125
4 0.7640625 0.54375 0.0046875 0.0140625
4 0.6140625 0.521875 0.009375 0.015625