2 0.53671875 0.6921875 0.3859375 0.178125
2 0.4984375 0.590625 0.1921875 0.0953125
2 0.65625 0.55703125 0.1671875 0.075
2 0.88671875 0.56484375 0.1234375 0.065625
2 0.78125 0.59609375 0.1921875 0.15
2 0.821875 0.5 0.2359375 0.034375
2 0.8109375 0.515625 0.246875 0.05
2 0.5375 0.35625 0.13125 0.09375
2 0.87421875 0.45078125 0.109375 0.0359375
4 0.68671875 0.35625 0.0171875 0.0296875
2 0.66640625 0.653125 0.1921875 0.15625
2 0.17265625 0.703125 0.3078125 0.128125
2 0.17890625 0.4359375 0.3078125 0.178125
2 0.3609375 0.3671875 0.2515625 0.0953125
2 0.821875 0.4515625 0.1140625 0.059375
2 0.53046875 0.8734375 0.3859375 0.178125
2 0.48359375 0.96171875 0.1921875 0.0765625
2 0.640625 0.9890625 0.165625 0.021875
2 0.871875 0.9953125 0.121875 0.009375
2 0.76875 0.95546875 0.190625 0.0890625
2 0.54765625 0.084375 0.13125 0.09375
2 0.88828125 0.02109375 0.1078125 0.01875
4 0.6953125 0.09375 0.0171875 0.0296875
2 0.65703125 0.92109375 0.1921875 0.15625
2 0.16796875 0.83671875 0.3078125 0.128125
2 0.19140625 0.03359375 0.3046875 0.0671875
2 0.371875 0.0609375 0.2515625 0.0953125
2 0.8375 0.02421875 0.1140625 0.0296875