2 0.8203125 0.2703125 0.3578125 0.18125
4 0.5796875 0.4421875 0.146875 0.153125
4 0.2921875 0.3328125 0.084375 0.1453125
4 0.6046875 0.6609375 0.1328125 0.34375
4 0.2328125 0.4 0.0609375 0.2859375
4 0.79375 0.634375 0.05625 0.1625
4 0.825 0.6734375 0.14375 0.31875
2 0.81953125 0.07578125 0.3578125 0.1515625
4 0.2921875 0.03515625 0.084375 0.0703125
4 0.60390625 0.91640625 0.1328125 0.1671875
4 0.23203125 0.03671875 0.0609375 0.0734375
4 0.79375 0.975 0.05625 0.05
4 0.825 0.91640625 0.14375 0.1671875