2 0.89453125 0.46171875 0.2109375 0.2765625
2 0.7328125 0.440625 0.1828125 0.2140625
2 0.35078125 0.396875 0.3140625 0.4125
2 0.1703125 0.3890625 0.2625 0.36875
2 0.5765625 0.42890625 0.203125 0.2703125
4 0.50703125 0.4140625 0.03125 0.0390625
4 0.53828125 0.41640625 0.0296875 0.0375
4 0.80859375 0.4375 0.0484375 0.0703125
4 0.99296875 0.4671875 0.0140625 0.05625
4 0.415625 0.4046875 0.025 0.0328125
2 0.8625 0.49609375 0.0265625 0.0734375
2 0.39453125 0.05234375 0.2796875 0.1046875
2 0.21796875 0.02421875 0.2296875 0.0484375