4 0.434375 0.5015625 0.06875 0.140625
4 0.2234375 0.42265625 0.034375 0.0671875
4 0.99140625 0.228125 0.0171875 0.01875
4 0.76328125 0.20390625 0.01875 0.025
4 0.7265625 0.21953125 0.03125 0.053125
4 0.7046875 0.21796875 0.0203125 0.053125
4 0.33125 0.1828125 0.0203125 0.021875
4 0.6046875 0.215625 0.025 0.0453125
4 0.3125 0.1796875 0.0203125 0.0203125
4 0.7484375 0.21953125 0.03125 0.05625
4 0.2578125 0.19921875 0.0171875 0.046875
2 0.76640625 0.6375 0.1609375 0.0515625
4 0.5140625 0.2046875 0.0171875 0.0484375
4 0.2078125 0.19609375 0.0234375 0.0546875
4 0.47109375 0.2015625 0.1890625 0.0796875
4 0.99375 0.16875 0.0125 0.01875
4 0.76640625 0.16328125 0.01875 0.025
4 0.73203125 0.1421875 0.03125 0.053125
4 0.71015625 0.140625 0.0203125 0.053125
4 0.33515625 0.1234375 0.0203125 0.021875
4 0.61015625 0.12890625 0.025 0.0453125
4 0.31640625 0.1234375 0.0203125 0.0203125
4 0.753125 0.1453125 0.03125 0.05625
4 0.26484375 0.096875 0.0171875 0.046875
4 0.51953125 0.12734375 0.0171875 0.0484375
4 0.21484375 0.09296875 0.0234375 0.0546875
4 0.47578125 0.12421875 0.1890625 0.0796875