2 0.30625 0.7359375 0.4546875 0.14375
2 0.6296875 0.7375 0.134375 0.0375
2 0.7890625 0.74375 0.1109375 0.05
4 0.134375 0.7296875 0.028125 0.01875
4 0.1078125 0.7046875 0.0109375 0.0421875
2 0.646875 0.7125 0.121875 0.0265625
2 0.8625 0.7 0.05 0.021875
2 0.540625 0.740625 0.0546875 0.0171875
2 0.915625 0.7171875 0.1359375 0.053125
2 0.103125 0.759375 0.1125 0.05
2 0.30546875 0.92890625 0.4546875 0.1421875
2 0.6296875 0.928125 0.134375 0.0375
2 0.7890625 0.921875 0.1109375 0.05
4 0.134375 0.9359375 0.028125 0.01875
4 0.1078125 0.9609375 0.0109375 0.0421875
2 0.646875 0.953125 0.121875 0.0265625
2 0.8625 0.965625 0.05 0.021875
2 0.540625 0.925 0.0546875 0.0171875
2 0.915625 0.9484375 0.1359375 0.053125
2 0.103125 0.90625 0.1125 0.05