2 0.2734375 0.48984375 0.0453125 0.0453125
2 0.54140625 0.5 0.1703125 0.0671875
2 0.74609375 0.47890625 0.1328125 0.05
2 0.1203125 0.546875 0.1109375 0.05
2 0.54296875 0.46796875 0.034375 0.025
2 0.50546875 0.453125 0.14375 0.0625
2 0.76953125 0.44453125 0.1125 0.0578125
4 0.375 0.471875 0.0109375 0.0203125
4 0.27109375 0.49375 0.009375 0.015625
4 0.709375 0.471875 0.034375 0.0390625
4 0.5203125 0.49140625 0.015625 0.01875
4 0.90234375 0.38984375 0.0375 0.0453125
4 0.50234375 0.49453125 0.0390625 0.0375
4 0.534375 0.46484375 0.0078125 0.0140625
4 0.4953125 0.4578125 0.0078125 0.01875
4 0.6703125 0.42734375 0.0203125 0.0171875
4 0.7703125 0.4328125 0.0109375 0.015625
4 0.47265625 0.45625 0.00625 0.0125
2 0.65 0.4296875 0.03125 0.0375
2 0.9046875 0.42109375 0.175 0.059375
2 0.93515625 0.38671875 0.0921875 0.0515625
2 0.67265625 0.4375 0.025 0.0125
2 0.3671875 0.48125 0.046875 0.034375