4 0.6015625 0.63125 0.109375 0.121875
4 0.76875 0.7609375 0.20625 0.125
4 0.275 0.790625 0.13125 0.078125
4 0.05625 0.625 0.025 0.021875
2 0.459375 0.2046875 0.0609375 0.078125
2 0.0546875 0.21875 0.0234375 0.034375
2 0.2140625 0.221875 0.0171875 0.0328125
2 0.321875 0.23125 0.025 0.0140625
2 0.590625 0.225 0.0296875 0.028125
2 0.7921875 0.221875 0.01875 0.034375
2 0.7625 0.2328125 0.0203125 0.015625
4 0.5109375 0.815625 0.1109375 0.034375
2 0.0234375 0.2046875 0.0453125 0.0765625
2 0.0765625 0.2203125 0.0171875 0.03125
2 0.146875 0.2203125 0.01875 0.0328125
4 0.6015625 0.98671875 0.109375 0.0265625
4 0.76875 0.9046875 0.20625 0.125
4 0.275 0.875 0.13125 0.078125
2 0.459375 0.1265625 0.0609375 0.078125
2 0.0546875 0.1125 0.0234375 0.034375
2 0.2140625 0.109375 0.0171875 0.0328125
2 0.321875 0.1 0.025 0.0140625
2 0.590625 0.10625 0.0296875 0.028125
2 0.7921875 0.109375 0.01875 0.034375
2 0.7625 0.0984375 0.0203125 0.015625
4 0.5109375 0.85 0.1109375 0.034375
2 0.0234375 0.1265625 0.0453125 0.0765625
2 0.0765625 0.1109375 0.0171875 0.03125
2 0.146875 0.1109375 0.01875 0.0328125