2 0.02265625 0.4 0.0453125 0.028125
2 0.184375 0.39375 0.0875 0.0421875
2 0.40703125 0.4234375 0.08125 0.034375
2 0.4390625 0.48046875 0.0859375 0.0234375
2 0.2109375 0.6234375 0.0375 0.0375
2 0.6171875 0.5609375 0.08125 0.0359375
2 0.653125 0.4703125 0.084375 0.0359375
2 0.875 0.4890625 0.0734375 0.0375
2 0.7875 0.4015625 0.0890625 0.0375
2 0.9 0.440625 0.1046875 0.0375
2 0.61328125 0.4125 0.0984375 0.0375
2 0.4421875 0.51953125 0.065625 0.0328125
2 0.66484375 0.50390625 0.0859375 0.0296875
2 0.225 0.53671875 0.0671875 0.05
2 0.23515625 0.590625 0.0421875 0.034375
2 0.2578125 0.6640625 0.0796875 0.0296875
2 0.29765625 0.69453125 0.0625 0.025
2 0.3890625 0.6140625 0.065625 0.0359375
2 0.415625 0.5734375 0.0515625 0.0359375
2 0.440625 0.52265625 0.065625 0.040625
2 0.4734375 0.63984375 0.0640625 0.0421875
2 0.653125 0.67578125 0.078125 0.0421875
2 0.590625 0.71640625 0.0546875 0.0296875
2 0.81015625 0.5421875 0.06875 0.0484375
2 0.8734375 0.57578125 0.078125 0.0375
2 0.8609375 0.61875 0.0953125 0.0390625
2 0.87734375 0.65546875 0.0875 0.0390625
2 0.775 0.7421875 0.0921875 0.0375
2 0.56015625 0.75859375 0.071875 0.034375
2 0.3484375 0.7265625 0.05625 0.0296875
2 0.18828125 0.74140625 0.065625 0.0328125
2 0.1828125 0.78359375 0.071875 0.0296875
2 0.15703125 0.70703125 0.078125 0.0234375
2 0.1125 0.67265625 0.05 0.0359375
2 0.0359375 0.55859375 0.0671875 0.03125
2 0.01953125 0.39765625 0.0390625 0.0359375
2 0.03359375 0.5140625 0.0671875 0.040625
2 0.11796875 0.3421875 0.065625 0.0375
2 0.18203125 0.2984375 0.0625 0.04375
2 0.09453125 0.26171875 0.0625 0.0296875
2 0.28671875 0.34296875 0.065625 0.028125
2 0.32265625 0.25234375 0.0859375 0.0375
2 0.44375 0.28125 0.1140625 0.0375
2 0.57890625 0.234375 0.075 0.04375
2 0.678125 0.27109375 0.11875 0.06875
2 0.64375 0.31953125 0.0625 0.03125
2 0.478125 0.32421875 0.09375 0.034375
2 0.78125 0.3515625 0.0640625 0.034375
2 0.8203125 0.28984375 0.090625 0.046875
2 0.915625 0.2421875 0.1140625 0.034375
2 0.9578125 0.30078125 0.059375 0.0375
2 0.97890625 0.52578125 0.0421875 0.0453125
2 0.8796875 0.490625 0.0859375 0.040625
2 0.65625 0.6328125 0.08125 0.0421875
2 0.7578125 0.696875 0.0671875 0.0359375
2 0.590625 0.36328125 0.090625 0.04375
2 0.0125 0.1109375 0.025 0.028125
2 0.16328125 0.09453125 0.0875 0.0421875
2 0.3796875 0.03359375 0.08125 0.034375
2 0.23515625 0.97265625 0.0375 0.0375
2 0.6453125 0.97734375 0.08125 0.034375
2 0.75859375 0.01015625 0.0890625 0.0203125
2 0.58515625 0.0171875 0.0984375 0.034375
2 0.26328125 0.9921875 0.0421875 0.015625
2 0.27578125 0.92578125 0.0796875 0.0296875
2 0.3109375 0.890625 0.0625 0.025
2 0.41328125 0.95703125 0.065625 0.0359375
2 0.44453125 0.9875 0.0515625 0.025
2 0.49375 0.9203125 0.0640625 0.0421875
2 0.66640625 0.859375 0.078125 0.0421875
2 0.5984375 0.828125 0.0546875 0.0296875
2 0.8390625 0.9625 0.0671875 0.034375
2 0.89765625 0.928125 0.078125 0.0375
2 0.8796875 0.88671875 0.0953125 0.0390625
2 0.890625 0.8484375 0.0875 0.0390625
2 0.778125 0.7765625 0.0921875 0.0375
2 0.5625 0.78984375 0.071875 0.034375
2 0.35703125 0.8515625 0.05625 0.0296875
2 0.19609375 0.859375 0.065625 0.0328125
2 0.18515625 0.81796875 0.071875 0.0296875
2 0.1703125 0.89765625 0.078125 0.0234375
2 0.13125 0.9375 0.05 0.0359375
2 0.009375 0.11171875 0.01875 0.0359375
2 0.1046875 0.1546875 0.065625 0.0375
2 0.17421875 0.1890625 0.0625 0.04375
2 0.09296875 0.2375 0.0625 0.0296875
2 0.271875 0.13046875 0.065625 0.028125
2 0.3203125 0.21484375 0.0859375 0.0375
2 0.4359375 0.16953125 0.1140625 0.0375
2 0.57578125 0.196875 0.075 0.04375
2 0.66953125 0.146875 0.11875 0.06875
2 0.62890625 0.10390625 0.0625 0.03125
2 0.4640625 0.121875 0.09375 0.034375
2 0.76015625 0.05234375 0.0640625 0.034375
2 0.8078125 0.10859375 0.090625 0.046875
2 0.90859375 0.1421875 0.1140625 0.034375
2 0.9421875 0.07890625 0.059375 0.0375
2 0.99375 0.953125 0.0125 0.028125
2 0.675 0.9015625 0.08125 0.0421875
2 0.7671875 0.82421875 0.0671875 0.0359375
2 0.5703125 0.0671875 0.090625 0.04375