2 0.7296875 0.375 0.0625 0.1046875
4 0.2484375 0.653125 0.028125 0.0671875
4 0.7796875 0.6578125 0.034375 0.0703125
4 0.75625 0.7109375 0.0234375 0.08125
4 0.696875 0.6625 0.021875 0.071875
4 0.38125 0.6421875 0.028125 0.08125
4 0.3125 0.65 0.03125 0.078125
4 0.25625 0.646875 0.009375 0.03125
4 0.20625 0.6515625 0.01875 0.0703125
4 0.190625 0.6796875 0.0203125 0.078125
4 0.475 0.7046875 0.0328125 0.0859375
4 0.4125 0.65625 0.021875 0.071875
4 0.340625 0.65 0.01875 0.0703125
4 0.6828125 0.75625 0.0265625 0.0296875
2 0.9390625 0.375 0.0625 0.1046875
4 0.0828125 0.653125 0.028125 0.0671875
4 0.8890625 0.6578125 0.034375 0.0703125
4 0.9125 0.7109375 0.0234375 0.08125
4 0.971875 0.6625 0.021875 0.071875
4 0.01875 0.65 0.03125 0.078125
4 0.075 0.646875 0.009375 0.03125
4 0.125 0.6515625 0.01875 0.0703125
4 0.140625 0.6796875 0.0203125 0.078125
4 0.9859375 0.75625 0.0265625 0.0296875