4 0.1390625 0.675 0.103125 0.1828125
4 0.290625 0.7046875 0.0546875 0.1046875
4 0.4828125 0.653125 0.0703125 0.165625
4 0.603125 0.621875 0.0359375 0.1015625
4 0.728125 0.65 0.06875 0.184375
4 0.76875 0.5828125 0.0265625 0.125
4 0.803125 0.54375 0.0421875 0.078125
4 0.5828125 0.58125 0.0359375 0.0484375
4 0.0453125 0.646875 0.034375 0.1375
4 0.675 0.609375 0.0375 0.0609375
4 0.809375 0.4921875 0.034375 0.071875
4 0.040625 0.5484375 0.0375 0.103125
2 0.2578125 0.7765625 0.2421875 0.125
2 0.465625 0.7203125 0.2953125 0.1890625
2 0.6875 0.7515625 0.2640625 0.1140625
2 0.88125 0.7296875 0.234375 0.125
2 0.28125 0.6296875 0.140625 0.053125
2 0.0765625 0.7796875 0.1515625 0.125
2 0.3890625 0.6 0.0921875 0.084375
2 0.6359375 0.68125 0.1703125 0.0640625
2 0.1859375 0.5640625 0.1078125 0.0453125
2 0.8984375 0.575 0.203125 0.071875
2 0.1953125 0.434375 0.090625 0.0953125
2 0.040625 0.4515625 0.0421875 0.025
2 0.1015625 0.4265625 0.0484375 0.0859375
4 0.1390625 0.96796875 0.103125 0.0640625
4 0.28984375 0.97265625 0.0546875 0.0546875
4 0.728125 0.98046875 0.06875 0.0390625
2 0.2578125 0.9265625 0.2421875 0.125
2 0.46484375 0.94375 0.2953125 0.1125
2 0.68671875 0.946875 0.2640625 0.10625
2 0.88125 0.95546875 0.234375 0.0890625
2 0.0765625 0.9234375 0.1515625 0.125