2 0.246875 0.471875 0.0875 0.04375
2 0.853125 0.35234375 0.26875 0.1375
2 0.94609375 0.39765625 0.0765625 0.0375
2 0.0203125 0.5125 0.040625 0.03125
4 0.35 0.5234375 0.125 0.2546875
4 0.63828125 0.67421875 0.1484375 0.2015625
4 0.78046875 0.6640625 0.1859375 0.2140625
4 0.72890625 0.4890625 0.1328125 0.2421875
4 0.8375 0.39296875 0.0078125 0.0140625
4 0.48828125 0.4453125 0.0078125 0.009375
2 0.4015625 0.46015625 0.0921875 0.040625
4 0.84765625 0.38671875 0.0109375 0.01875
4 0.821875 0.928125 0.1640625 0.0765625