2 0.3 0.6828125 0.3375 0.1890625
2 0.84453125 0.6734375 0.3109375 0.275
2 0.5890625 0.5453125 0.1609375 0.0421875
4 0.29921875 0.6734375 0.053125 0.0609375
4 0.315625 0.66796875 0.04375 0.0578125
4 0.2234375 0.68671875 0.0359375 0.06875
4 0.35078125 0.6546875 0.0390625 0.0515625
4 0.37109375 0.6265625 0.021875 0.025
4 0.384375 0.63828125 0.028125 0.046875
4 0.3984375 0.61796875 0.0203125 0.0359375
4 0.41171875 0.6234375 0.0328125 0.046875
4 0.92265625 0.478125 0.0234375 0.0375
4 0.33515625 0.64765625 0.0265625 0.0453125
2 0.80625 0.53359375 0.0390625 0.03125
4 0.5796875 0.54140625 0.009375 0.0125
4 0.5765625 0.54609375 0.0140625 0.0140625
2 0.6046875 0.49609375 0.025 0.0125
2 0.62890625 0.4875 0.0140625 0.00625
2 0.76328125 0.48125 0.0140625 0.009375
2 0.64296875 0.48203125 0.0140625 0.0109375
2 0.753125 0.47109375 0.0125 0.0125
2 0.66875 0.47421875 0.0109375 0.00625
2 0.690625 0.46953125 0.009375 0.009375
4 0.61171875 0.528125 0.0109375 0.0140625
2 0.31875 0.959375 0.33125 0.08125
2 0.85390625 0.896875 0.2921875 0.178125
4 0.3203125 0.99609375 0.05 0.0078125
4 0.24453125 0.9921875 0.0328125 0.015625