2 0.55546875 0.6125 0.7796875 0.2671875
4 0.9609375 0.478125 0.01875 0.040625
4 0.8625 0.47265625 0.0125 0.0265625
4 0.84765625 0.48125 0.025 0.0265625
4 0.1390625 0.603125 0.0234375 0.04375
4 0.121875 0.60546875 0.0203125 0.053125
4 0.67578125 0.56015625 0.025 0.040625
4 0.925 0.471875 0.0171875 0.025
4 0.85390625 0.47890625 0.0125 0.01875
4 0.971875 0.4796875 0.015625 0.021875
2 0.17734375 0.728125 0.1046875 0.053125
4 0.86953125 0.4671875 0.00625 0.0078125
3 0.334375 0.48984375 0.0171875 0.015625
3 0.33046875 0.5046875 0.015625 0.0140625
3 0.3453125 0.4984375 0.0140625 0.0140625
3 0.340625 0.51328125 0.0140625 0.0140625
3 0.35 0.50859375 0.0109375 0.0125
3 0.36796875 0.5046875 0.0125 0.0125
3 0.38125 0.48515625 0.01875 0.0140625
3 0.3890625 0.496875 0.015625 0.0125
3 0.38046875 0.5265625 0.0109375 0.0140625
3 0.38515625 0.54609375 0.0109375 0.015625
3 0.37578125 0.5140625 0.0125 0.0140625
3 0.38671875 0.5109375 0.0140625 0.0140625
3 0.40078125 0.503125 0.015625 0.015625
3 0.44375 0.4796875 0.015625 0.0171875
3 0.45703125 0.48671875 0.0140625 0.0125
3 0.4453125 0.49375 0.0109375 0.0109375
3 0.4375 0.50390625 0.0125 0.0125
3 0.52265625 0.45703125 0.01875 0.01875
3 0.56875 0.5171875 0.0140625 0.015625
3 0.509375 0.465625 0.015625 0.015625
3 0.4859375 0.4578125 0.015625 0.0140625
3 0.48046875 0.47265625 0.015625 0.0140625
3 0.49609375 0.4703125 0.015625 0.0140625
3 0.5 0.4796875 0.015625 0.0109375
3 0.4671875 0.4796875 0.0140625 0.0140625
3 0.47890625 0.4859375 0.015625 0.015625
3 0.465625 0.5046875 0.0140625 0.0109375
3 0.46875 0.49140625 0.009375 0.0125
3 0.45546875 0.5 0.009375 0.0078125
3 0.4796875 0.503125 0.0109375 0.009375