2 0.5796875 0.58671875 0.584375 0.2921875
2 0.20546875 0.43359375 0.1546875 0.065625
4 0.69765625 0.42890625 0.1375 0.2796875
4 0.503125 0.3578125 0.0375 0.090625
4 0.61640625 0.30390625 0.046875 0.05625
2 0.67578125 0.4078125 0.6484375 0.246875
4 0.5515625 0.3234375 0.0421875 0.053125
2 0.59140625 0.91171875 0.5796875 0.1765625
2 0.19140625 0.03203125 0.1546875 0.0484375
4 0.68515625 0.0671875 0.1328125 0.134375
4 0.49296875 0.0796875 0.0375 0.090625
4 0.61015625 0.12578125 0.046875 0.05625
2 0.66484375 0.0703125 0.6453125 0.140625
4 0.54453125 0.1109375 0.0421875 0.053125