2 0.5296875 0.50703125 0.16875 0.0734375
4 0.33359375 0.6125 0.3125 0.546875
4 0.6765625 0.4046875 0.021875 0.021875
4 0.57578125 0.43203125 0.0328125 0.04375
4 0.4984375 0.4078125 0.040625 0.071875
4 0.17890625 0.4328125 0.0375 0.0859375
4 0.79609375 0.38515625 0.0140625 0.03125
4 0.4734375 0.41015625 0.025 0.0546875
4 0.61328125 0.43359375 0.034375 0.0390625
4 0.23828125 0.4375 0.0265625 0.0578125
2 0.0546875 0.6515625 0.10625 0.184375
4 0.534375 0.4078125 0.021875 0.0484375
4 0.58984375 0.4296875 0.0234375 0.028125
4 0.63203125 0.4328125 0.0328125 0.0328125
4 0.603125 0.40703125 0.0140625 0.0390625
4 0.91640625 0.38046875 0.04375 0.0203125
3 0.56484375 0.53203125 0.0875 0.025
4 0.34453125 0.9375 0.2984375 0.125