2 0.74765625 0.8734375 0.1515625 0.253125
2 0.73515625 0.57734375 0.196875 0.1828125
2 0.42890625 0.66171875 0.178125 0.196875
2 0.48203125 0.29765625 0.0640625 0.0421875
2 0.63671875 0.428125 0.1421875 0.103125
2 0.5140625 0.28125 0.075 0.05625
2 0.5375 0.2765625 0.071875 0.0640625
4 0.4484375 0.640625 0.115625 0.1296875
2 0.765625 0.6734375 0.125 0.159375
2 0.584375 0.234375 0.046875 0.0296875
4 0.39453125 0.64765625 0.053125 0.0921875
2 0.89140625 0.8765625 0.1515625 0.246875
2 0.91328125 0.58203125 0.1734375 0.1828125
2 0.98046875 0.4390625 0.0390625 0.1
2 0.8875 0.67734375 0.125 0.159375