2 0.5 0.59609375 1 0.5234375
4 0.5078125 0.3625 0.11875 0.2359375
4 0.3578125 0.3640625 0.1 0.13125
4 0.590625 0.3625 0.1046875 0.271875
4 0.715625 0.353125 0.184375 0.2921875
4 0.834375 0.26328125 0.0203125 0.028125
4 0.46328125 0.378125 0.0640625 0.1453125
4 0.953125 0.2609375 0.0578125 0.1
2 0.50625 0.9125 0.9875 0.175
4 0.4953125 0.03359375 0.1125 0.0671875
4 0.57734375 0.03984375 0.0984375 0.0796875
4 0.7046875 0.04453125 0.178125 0.0890625
4 0.82578125 0.02578125 0.0203125 0.028125
4 0.94296875 0.034375 0.0578125 0.06875