2 0.22890625 0.7078125 0.065625 0.0359375
4 0.621875 0.75703125 0.0171875 0.0296875
4 0.6984375 0.75390625 0.021875 0.021875
4 0.66171875 0.69140625 0.0140625 0.0359375
4 0.68203125 0.7 0.0125 0.0328125
4 0.0671875 0.68046875 0.015625 0.028125
4 0.74609375 0.69609375 0.0109375 0.015625
2 0.715625 0.76171875 0.2765625 0.0234375
4 0.22421875 0.703125 0.0125 0.01875
2 0.06328125 0.7046875 0.1125 0.0203125
4 0.675 0.6671875 0.0125 0.0328125
4 0.73515625 0.753125 0.0265625 0.0296875
4 0.3125 0.67265625 0.01875 0.01875
4 0.3046875 0.64140625 0.0109375 0.0140625
4 0.2890625 0.6421875 0.009375 0.0125
2 0.23828125 0.9734375 0.065625 0.0359375
4 0.6265625 0.89765625 0.0171875 0.0296875
4 0.703125 0.89453125 0.021875 0.021875
4 0.67109375 0.96015625 0.0140625 0.0359375
4 0.690625 0.95 0.0125 0.0328125
4 0.7546875 0.94921875 0.0109375 0.015625
2 0.71953125 0.8859375 0.2765625 0.0234375
4 0.23359375 0.978125 0.0125 0.01875
2 0.07265625 0.98828125 0.1125 0.0203125
4 0.68515625 0.9796875 0.0125 0.028125
4 0.740625 0.89375 0.0265625 0.0296875
4 0.3234375 0.996875 0.01875 0.00625