2 0.7 0.6859375 0.0953125 0.1375
2 0.5359375 0.678125 0.084375 0.1109375
2 0.15625 0.696875 0.025 0.0125
2 0.140625 0.68125 0.01875 0.00625
2 0.6203125 0.675 0.05625 0.01875
2 0.4609375 0.678125 0.028125 0.0078125
2 0.490625 0.6796875 0.03125 0.00625
2 0.5140625 0.6796875 0.0171875 0.00625
2 0.2546875 0.6609375 0.0640625 0.046875
2 0.184375 0.6765625 0.0296875 0.009375
2 0.925 0.703125 0.03125 0.009375
2 0.215625 0.6734375 0.0375 0.0203125
2 0.69921875 0.95546875 0.0953125 0.0890625
2 0.5359375 0.965625 0.084375 0.06875
2 0.15625 0.96875 0.025 0.0125
2 0.140625 0.984375 0.01875 0.00625
2 0.6203125 0.990625 0.05625 0.01875
2 0.4609375 0.9875 0.028125 0.0078125
2 0.490625 0.9859375 0.03125 0.00625
2 0.5140625 0.9859375 0.0171875 0.00625
2 0.25390625 0.990625 0.0640625 0.01875
2 0.184375 0.9890625 0.0296875 0.009375
2 0.925 0.9625 0.03125 0.009375
2 0.215625 0.990625 0.0375 0.01875