2 0.303125 0.5265625 0.5015625 0.2171875
2 0.51328125 0.2890625 0.26875 0.2921875
4 0.68984375 0.49140625 0.253125 0.5046875
4 0.7703125 0.42890625 0.240625 0.4671875
4 0.490625 0.434375 0.0359375 0.0421875
4 0.4359375 0.44296875 0.0390625 0.0578125
4 0.4203125 0.4390625 0.04375 0.0671875
4 0.359375 0.45859375 0.0328125 0.0515625
4 0.29609375 0.48203125 0.0515625 0.0453125
4 0.178125 0.50546875 0.0515625 0.0484375
4 0.2453125 0.490625 0.0609375 0.0546875
4 0.4875 0.440625 0.0140625 0.0171875
2 0.3578125 0.40859375 0.0859375 0.08125
4 0.3984375 0.44609375 0.040625 0.0453125
2 0.5140625 0.68046875 0.971875 0.5390625
2 0.45546875 0.0890625 0.2453125 0.178125
4 0.79375 0.87734375 0.1578125 0.1484375
2 0.5515625 0.84609375 0.896875 0.3078125