2 0.05390625 0.2453125 0.053125 0.0265625
2 0.7484375 0.3984375 0.015625 0.0125
4 0.315625 0.49140625 0.403125 0.7453125
4 0.1125 0.384375 0.128125 0.121875
4 0.128125 0.34765625 0.034375 0.071875
4 0.46875 0.409375 0.0359375 0.046875
4 0.8640625 0.53359375 0.065625 0.125
4 0.75703125 0.4609375 0.0515625 0.05
4 0.8125 0.47890625 0.034375 0.040625
4 0.90859375 0.4953125 0.034375 0.0703125
4 0.40546875 0.3984375 0.04375 0.0921875
4 0.9203125 0.5109375 0.0375 0.046875
4 0.1671875 0.36171875 0.040625 0.0890625
4 0.8546875 0.48046875 0.0140625 0.01875
4 0.84765625 0.490625 0.015625 0.0265625