2 0.9421875 0.3890625 0.0390625 0.015625
2 0.984375 0.39375 0.03125 0.0109375
4 0.6046875 0.409375 0.0625 0.0890625
4 0.684375 0.4390625 0.1 0.15
4 0.76875 0.434375 0.0546875 0.046875
4 0.4609375 0.4171875 0.059375 0.06875
4 0.8421875 0.4515625 0.0671875 0.0734375
2 0.7171875 0.3859375 0.0203125 0.009375
2 0.8890625 0.3859375 0.0109375 0.009375
2 0.8265625 0.3859375 0.0125 0.0078125
2 0.8203125 0.3828125 0.01875 0.0046875
2 0.79375 0.378125 0.0125 0.003125
2 0.74375 0.38125 0.0109375 0.0078125
4 0.85 0.4234375 0.0546875 0.0359375
2 0.578125 0.38125 0.00625 0.00625
2 0.534375 0.3796875 0.0078125 0.00625
4 0.396875 0.4296875 0.1 0.1484375
2 0.559375 0.3859375 0.0125 0.0015625