4 0.4265625 0.6296875 0.1046875 0.246875
4 0.4796875 0.621875 0.134375 0.3125
4 0.7890625 0.521875 0.125 0.3
4 0.753125 0.5484375 0.16875 0.35
4 0.3296875 0.65625 0.1546875 0.31875
4 0.6453125 0.5703125 0.121875 0.2234375
4 0.55625 0.478125 0.0140625 0.046875
4 0.359375 0.546875 0.0296875 0.071875
4 0.103125 0.6984375 0.1125 0.2109375
4 0.125 0.621875 0.0484375 0.1125
4 0.89375 0.5828125 0.13125 0.271875
4 0.14375 0.6015625 0.0375 0.090625
2 0.61875 0.403125 0.053125 0.084375
2 0.5515625 0.4125 0.084375 0.1046875
4 0.6109375 0.55625 0.1078125 0.240625
4 0.42578125 0.95625 0.1046875 0.0875
4 0.4796875 0.94375 0.134375 0.1125
4 0.32890625 0.925 0.1546875 0.15
4 0.103125 0.93046875 0.1125 0.1390625