2 0.48671875 0.43359375 0.21875 0.4015625
2 0.87890625 0.46015625 0.08125 0.021875
4 0.52890625 0.50390625 0.028125 0.021875
2 0.196875 0.52421875 0.39375 0.1734375
2 0.80390625 0.4609375 0.0859375 0.034375
4 0.5015625 0.5015625 0.021875 0.025
4 0.54921875 0.50546875 0.0171875 0.0171875
4 0.4640625 0.503125 0.0140625 0.025
4 0.425 0.51875 0.0171875 0.025
4 0.4375 0.51640625 0.0203125 0.025
4 0.45234375 0.51484375 0.0203125 0.025
2 0.94140625 0.45703125 0.0484375 0.01875
4 0.475 0.49765625 0.0203125 0.0328125
4 0.48984375 0.50546875 0.0125 0.0171875
4 0.5375 0.459375 0.0234375 0.025