2 0.675 0.4046875 0.15625 0.04375
2 0.66484375 0.65703125 0.0171875 0.0375
2 0.575 0.29140625 0.1203125 0.04375
2 0.8171875 0.49453125 0.046875 0.0203125
2 0.45390625 0.18984375 0.11875 0.0265625
2 0.26171875 0.15546875 0.0546875 0.01875
2 0.39609375 0.1359375 0.040625 0.009375
2 0.796875 0.4328125 0.0296875 0.0109375
2 0.159375 0.2625 0.0515625 0.0234375
2 0.3640625 0.20390625 0.0484375 0.015625
2 0.3265625 0.20390625 0.0296875 0.015625
2 0.48046875 0.16484375 0.046875 0.021875
2 0.18984375 0.48828125 0.0265625 0.025
2 0.4453125 0.01796875 0.11875 0.0265625
2 0.25703125 0.071875 0.0546875 0.01875
2 0.39296875 0.0765625 0.040625 0.009375
2 0.35390625 0.01328125 0.0484375 0.015625
2 0.31640625 0.01640625 0.0296875 0.015625
2 0.47421875 0.03984375 0.046875 0.021875