2 0.8953125 0.4015625 0.1984375 0.0484375
2 0.3625 0.4625 0.225 0.0734375
4 0.421875 0.52265625 0.03125 0.040625
4 0.753125 0.5359375 0.0609375 0.0828125
4 0.71953125 0.5015625 0.0265625 0.0453125
4 0.1984375 0.57265625 0.1640625 0.2421875
4 0.36875 0.5671875 0.065625 0.0953125
4 0.41875 0.57109375 0.071875 0.0921875
4 0.89765625 0.51796875 0.0546875 0.0859375
4 0.93828125 0.51328125 0.0453125 0.0875
4 0.52890625 0.50703125 0.028125 0.046875
4 0.80078125 0.52578125 0.05 0.0640625
4 0.60390625 0.50703125 0.0203125 0.046875
4 0.578125 0.51640625 0.034375 0.05625