2 0.7984375 0.57421875 0.365625 0.2203125
2 0.40859375 0.603125 0.39375 0.1609375
2 0.09921875 0.60390625 0.175 0.059375
2 0.890625 0.46015625 0.21875 0.0859375
4 0.70390625 0.41484375 0.190625 0.1921875
4 0.2875 0.5296875 0.1671875 0.1703125
4 0.53515625 0.4765625 0.190625 0.134375
4 0.55078125 0.40234375 0.078125 0.1015625
4 0.4609375 0.3765625 0.084375 0.1703125
4 0.415625 0.39140625 0.071875 0.171875
4 0.34140625 0.4109375 0.0625 0.1578125
4 0.70703125 0.290625 0.084375 0.1875
4 0.09609375 0.56015625 0.05 0.046875
4 0.465625 0.3125 0.025 0.0453125
4 0.36171875 0.40078125 0.1015625 0.1375
2 0.2046875 0.58046875 0.059375 0.065625
4 0.32421875 0.421875 0.0578125 0.1390625
2 0.2234375 0.5515625 0.059375 0.034375
4 0.915625 0.38046875 0.084375 0.121875
2 0.84296875 0.92109375 0.3140625 0.1046875
4 0.4 0.03203125 0.0625 0.053125
4 0.353125 0.03828125 0.05 0.0453125
4 0.6578125 0.03203125 0.06875 0.0640625
4 0.415625 0.0328125 0.025 0.0453125