2 0.078125 0.44921875 0.084375 0.14375
4 0.65390625 0.7515625 0.25625 0.0828125
4 0.7984375 0.725 0.2046875 0.1328125
2 0.1796875 0.5015625 0.06875 0.0359375
2 0.32421875 0.515625 0.0375 0.015625
2 0.296875 0.50859375 0.015625 0.0109375
2 0.5171875 0.5203125 0.03125 0.0125
2 0.48828125 0.51171875 0.0171875 0.0171875
2 0.59921875 0.51640625 0.01875 0.009375
2 0.6484375 0.52890625 0.0171875 0.0109375
2 0.55 0.503125 0.0296875 0.0375
2 0.234375 0.4890625 0.0171875 0.0109375
2 0.30078125 0.478125 0.0265625 0.0625
2 0.1953125 0.4828125 0.0171875 0.0109375
2 0.42734375 0.5015625 0.0265625 0.0140625
4 0.63046875 0.99140625 0.2515625 0.0171875