4 0.353125 0.478125 0.403125 0.628125
4 0.3578125 0.403125 0.034375 0.05
4 0.046875 0.378125 0.09375 0.03125
4 0.0375 0.3140625 0.0421875 0.0390625
2 0.503125 0.18125 0.0140625 0.028125
4 0.5875 0.31875 0.0203125 0.05
4 0.134375 0.403125 0.0953125 0.05
4 0.05 0.4140625 0.0859375 0.0328125
2 0.48125 0.184375 0.0109375 0.0265625
2 0.915625 0.1671875 0.0203125 0.0359375
2 0.6421875 0.1765625 0.0265625 0.0296875
2 0.4484375 0.184375 0.0109375 0.03125
2 0.175 0.2 0.015625 0.0296875
2 0.0515625 0.203125 0.009375 0.021875
2 0.8484375 0.16875 0.0109375 0.0328125
2 0.6796875 0.1875 0.015625 0.0109375
2 0.2671875 0.1921875 0.0140625 0.03125
2 0.50234375 0.00859375 0.0140625 0.0171875
2 0.48046875 0.00625 0.0109375 0.0125
2 0.91484375 0.0171875 0.0203125 0.034375
2 0.64140625 0.0109375 0.0265625 0.021875
2 0.44765625 0.0078125 0.0109375 0.015625
2 0.84765625 0.015625 0.0109375 0.03125
2 0.26640625 0.00390625 0.0140625 0.0078125