4 0.76796875 0.734375 0.025 0.0484375
4 0.865625 0.5375 0.0171875 0.034375
4 0.859375 0.50859375 0.0109375 0.0140625
4 0.8765625 0.5046875 0.009375 0.0171875
4 0.853125 0.4890625 0.0125 0.0296875
4 0.76875 0.628125 0.025 0.046875
2 0.1046875 0.8078125 0.0875 0.05
2 0.775 0.15 0.303125 0.1359375
4 0.7484375 0.72109375 0.021875 0.0296875
4 0.86953125 0.521875 0.0171875 0.0359375
4 0.7359375 0.746875 0.0265625 0.0515625
4 0.85390625 0.51171875 0.009375 0.00625
4 0.84296875 0.46640625 0.0140625 0.0265625
4 0.65078125 0.6203125 0.0203125 0.0375
4 0.64609375 0.66015625 0.0140625 0.0140625
4 0.79296875 0.834375 0.025 0.0484375
4 0.840625 0.91796875 0.0203125 0.0265625
2 0.740625 0.040625 0.303125 0.08125
4 0.78203125 0.8546875 0.021875 0.0296875
4 0.75859375 0.83828125 0.0265625 0.0515625
4 0.71953125 0.95546875 0.0140625 0.0125