4 0.23125 0.578125 0.04375 0.059375
2 0.203125 0.61171875 0.1609375 0.10625
2 0.57890625 0.671875 0.453125 0.3296875
2 0.171875 0.5109375 0.1140625 0.0640625
2 0.340625 0.56875 0.0515625 0.03125
2 0.3828125 0.575 0.0625 0.040625
2 0.596875 0.634375 0.0734375 0.046875
2 0.75625 0.64296875 0.0703125 0.09375
4 0.91484375 0.72578125 0.015625 0.0328125
4 0.8921875 0.7203125 0.021875 0.0375
2 0.7890625 0.6828125 0.0359375 0.0265625
3 0.396875 0.71640625 0.0375 0.0375
3 0.2453125 0.63046875 0.0109375 0.0125
3 0.253125 0.6421875 0.009375 0.0140625
3 0.475 0.7265625 0.0359375 0.0328125
3 0.5640625 0.7453125 0.0375 0.03125
2 0.128125 0.88984375 0.1578125 0.090625
2 0.4984375 0.934375 0.41875 0.13125
3 0.346875 0.90390625 0.0375 0.0375
3 0.171875 0.90234375 0.0109375 0.0125
3 0.18515625 0.89609375 0.009375 0.0140625
3 0.41953125 0.934375 0.0359375 0.0328125
3 0.50546875 0.9625 0.0375 0.03125