2 0.87421875 0.44765625 0.2515625 0.5515625
4 0.25625 0.12890625 0.0296875 0.034375
4 0.62421875 0.1734375 0.0328125 0.0703125
4 0.6 0.17734375 0.025 0.053125
4 0.4421875 0.14453125 0.0453125 0.0703125
4 0.7640625 0.2125 0.0140625 0.0375
4 0.7484375 0.21015625 0.015625 0.0390625
2 0.91484375 0.12734375 0.1703125 0.1578125
4 0.27109375 0.03671875 0.0296875 0.034375
4 0.63515625 0.10859375 0.0328125 0.0703125
4 0.6125 0.096875 0.025 0.053125
4 0.45234375 0.0796875 0.0453125 0.0703125
4 0.7796875 0.1140625 0.0140625 0.0375
4 0.7640625 0.11171875 0.015625 0.0390625