4 0.50625 0.65703125 0.065625 0.165625
4 0.18359375 0.6609375 0.1125 0.21875
4 0.23671875 0.67890625 0.08125 0.1828125
4 0.58046875 0.65625 0.08125 0.1265625
4 0.64296875 0.628125 0.065625 0.15
4 0.725 0.61796875 0.0640625 0.15
4 0.82265625 0.609375 0.0640625 0.134375
4 0.453125 0.6578125 0.071875 0.1546875
4 0.46953125 0.58515625 0.0375 0.0640625
4 0.39609375 0.67109375 0.08125 0.15625
4 0.825 0.6109375 0.0625 0.134375
4 0.53671875 0.8734375 0.065625 0.165625
4 0.2234375 0.92421875 0.109375 0.1515625
4 0.2703125 0.9171875 0.08125 0.165625
4 0.6078125 0.85390625 0.08125 0.1265625
4 0.67578125 0.86328125 0.065625 0.15
4 0.7578125 0.85 0.0640625 0.15
4 0.8546875 0.83203125 0.0640625 0.134375
4 0.48515625 0.88671875 0.071875 0.1546875
4 0.52109375 0.953125 0.0375 0.0640625
4 0.42734375 0.890625 0.08125 0.15625
4 0.85546875 0.83046875 0.0625 0.134375