2 0.553125 0.815625 0.4171875 0.3375
2 0.51796875 0.64765625 0.053125 0.0234375
2 0.85625 0.63984375 0.0609375 0.0234375
4 0.43984375 0.7171875 0.0296875 0.05625
4 0.15 0.6953125 0.03125 0.0609375
2 0.1859375 0.625 0.1140625 0.13125
2 0.3171875 0.66015625 0.075 0.021875
2 0.36875 0.6875 0.13125 0.0859375
2 0.7921875 0.5765625 0.18125 0.14375
2 0.4421875 0.6625 0.0640625 0.0265625
2 0.525 0.5046875 0.109375 0.3203125
2 0.91484375 0.63515625 0.0609375 0.0234375
4 0.125 0.696875 0.03125 0.0609375
2 0.08046875 0.6328125 0.1140625 0.13125
2 0.9390625 0.5640625 0.121875 0.140625