2 0.2578125 0.5796875 0.5015625 0.471875
2 0.8015625 0.628125 0.396875 0.29375
2 0.69375 0.465625 0.6046875 0.2546875
2 0.696875 0.43125 0.1265625 0.08125
2 0.0578125 0.48125 0.0828125 0.075
2 0.4265625 0.434375 0.128125 0.1078125
2 0.5640625 0.4046875 0.11875 0.146875
3 0.7140625 0.6703125 0.03125 0.0671875
3 0.9140625 0.696875 0.046875 0.0765625
2 0.25703125 0.925 0.5015625 0.15
2 0.8015625 0.9453125 0.396875 0.109375
3 0.7140625 0.98046875 0.03125 0.0390625
3 0.9140625 0.96484375 0.046875 0.0703125