2 0.7265625 0.353125 0.2265625 0.1328125
2 0.4296875 0.25546875 0.1625 0.04375
2 0.5921875 0.3015625 0.0890625 0.0390625
2 0.81171875 0.29765625 0.1421875 0.03125
2 0.8109375 0.4234375 0.14375 0.0828125
4 0.55625 0.41015625 0.0921875 0.1578125
4 0.32265625 0.3515625 0.071875 0.1640625
4 0.503125 0.45 0.0609375 0.0609375
2 0.43671875 0.22109375 0.165625 0.0609375
2 0.31171875 0.1890625 0.134375 0.046875
2 0.965625 0.36875 0.06875 0.121875
2 0.9484375 0.30703125 0.103125 0.0296875
2 0.9390625 0.43125 0.121875 0.08125