2 0.4140625 0.6171875 0.63125 0.475
2 0.3453125 0.1890625 0.2484375 0.090625
2 0.5859375 0.19375 0.271875 0.08125
2 0.696875 0.2828125 0.071875 0.078125
4 0.3765625 0.4453125 0.3546875 0.3953125
4 0.428125 0.1265625 0.0515625 0.0765625
4 0.60625 0.1375 0.084375 0.08125
4 0.1953125 0.1359375 0.0609375 0.0875
4 0.6046875 0.1578125 0.0765625 0.0671875
2 0.2796875 0.1625 0.2671875 0.065625
4 0.42734375 0.03203125 0.0515625 0.0640625
4 0.60625 0.028125 0.084375 0.05625
4 0.19453125 0.03046875 0.0609375 0.0609375
4 0.60390625 0.0140625 0.0765625 0.028125
2 0.27890625 0.01171875 0.2671875 0.0234375