2 0.709375 0.5140625 0.5796875 0.1359375
4 0.8453125 0.4921875 0.01875 0.04375
4 0.790625 0.4859375 0.009375 0.0109375
4 0.6859375 0.4796875 0.0109375 0.0203125
4 0.4859375 0.5265625 0.0109375 0.0203125
4 0.475 0.521875 0.0109375 0.0109375
4 0.7125 0.48125 0.015625 0.0203125
4 0.765625 0.48125 0.0125 0.0234375
4 0.7765625 0.4890625 0.0046875 0.003125
4 0.8703125 0.48125 0.01875 0.0171875
4 0.8875 0.4859375 0.0078125 0.0109375
4 0.5703125 0.5234375 0.015625 0.021875
4 0.5546875 0.5234375 0.0125 0.0171875
4 0.540625 0.5265625 0.0109375 0.0109375
1 0.1203125 0.5609375 0.0203125 0.0515625
1 0.11953125 0.9875 0.0203125 0.025