2 0.6171875 0.603125 0.6828125 0.0984375
4 0.496875 0.5578125 0.03125 0.0453125
4 0.525 0.55625 0.0375 0.03125
4 0.146875 0.4421875 0.00625 0.0140625
4 0.1234375 0.44375 0.00625 0.0125
4 0.0796875 0.440625 0.009375 0.015625
2 0.89375 0.4328125 0.090625 0.0890625
2 0.61640625 0.9515625 0.6828125 0.096875
4 0.496875 0.9875 0.03125 0.025
4 0.525 0.9921875 0.0375 0.015625
4 0.146875 0.00234375 0.00625 0.0046875
4 0.1234375 0.0015625 0.00625 0.003125
4 0.0796875 0.00390625 0.009375 0.0078125
2 0.89375 0.02578125 0.090625 0.0515625