2 0.1734375 0.28203125 0.2546875 0.1078125
2 0.91015625 0.28828125 0.0671875 0.0171875
2 0.4875 0.19921875 0.059375 0.0765625
4 0.34609375 0.38046875 0.1671875 0.2953125
4 0.06875 0.50703125 0.1375 0.2765625
4 0.26640625 0.65625 0.375 0.31875
4 0.63984375 0.525 0.1265625 0.271875
4 0.54375 0.475 0.0953125 0.178125
4 0.71640625 0.51328125 0.0859375 0.1421875
4 0.39765625 0.40625 0.125 0.2796875
2 0.7890625 0.2546875 0.03125 0.0109375
2 0.634375 0.23203125 0.0265625 0.01875
4 0.2046875 0.45625 0.096875 0.1734375
4 0.33671875 0.6703125 0.3328125 0.303125
4 0.421875 0.475 0.071875 0.1671875
4 0.22734375 0.2859375 0.0625 0.084375
4 0.06953125 0.2609375 0.0453125 0.0453125
2 0.92890625 0.17109375 0.0671875 0.0171875
2 0.49921875 0.125 0.059375 0.0765625
4 0.4046875 0.02734375 0.134375 0.0546875
4 0.23046875 0.8828125 0.3578125 0.2109375
2 0.803125 0.16484375 0.03125 0.0109375
2 0.64921875 0.1390625 0.0265625 0.01875
4 0.30078125 0.89453125 0.315625 0.2015625