2 0.33125 0.3546875 0.0296875 0.009375
2 0.259375 0.3546875 0.0234375 0.0078125
2 0.2296875 0.35 0.028125 0.0125
2 0.2 0.353125 0.0171875 0.0078125
2 0.165625 0.35 0.034375 0.0078125
2 0.56875 0.359375 0.0203125 0.0109375
2 0.8609375 0.3671875 0.021875 0.00625
2 0.409375 0.359375 0.015625 0.009375
2 0.6125 0.3609375 0.015625 0.0109375
2 0.9828125 0.359375 0.0140625 0.0078125
2 0.9421875 0.3640625 0.021875 0.0140625
4 0.1765625 0.403125 0.046875 0.096875
4 0.715625 0.3890625 0.0078125 0.0109375
2 0.640625 0.3703125 0.0234375 0.015625
4 0.675 0.4703125 0.071875 0.240625
2 0.8734375 0.359375 0.0125 0.00625