2 0.365625 0.5390625 0.0734375 0.0328125
2 0.1265625 0.5421875 0.0859375 0.0375
2 0.2953125 0.5015625 0.0984375 0.103125
4 0.203125 0.5953125 0.0921875 0.1890625
4 0.384375 0.603125 0.05 0.0734375
4 0.60625 0.5953125 0.01875 0.028125
4 0.6109375 0.61875 0.0390625 0.0671875
4 0.7265625 0.6078125 0.075 0.1375
2 0.5890625 0.5546875 0.0203125 0.0078125
2 0.8734375 0.5109375 0.0390625 0.0609375
2 0.521875 0.5484375 0.0859375 0.0203125
2 0.6734375 0.5203125 0.1015625 0.075
2 0.94375 0.5046875 0.0765625 0.090625
2 0.5578125 0.5140625 0.090625 0.0703125
2 0.778125 0.4875 0.0875 0.1296875
2 0.403125 0.53125 0.0453125 0.025