2 0.38125 0.7234375 0.4984375 0.3328125
2 0.8 0.4328125 0.15 0.13125
2 0.2625 0.365625 0.0484375 0.0328125
2 0.3296875 0.3640625 0.0890625 0.034375
2 0.503125 0.371875 0.0625 0.021875
2 0.6453125 0.3703125 0.04375 0.01875
2 0.1625 0.3546875 0.0734375 0.0390625
2 0.4125 0.371875 0.0765625 0.0234375
2 0.615625 0.3734375 0.0328125 0.015625
2 0.5921875 0.375 0.01875 0.0125
2 0.565625 0.375 0.0390625 0.0109375
2 0.2796875 0.3359375 0.08125 0.01875
2 0.4546875 0.365625 0.0390625 0.021875
2 0.05859375 0.72265625 0.1171875 0.3328125
2 0.9375 0.4328125 0.125 0.13125
2 0.00546875 0.36484375 0.0109375 0.0328125
2 0.0875 0.3546875 0.0734375 0.0390625