2 0.4625 0.56640625 0.0859375 0.0640625
2 0.56171875 0.525 0.046875 0.028125
2 0.59375 0.54296875 0.040625 0.025
2 0.84921875 0.6109375 0.0875 0.0671875
2 0.27421875 0.4890625 0.096875 0.0515625
2 0.5109375 0.578125 0.090625 0.0671875
4 0.6375 0.67265625 0.1203125 0.2171875
4 0.50859375 0.67265625 0.125 0.15
4 0.39921875 0.6796875 0.184375 0.225
4 0.23515625 0.7234375 0.1890625 0.215625
4 0.93828125 0.69140625 0.08125 0.1234375
4 0.20859375 0.57890625 0.15 0.153125
4 0.87109375 0.7359375 0.065625 0.103125
4 0.75546875 0.71640625 0.0921875 0.18125
4 0.34765625 0.6859375 0.109375 0.125
4 0.2796875 0.48046875 0.0234375 0.025
4 0.92421875 0.7765625 0.0609375 0.0828125
4 0.80625 0.6984375 0.1015625 0.1515625
2 0.8875 0.6640625 0.0640625 0.0453125
4 0.2 0.521875 0.0484375 0.0453125
4 0.33203125 0.94921875 0.1484375 0.0796875
4 0.19609375 0.875 0.175 0.1578125
4 0.28125 0.94921875 0.0890625 0.0421875