2 0.6546875 0.821875 0.1515625 0.0953125
4 0.26875 0.825 0.0296875 0.075
4 0.234375 0.790625 0.0109375 0.021875
4 0.1734375 0.828125 0.0171875 0.0890625
4 0.2828125 0.79375 0.0046875 0.025
4 0.20625 0.7875 0.0046875 0.0171875
4 0.3046875 0.8015625 0.0125 0.0453125
2 0.7859375 0.76875 0.0703125 0.0515625
4 0.215625 0.803125 0.0125 0.0453125
4 0.296875 0.7828125 0.0046875 0.0140625
4 0.246875 0.8265625 0.0328125 0.0859375
4 0.4609375 0.70625 0.0140625 0.046875
4 0.196875 0.7984375 0.0125 0.0359375
4 0.4875 0.696875 0.0140625 0.03125
2 0.4671875 0.8078125 0.265625 0.1796875
4 0.2671875 0.784375 0.00625 0.0125
2 0.9671875 0.82109375 0.065625 0.0953125
4 0.0625 0.825 0.0296875 0.075
4 0.096875 0.790625 0.0109375 0.021875
4 0.1578125 0.828125 0.0171875 0.0890625
4 0.0484375 0.79375 0.0046875 0.025
4 0.125 0.7875 0.0046875 0.0171875
4 0.0265625 0.8015625 0.0125 0.0453125
2 0.8796875 0.76875 0.0703125 0.0515625
4 0.115625 0.803125 0.0125 0.0453125
4 0.034375 0.7828125 0.0046875 0.0140625
4 0.084375 0.8265625 0.0328125 0.0859375
4 0.134375 0.7984375 0.0125 0.0359375
4 0.0640625 0.784375 0.00625 0.0125