4 0.5359375 0.45859375 0.034375 0.028125
2 0.28203125 0.6515625 0.03125 0.01875
2 0.86484375 0.5921875 0.040625 0.0234375
2 0.92890625 0.6078125 0.040625 0.0125
2 0.4296875 0.65859375 0.040625 0.0140625
2 0.446875 0.61328125 0.025 0.0171875
2 0.0796875 0.675 0.0296875 0.0234375
2 0.2015625 0.64296875 0.04375 0.0703125
2 0.03984375 0.6796875 0.0328125 0.0109375
2 0.1390625 0.65078125 0.040625 0.0234375
2 0.25625 0.6671875 0.0421875 0.0140625
2 0.31328125 0.65703125 0.028125 0.0125
4 0.73828125 0.3484375 0.0484375 0.046875
4 0.46875 0.50234375 0.0125 0.0140625
2 0.75703125 0.61015625 0.06875 0.028125
2 0.365625 0.65859375 0.0328125 0.00625
2 0.6109375 0.6078125 0.778125 0.1265625
4 0.5171875 0.18671875 0.034375 0.028125
4 0.56640625 0.88515625 0.034375 0.028125
2 0.23828125 0.03125 0.03125 0.01875
2 0.2875 0.7296875 0.03125 0.01875
2 0.8234375 0.01015625 0.040625 0.0203125
2 0.8734375 0.70703125 0.040625 0.0234375
2 0.934375 0.6828125 0.040625 0.0125
2 0.4328125 0.70234375 0.040625 0.0140625
2 0.40703125 0.04609375 0.025 0.0171875
2 0.45625 0.74453125 0.025 0.0171875
2 0.03515625 0.0390625 0.0296875 0.0171875
2 0.084375 0.734375 0.0296875 0.0234375
2 0.159375 0.053125 0.04375 0.0640625
2 0.20859375 0.74921875 0.04375 0.0703125
2 0.0046875 0.0375 0.009375 0.009375
2 0.04375 0.73515625 0.0328125 0.0109375
2 0.09765625 0.05234375 0.040625 0.0234375
2 0.14609375 0.75 0.040625 0.0234375
2 0.21015625 0.02109375 0.0421875 0.0078125
2 0.26015625 0.7171875 0.0421875 0.0140625
2 0.26953125 0.02109375 0.028125 0.0125
2 0.31796875 0.71953125 0.028125 0.0125
4 0.7328125 0.2671875 0.0484375 0.046875
4 0.78046875 0.9625 0.0484375 0.040625
4 0.44453125 0.153125 0.0125 0.0140625
4 0.49296875 0.8515625 0.0125 0.0140625
2 0.7140625 0.009375 0.06875 0.01875
2 0.76328125 0.70390625 0.06875 0.028125
2 0.31953125 0.01328125 0.0328125 0.0046875
2 0.36875 0.7109375 0.0328125 0.00625
2 0.5703125 0.0453125 0.778125 0.090625
2 0.61484375 0.72578125 0.7703125 0.1265625