2 0.4390625 0.61796875 0.878125 0.3078125
4 0.26875 0.5953125 0.3171875 0.54375
4 0.0546875 0.50625 0.1046875 0.221875
4 0.1046875 0.4671875 0.090625 0.1796875
4 0.425 0.4640625 0.1359375 0.1984375
4 0.5140625 0.4546875 0.0640625 0.1703125
4 0.809375 0.4125 0.053125 0.08125
4 0.6609375 0.3921875 0.021875 0.046875
4 0.071875 0.4171875 0.0375 0.071875
4 0.85 0.4078125 0.0390625 0.0734375
4 0.8953125 0.6296875 0.20625 0.4859375
4 0.69375 0.415625 0.0375 0.0765625
4 0.26796875 0.94140625 0.3171875 0.1171875
4 0.8953125 0.93828125 0.20625 0.1234375