4 0.0203125 0.575 0.025 0.078125
4 0.5296875 0.53125 0.015625 0.021875
4 0.5546875 0.534375 0.0203125 0.03125
4 0.06875 0.5078125 0.0171875 0.0421875
2 0.184375 0.6109375 0.1625 0.084375
2 0.10625 0.546875 0.115625 0.0328125
2 0.0578125 0.3953125 0.075 0.0421875
2 0.4515625 0.534375 0.3078125 0.0984375
2 0.6484375 0.4390625 0.0421875 0.0421875
2 0.21875 0.6859375 0.31875 0.08125
2 0.5859375 0.478125 0.0984375 0.08125
4 0.0390625 0.553125 0.0125 0.04375
4 0.025 0.5171875 0.0203125 0.034375
4 0.0078125 0.53125 0.009375 0.0203125
4 0.7421875 0.4765625 0.0171875 0.0359375
4 0.69375 0.421875 0.009375 0.0234375
4 0.0046875 0.56953125 0.009375 0.0609375
2 0.209375 0.7328125 0.3171875 0.078125
2 0.8375 0.6859375 0.14375 0.1375
2 0.0640625 0.42421875 0.128125 0.0765625
2 0.084375 0.525 0.0734375 0.0171875
2 0.365625 0.4296875 0.0828125 0.0625
2 0.03125 0.46953125 0.0625 0.0109375
4 0.65 0.43125 0.0171875 0.03125
2 0.21875 0.96953125 0.31875 0.0609375
2 0.209375 0.9328125 0.3171875 0.078125
2 0.8375 0.95546875 0.14375 0.0890625