2 0.1953125 0.5109375 0.378125 0.1625
4 0.6109375 0.590625 0.0234375 0.034375
4 0.6765625 0.5890625 0.0265625 0.01875
4 0.1203125 0.5984375 0.040625 0.103125
4 0.4671875 0.621875 0.01875 0.015625
4 0.2578125 0.5828125 0.05625 0.1109375
4 0.2984375 0.4921875 0.0453125 0.0703125
4 0.4796875 0.5203125 0.0515625 0.0390625
4 0.478125 0.625 0.0109375 0.0109375
2 0.8640625 0.54375 0.0734375 0.0140625
2 0.915625 0.4671875 0.16875 0.0828125
2 0.8921875 0.4890625 0.1203125 0.1109375
4 0.1828125 0.596875 0.040625 0.103125
4 0.975 0.56875 0.0265625 0.021875
4 0.0578125 0.5609375 0.0546875 0.059375
2 0.5296875 0.5453125 0.0890625 0.021875
2 0.6453125 0.4390625 0.3859375 0.228125
2 0.1828125 0.6171875 0.35625 0.0734375
2 0.378125 0.4953125 0.1578125 0.1296875
4 0.3515625 0.50625 0.046875 0.046875
4 0.4 0.5546875 0.0609375 0.06875
3 0.7546875 0.6734375 0.01875 0.0125
3 0.2640625 0.6765625 0.0265625 0.0125
3 0.878125 0.678125 0.021875 0.009375
3 0.26328125 0.99765625 0.0265625 0.0046875
3 0.878125 0.99765625 0.021875 0.0046875