2 0.77578125 0.63203125 0.4484375 0.2296875
2 0.06796875 0.66328125 0.0984375 0.0390625
2 0.3765625 0.6359375 0.35 0.075
2 0.4578125 0.66875 0.2046875 0.0984375
2 0.290625 0.62734375 0.0921875 0.0546875
2 0.1625 0.64296875 0.121875 0.0390625
2 0.184375 0.5953125 0.1625 0.08125
2 0.16796875 0.66015625 0.0765625 0.0390625
2 0.92265625 0.56171875 0.1546875 0.0640625
2 0.45625 0.59375 0.215625 0.06875
2 0.45625 0.6265625 0.1671875 0.0421875
2 0.78203125 0.9453125 0.4359375 0.103125
2 0.4671875 0.9734375 0.203125 0.053125