4 0.3328125 0.865625 0.053125 0.0828125
4 0.29296875 0.859375 0.0421875 0.0734375
4 0.2765625 0.834375 0.0359375 0.0640625
4 0.2015625 0.8265625 0.05 0.084375
4 0.17890625 0.81796875 0.028125 0.053125
4 0.1734375 0.82109375 0.0484375 0.084375
4 0.07109375 0.85703125 0.0609375 0.1046875
4 0.41796875 0.9140625 0.0484375 0.0625
4 0.1515625 0.8171875 0.0328125 0.0796875
4 0.5921875 0.9 0.03125 0.0609375
4 0.51484375 0.95625 0.059375 0.059375
2 0.6984375 0.85234375 0.009375 0.003125
4 0.6265625 0.92109375 0.0328125 0.0375
2 0.68671875 0.8234375 0.015625 0.0203125
4 0.00703125 0.83515625 0.0140625 0.1046875
2 0.88671875 0.89921875 0.009375 0.003125
2 0.9109375 0.8796875 0.015625 0.0203125