2 0.5203125 0.575 0.7078125 0.2328125
4 0.5625 0.484375 0.0203125 0.0359375
4 0.5875 0.4859375 0.0234375 0.034375
4 0.3921875 0.4296875 0.0265625 0.053125
4 0.4484375 0.4296875 0.0203125 0.0578125
3 0.534375 0.6421875 0.0109375 0.040625
3 0.3875 0.6484375 0.0265625 0.0390625
3 0.7734375 0.6421875 0.015625 0.0515625
2 0.51953125 0.90390625 0.7078125 0.1921875
4 0.56171875 0.01484375 0.0203125 0.0296875
4 0.58671875 0.0140625 0.0234375 0.028125
4 0.3921875 0.0671875 0.0265625 0.053125
4 0.4484375 0.0671875 0.0203125 0.0578125
3 0.534375 0.8578125 0.0109375 0.040625
3 0.3875 0.8515625 0.0265625 0.0390625
3 0.7734375 0.8578125 0.015625 0.0515625