2 0.2453125 0.52890625 0.0703125 0.0203125
2 0.03515625 0.5296875 0.028125 0.0125
4 0.35546875 0.62734375 0.0984375 0.1828125
4 0.44765625 0.6 0.109375 0.1921875
4 0.55390625 0.575 0.0765625 0.1421875
4 0.646875 0.5453125 0.0546875 0.109375
4 0.7109375 0.55859375 0.0546875 0.1375
4 0.4890625 0.571875 0.0375 0.115625
4 0.196875 0.6421875 0.03125 0.1390625
4 0.58515625 0.55546875 0.025 0.1109375
4 0.684375 0.5484375 0.046875 0.090625
4 0.9390625 0.49609375 0.0578125 0.0890625
4 0.8828125 0.48515625 0.0203125 0.046875
2 0.01796875 0.5265625 0.0203125 0.0171875
4 0.77421875 0.5296875 0.0625 0.1
4 0.82578125 0.55 0.084375 0.15625