2 0.41328125 0.809375 0.4921875 0.1484375
2 0.78984375 0.65859375 0.365625 0.2171875
2 0.88203125 0.609375 0.2359375 0.071875
2 0.9 0.559375 0.2 0.0625
2 0.1640625 0.48515625 0.328125 0.4546875
2 0.53515625 0.4265625 0.1375 0.065625
2 0.89921875 0.44765625 0.2 0.090625
2 0.92890625 0.47890625 0.1421875 0.05625
2 0.71640625 0.47734375 0.146875 0.0328125
2 0.61640625 0.475 0.0625 0.0296875
2 0.715625 0.43359375 0.103125 0.03125
2 0.9359375 0.509375 0.128125 0.034375
2 0.6984375 0.46796875 0.1109375 0.034375
2 0.41875 0.9390625 0.490625 0.121875