2 0.1078125 0.65625 0.1234375 0.06875
2 0.2625 0.6390625 0.115625 0.046875
4 0.70625 0.6515625 0.046875 0.0828125
4 0.7328125 0.65 0.028125 0.0796875
4 0.79375 0.665625 0.0359375 0.090625
4 0.834375 0.6234375 0.03125 0.0890625
4 0.74375 0.709375 0.0578125 0.0796875
4 0.8796875 0.6234375 0.04375 0.1125
4 0.9 0.625 0.0234375 0.0984375
4 0.271875 0.746875 0.034375 0.0921875
4 0.8453125 0.565625 0.0125 0.0265625
4 0.7921875 0.5578125 0.0125 0.0140625
4 0.41875 0.7359375 0.0328125 0.0953125
4 0.096875 0.790625 0.0359375 0.05
2 0.171875 0.64375 0.0640625 0.046875
4 0.6875 0.671875 0.01875 0.0453125
4 0.5078125 0.7765625 0.034375 0.096875
4 0.221875 0.74375 0.03125 0.1
4 0.3171875 0.7390625 0.025 0.09375
4 0.3484375 0.7453125 0.0265625 0.0828125
4 0.3859375 0.7453125 0.0296875 0.0828125
4 0.1296875 0.7796875 0.0234375 0.0375
4 0.740625 0.7796875 0.0671875 0.0796875
4 0.9015625 0.6734375 0.05 0.0828125
4 0.9234375 0.625 0.0265625 0.10625
4 0.6078125 0.64375 0.015625 0.046875
4 0.6265625 0.640625 0.0171875 0.046875
4 0.625 0.709375 0.0265625 0.0640625
4 0.6140625 0.775 0.0453125 0.08125
4 0.575 0.76875 0.0328125 0.0890625
4 0.603125 0.75625 0.0265625 0.0484375
4 0.74296875 0.971875 0.0578125 0.05625
4 0.271875 0.946875 0.034375 0.0921875
4 0.41796875 0.9546875 0.0328125 0.090625
4 0.096875 0.903125 0.0359375 0.05
4 0.5078125 0.9171875 0.034375 0.096875
4 0.221875 0.95 0.03125 0.1
4 0.3171875 0.95390625 0.025 0.0921875
4 0.3484375 0.9484375 0.0265625 0.0828125
4 0.3859375 0.9484375 0.0296875 0.0828125
4 0.1296875 0.9140625 0.0234375 0.0375
4 0.740625 0.9140625 0.0671875 0.0796875
4 0.9015625 0.9890625 0.05 0.021875
4 0.62421875 0.97578125 0.0265625 0.0484375
4 0.6140625 0.91875 0.0453125 0.08125
4 0.575 0.925 0.0328125 0.0890625
4 0.603125 0.9375 0.0265625 0.0484375