2 0.7328125 0.4875 0.2359375 0.15625
2 0.8484375 0.5296875 0.1640625 0.0609375
2 0.5421875 0.5171875 0.196875 0.1078125
2 0.4140625 0.521875 0.1109375 0.0875
2 0.359375 0.5578125 0.0421875 0.0125
2 0.0859375 0.559375 0.04375 0.0234375
4 0.9453125 0.51875 0.009375 0.028125
2 0.3296875 0.553125 0.03125 0.0171875
4 0.671875 0.446875 0.0078125 0.01875
4 0.953125 0.515625 0.0078125 0.0171875
4 0.4 0.5359375 0.003125 0.0046875
4 0.4875 0.5 0.0078125 0.009375
4 0.5125 0.50625 0.009375 0.0140625
4 0.496875 0.4984375 0.00625 0.0078125
4 0.275 0.55 0.0046875 0.00625
4 0.6875 0.4453125 0.009375 0.009375
2 0.209375 0.5171875 0.2125 0.121875