4 0.62890625 0.74375 0.0671875 0.1640625
4 0.509375 0.803125 0.05625 0.0546875
4 0.76953125 0.7328125 0.0671875 0.175
4 0.34296875 0.51640625 0.053125 0.08125
4 0.87109375 0.734375 0.1078125 0.165625
4 0.4125 0.6453125 0.0703125 0.1484375
4 0.69140625 0.734375 0.075 0.1640625
4 0.41171875 0.7421875 0.0609375 0.1828125
4 0.42109375 0.5609375 0.040625 0.0953125
4 0.1765625 0.553125 0.021875 0.021875
4 0.32265625 0.7078125 0.078125 0.1359375
2 0.4609375 0.234375 0.0453125 0.0453125
2 0.75 0.35234375 0.1484375 0.128125
2 0.61328125 0.34921875 0.046875 0.0640625
4 0.0375 0.68359375 0.0671875 0.146875
2 0.81796875 0.1953125 0.0734375 0.0265625
2 0.3265625 0.2359375 0.0609375 0.034375
2 0.88671875 0.33203125 0.090625 0.1
2 0.68671875 0.21484375 0.03125 0.03125
2 0.91875 0.18515625 0.0484375 0.059375
2 0.86796875 0.16484375 0.046875 0.0171875
4 0.540625 0.7328125 0.0671875 0.1921875
2 0.953125 0.1765625 0.046875 0.0140625
2 0.55625 0.18984375 0.01875 0.05
2 0.3296875 0.31640625 0.0703125 0.128125
2 0.05625 0.2734375 0.103125 0.028125
4 0.1109375 0.734375 0.071875 0.1265625
4 0.94765625 0.7421875 0.0953125 0.1484375
2 0.21640625 0.39453125 0.0828125 0.0921875
2 0.434375 0.36171875 0.0859375 0.1140625
2 0.60234375 0.35234375 0.08125 0.09375
2 0.09921875 0.40625 0.0671875 0.096875
2 0.0296875 0.46171875 0.059375 0.1046875
4 0.634375 0.9078125 0.0671875 0.1640625
4 0.5109375 0.8578125 0.05625 0.0546875
4 0.77421875 0.90625 0.0671875 0.1703125
4 0.8765625 0.90078125 0.1078125 0.165625
4 0.42421875 0.9734375 0.0671875 0.053125
4 0.69765625 0.91328125 0.075 0.1625
4 0.41640625 0.91640625 0.0609375 0.1671875
4 0.33046875 0.9484375 0.0765625 0.103125
2 0.45625 0.103125 0.0453125 0.0453125
2 0.73671875 0.0140625 0.1453125 0.028125
2 0.60078125 0.0046875 0.0453125 0.009375
4 0.046875 0.96796875 0.065625 0.0640625
2 0.81484375 0.1171875 0.0734375 0.0265625
2 0.321875 0.1109375 0.0609375 0.034375
2 0.87421875 0.0125 0.0890625 0.025
2 0.68359375 0.10625 0.03125 0.03125
2 0.91640625 0.11953125 0.0484375 0.059375
2 0.8671875 0.14296875 0.046875 0.0171875
4 0.546875 0.9140625 0.0671875 0.1703125
2 0.9515625 0.1265625 0.046875 0.0140625
2 0.5546875 0.13984375 0.01875 0.05
2 0.3203125 0.04921875 0.06875 0.0875
2 0.05 0.0921875 0.1 0.028125
4 0.1171875 0.9453125 0.071875 0.109375
4 0.95234375 0.88671875 0.0953125 0.1484375
2 0.42109375 0.0171875 0.084375 0.0328125
2 0.590625 0.0109375 0.078125 0.021875