2 0.465625 0.7109375 0.0984375 0.1
2 0.19375 0.609375 0.053125 0.009375
4 0.43125 0.68125 0.0171875 0.0265625
4 0.671875 0.734375 0.0375 0.109375
4 0.478125 0.6484375 0.021875 0.0375
4 0.440625 0.715625 0.0171875 0.0296875
4 0.4578125 0.715625 0.021875 0.0328125
4 0.8234375 0.6125 0.0546875 0.0734375
4 0.4984375 0.64375 0.0203125 0.0296875
4 0.796875 0.6 0.028125 0.0890625
4 0.553125 0.6828125 0.021875 0.040625
4 0.60625 0.7140625 0.0421875 0.0953125
4 0.5203125 0.665625 0.0140625 0.028125
4 0.5171875 0.65625 0.009375 0.0265625
4 0.621875 0.7171875 0.0265625 0.09375
2 0.46484375 0.95078125 0.0984375 0.0984375
4 0.43125 0.98125 0.0171875 0.0265625
4 0.671875 0.928125 0.0375 0.109375
4 0.440625 0.946875 0.0171875 0.0296875
4 0.4578125 0.946875 0.021875 0.0328125
4 0.553125 0.9796875 0.021875 0.040625
4 0.60625 0.9484375 0.0421875 0.0953125
4 0.51953125 0.99140625 0.0140625 0.0171875
4 0.5171875 0.99609375 0.009375 0.0078125
4 0.621875 0.9453125 0.0265625 0.09375