2 0.7859375 0.45546875 0.1203125 0.0609375
2 0.5015625 0.52890625 0.0796875 0.040625
2 0.43984375 0.5484375 0.065625 0.03125
2 0.66796875 0.47421875 0.0453125 0.0265625
2 0.6125 0.4859375 0.021875 0.0109375
2 0.92265625 0.38046875 0.0859375 0.0953125
2 0.87734375 0.41796875 0.0453125 0.028125
2 0.74140625 0.4578125 0.05625 0.028125
2 0.5546875 0.50625 0.0328125 0.0203125
2 0.45625 0.53125 0.0296875 0.0109375
2 0.48828125 0.48671875 0.090625 0.09375
2 0.2234375 0.57734375 0.071875 0.08125
2 0.584375 0.4953125 0.0234375 0.0109375
2 0.90078125 0.884375 0.1203125 0.0609375
2 0.61796875 0.96328125 0.0796875 0.040625
2 0.5546875 0.97734375 0.065625 0.03125
2 0.7890625 0.92734375 0.0453125 0.0265625
2 0.7359375 0.94453125 0.021875 0.0109375
2 0.98828125 0.8703125 0.0234375 0.028125
2 0.8609375 0.9046875 0.05625 0.028125
2 0.67578125 0.95625 0.0328125 0.0203125
2 0.578125 0.98359375 0.0296875 0.0109375
2 0.36796875 0.04140625 0.0828125 0.0625
2 0.61875 0.9765625 0.075 0.0359375
2 0.09609375 0.10234375 0.059375 0.0359375
2 0.70625 0.95078125 0.0234375 0.0109375