4 0.53203125 0.28984375 0.0671875 0.128125
4 0.43671875 0.29375 0.009375 0.01875
4 0.38203125 0.2859375 0.0203125 0.0265625
4 0.71953125 0.34375 0.021875 0.0203125
2 0.22265625 0.23671875 0.015625 0.00625
2 0.24765625 0.22109375 0.0390625 0.0171875
4 0.76953125 0.36796875 0.040625 0.0125
4 0.87109375 0.3734375 0.0078125 0.0125
4 0.825 0.365625 0.009375 0.009375
4 0.7 0.3453125 0.00625 0.00625
4 0.740625 0.35078125 0.0140625 0.0109375
2 0.51953125 0.2734375 0.1515625 0.0671875
2 0.38203125 0.53125 0.55625 0.2953125
2 0.4 0.65234375 0.6640625 0.4828125
2 0.45703125 0.715625 0.8265625 0.56875
2 0.11171875 0.2171875 0.015625 0.00625
2 0.09375 0.19375 0.0390625 0.0171875
4 0.9328125 0.384375 0.0078125 0.0125
4 0.97890625 0.3921875 0.009375 0.009375
2 0.06953125 0.475 0.1390625 0.225
2 0.0671875 0.58828125 0.134375 0.3984375