2 0.4265625 0.478125 0.240625 0.4640625
4 0.54375 0.565625 0.0640625 0.0703125
4 0.55625 0.6265625 0.0859375 0.109375
4 0.653125 0.59375 0.053125 0.090625
4 0.66875 0.546875 0.046875 0.0921875
4 0.984375 0.578125 0.0296875 0.1203125
4 0.825 0.56875 0.0640625 0.103125
4 0.5796875 0.5671875 0.0359375 0.0765625
4 0.9046875 0.565625 0.0875 0.078125
4 0.7453125 0.596875 0.0765625 0.0921875
4 0.80625 0.5828125 0.0421875 0.078125
4 0.5953125 0.525 0.05625 0.0734375
2 0.6453125 0.496875 0.2734375 0.3828125
2 0.8390625 0.5125 0.3203125 0.275
2 0.896875 0.3421875 0.196875 0.078125
4 0.4125 0.54375 0.0421875 0.128125