2 0.396875 0.8046875 0.4859375 0.1234375
2 0.78125 0.6734375 0.35625 0.1984375
2 0.8796875 0.6296875 0.240625 0.059375
2 0.8984375 0.58125 0.2015625 0.0515625
2 0.159375 0.4671875 0.31875 0.4390625
2 0.5390625 0.428125 0.134375 0.059375
2 0.9015625 0.46875 0.1953125 0.08125
2 0.9296875 0.5015625 0.1390625 0.0484375
2 0.7171875 0.4890625 0.1453125 0.025
2 0.6171875 0.48125 0.0609375 0.0265625
2 0.71875 0.4453125 0.1015625 0.0265625
2 0.9359375 0.5328125 0.1265625 0.028125
2 0.7 0.478125 0.109375 0.028125
2 0.39609375 0.94296875 0.4859375 0.1140625