2 0.50703125 0.528125 0.8265625 0.2109375
4 0.21640625 0.425 0.1125 0.1546875
4 0.77421875 0.47890625 0.0875 0.1578125
4 0.38515625 0.45625 0.0875 0.084375
4 0.5875 0.5078125 0.0875 0.078125
4 0.60625 0.47890625 0.1109375 0.0953125
4 0.66171875 0.51796875 0.075 0.065625
4 0.3375 0.46796875 0.1046875 0.1109375
4 0.425 0.49453125 0.090625 0.0734375
4 0.51171875 0.50625 0.084375 0.0625
4 0.53984375 0.478125 0.0953125 0.078125
3 0.44765625 0.43125 0.0203125 0.0171875
3 0.0640625 0.346875 0.01875 0.0140625
3 0.88125 0.52890625 0.021875 0.01875
3 0.884375 0.36015625 0.0140625 0.009375
4 0.83828125 0.065625 0.06875 0.0453125
3 0.91640625 0.15625 0.0140625 0.009375