2 0.08046875 0.38046875 0.153125 0.1515625
4 0.68984375 0.6625 0.2375 0.4515625
4 0.8109375 0.7015625 0.2421875 0.415625
4 0.55 0.50703125 0.0609375 0.1140625
4 0.496875 0.4578125 0.034375 0.0359375
4 0.46796875 0.45078125 0.0296875 0.0296875
4 0.44765625 0.44140625 0.025 0.03125
4 0.5109375 0.48671875 0.071875 0.09375
4 0.93203125 0.57265625 0.0578125 0.0671875
4 0.903125 0.58671875 0.04375 0.0375
4 0.625 0.53359375 0.075 0.1375
4 0.60703125 0.50703125 0.03125 0.0671875
4 0.6484375 0.53125 0.0453125 0.1078125
4 0.57109375 0.51015625 0.0328125 0.0875
4 0.62265625 0.9296875 0.1765625 0.140625
4 0.74375 0.94765625 0.190625 0.1046875