2 0.5015625 0.5171875 0.946875 0.1921875
4 0.33125 0.7015625 0.0703125 0.0578125
4 0.146875 0.7046875 0.034375 0.05
4 0.0265625 0.70625 0.028125 0.0578125
4 0.80625 0.6890625 0.09375 0.09375
4 0.0765625 0.7046875 0.0265625 0.0515625
4 0.096875 0.6953125 0.0171875 0.0203125
4 0.4484375 0.7046875 0.0203125 0.0546875
4 0.4703125 0.7078125 0.0203125 0.046875
4 0.05 0.7 0.03125 0.0609375
4 0.00625 0.68828125 0.0125 0.0328125
2 0.5015625 0.053125 0.946875 0.10625
2 0.5015625 0.92890625 0.946875 0.1421875
4 0.33125 0.7703125 0.0703125 0.0578125
4 0.146875 0.7671875 0.034375 0.05
4 0.0265625 0.765625 0.028125 0.0578125
4 0.80625 0.7828125 0.09375 0.09375
4 0.0765625 0.7671875 0.0265625 0.0515625
4 0.096875 0.7765625 0.0171875 0.0203125
4 0.4484375 0.7671875 0.0203125 0.0546875
4 0.4703125 0.7640625 0.0203125 0.046875
4 0.05 0.771875 0.03125 0.0609375
4 0.00625 0.78203125 0.0125 0.0328125