4 0.6859375 0.24375 0.05 0.0609375
4 0.72265625 0.25234375 0.0359375 0.0453125
4 0.75390625 0.2640625 0.0234375 0.0359375
4 0.77109375 0.26328125 0.0296875 0.053125
2 0.33203125 0.7 0.6640625 0.371875
2 0.2171875 0.2328125 0.378125 0.16875
2 0.140625 0.12578125 0.1984375 0.134375
4 0.7125 0.0546875 0.05 0.0609375
4 0.75 0.05703125 0.0359375 0.0453125
4 0.78359375 0.05390625 0.0234375 0.0359375
4 0.79921875 0.0609375 0.0296875 0.05
2 0.3109375 0.90546875 0.621875 0.1890625
2 0.25234375 0.01015625 0.3671875 0.0203125
2 0.15546875 0.0421875 0.1984375 0.084375