2 0.30546875 0.51328125 0.4453125 0.2203125
2 0.0828125 0.53359375 0.1109375 0.04375
2 0.1140625 0.4921875 0.153125 0.06875
2 0.31171875 0.38125 0.534375 0.328125
3 0.1375 0.55546875 0.028125 0.01875
3 0.16875 0.559375 0.03125 0.0140625
3 0.20078125 0.56171875 0.0234375 0.0109375
3 0.203125 0.57421875 0.021875 0.009375
3 0.22890625 0.5625 0.021875 0.0109375
3 0.2328125 0.5734375 0.0203125 0.0109375
3 0.259375 0.575 0.01875 0.0109375
3 0.303125 0.5703125 0.0203125 0.0109375
3 0.334375 0.57109375 0.0203125 0.0125
3 0.3703125 0.5671875 0.0203125 0.0109375
3 0.4046875 0.56640625 0.0265625 0.0125
3 0.4375 0.565625 0.025 0.0109375
3 0.4765625 0.5625 0.03125 0.0109375
2 0.2890625 0.06953125 0.521875 0.1390625