2 0.91015625 0.75078125 0.13125 0.040625
4 0.58671875 0.63203125 0.0125 0.009375
4 0.62421875 0.6375 0.0078125 0.0078125
4 0.6296875 0.6375 0.00625 0.0078125
4 0.2953125 0.58046875 0.0078125 0.0078125
4 0.31953125 0.584375 0.0046875 0.00625
4 0.33515625 0.59140625 0.00625 0.0125
2 0.6671875 0.7203125 0.0609375 0.0296875
2 0.62421875 0.7078125 0.096875 0.05
4 0.35234375 0.58984375 0.0078125 0.0078125
4 0.05703125 0.54609375 0.0046875 0.00625
4 0.07734375 0.5484375 0.00625 0.0078125
4 0.0953125 0.55 0.00625 0.0078125
4 0.146875 0.55703125 0.0046875 0.00625
4 0.13125 0.55546875 0.003125 0.00625
4 0.22578125 0.5703125 0.0046875 0.0046875
2 0.8828125 0.990625 0.13125 0.01875
2 0.63984375 0.98125 0.0609375 0.0296875
2 0.5953125 0.9796875 0.096875 0.040625