2 0.5953125 0.6375 0.1375 0.0765625
4 0.6625 0.5546875 0.0578125 0.0921875
4 0.921875 0.628125 0.0078125 0.028125
4 0.9921875 0.6359375 0.0140625 0.01875
4 0.9640625 0.625 0.0078125 0.0109375
4 0.975 0.628125 0.00625 0.009375
4 0.953125 0.625 0.009375 0.01875
4 0.9375 0.63125 0.0140625 0.025
4 0.9046875 0.6296875 0.0078125 0.0078125
4 0.9875 0.6234375 0.009375 0.0109375
4 0.746875 0.6875 0.046875 0.05625
4 0.959375 0.6203125 0.00625 0.0125
4 0.9796875 0.628125 0.009375 0.01875
4 0.9328125 0.621875 0.0046875 0.0109375
4 0.746875 0.975 0.046875 0.05