2 0.33828125 0.50859375 0.375 0.15
4 0.32265625 0.44921875 0.0125 0.0140625
4 0.4203125 0.43671875 0.009375 0.0078125
4 0.38515625 0.4453125 0.0171875 0.01875
4 0.33984375 0.4484375 0.015625 0.0125
4 0.77109375 0.40859375 0.0109375 0.0125
4 0.4046875 0.4375 0.021875 0.01875
4 0.7578125 0.41328125 0.0078125 0.009375
4 0.76484375 0.4078125 0.009375 0.0125
4 0.31171875 0.45078125 0.0203125 0.01875
2 0.76484375 0.4171875 0.0390625 0.015625
4 0.353125 0.44453125 0.0203125 0.01875
4 0.28828125 0.45546875 0.01875 0.021875
4 0.2625 0.48125 0.05625 0.0703125