2 0.7203125 0.359375 0.0703125 0.109375
4 0.259375 0.6703125 0.0328125 0.06875
4 0.78984375 0.63828125 0.0390625 0.071875
4 0.7703125 0.6921875 0.0296875 0.0828125
4 0.7078125 0.6484375 0.0265625 0.0734375
4 0.39140625 0.65 0.034375 0.0828125
4 0.3234375 0.6625 0.0359375 0.0796875
4 0.2671875 0.66328125 0.0109375 0.03125
4 0.2171875 0.671875 0.0234375 0.071875
4 0.20390625 0.70078125 0.025 0.0796875
4 0.4890625 0.70625 0.0390625 0.0875
4 0.4234375 0.66171875 0.0265625 0.0734375
4 0.3515625 0.6609375 0.0234375 0.071875
4 0.7 0.74296875 0.028125 0.03125
2 0.92890625 0.34453125 0.0703125 0.109375
4 0.09453125 0.68203125 0.0328125 0.06875
4 0.89921875 0.63046875 0.0390625 0.071875
4 0.9265625 0.68203125 0.0296875 0.0828125
4 0.98203125 0.62890625 0.0265625 0.0734375
4 0.03046875 0.68359375 0.0359375 0.0796875
4 0.0859375 0.67578125 0.0109375 0.03125
4 0.13671875 0.67734375 0.0234375 0.071875
4 0.15390625 0.7046875 0.025 0.0796875
4 0.99375 0.721875 0.0125 0.03125