2 0.6796875 0.609375 0.1734375 0.0421875
2 0.8828125 0.5828125 0.0609375 0.025
4 0.309375 0.5796875 0.0078125 0.0171875
4 0.3359375 0.5921875 0.0046875 0.0140625
4 0.315625 0.6 0.0140625 0.015625
4 0.3578125 0.590625 0.0140625 0.0328125
4 0.234375 0.59375 0.015625 0.0546875
4 0.1671875 0.584375 0.0390625 0.0109375
4 0.0546875 0.5828125 0.0171875 0.0203125
4 0.8875 0.578125 0.0078125 0.0109375
4 0.3171875 0.6078125 0.0109375 0.009375
4 0.8484375 0.60625 0.0078125 0.009375
4 0.303125 0.5796875 0.009375 0.0171875
4 0.1796875 0.571875 0.021875 0.0109375