2 0.1578125 0.4171875 0.0625 0.0609375
2 0.33984375 0.46015625 0.1140625 0.040625
2 0.43828125 0.46953125 0.0671875 0.040625
2 0.2046875 0.421875 0.0359375 0.04375
4 0.76171875 0.590625 0.0453125 0.0703125
4 0.7203125 0.5359375 0.0125 0.0125
2 0.2140625 0.02109375 0.0625 0.0421875
2 0.08515625 0.93828125 0.0578125 0.025
2 0.4015625 0.02109375 0.1140625 0.040625
2 0.26875 0.9625 0.1125 0.0359375
2 0.4984375 0.0390625 0.0671875 0.040625
2 0.3671875 0.97578125 0.0640625 0.028125
2 0.26171875 0.02109375 0.0359375 0.0421875
2 0.13125 0.9484375 0.0328125 0.0140625
4 0.71015625 0.95546875 0.0453125 0.0703125
4 0.78828125 0.053125 0.0125 0.0125
4 0.6546875 0.9953125 0.0125 0.009375