4 0.2265625 0.5984375 0.240625 0.184375
4 0.8609375 0.4921875 0.0421875 0.059375
4 0.821875 0.5171875 0.0359375 0.0984375
4 0.7203125 0.5140625 0.0078125 0.003125
4 0.1859375 0.5390625 0.053125 0.065625
4 0.7703125 0.5453125 0.0203125 0.0296875
2 0.521875 0.5015625 0.04375 0.0125
2 0.059375 0.50625 0.01875 0.0203125
4 0.5171875 0.5359375 0.0390625 0.0515625
4 0.0984375 0.5125 0.015625 0.0078125
4 0.071875 0.5078125 0.0109375 0.0109375
4 0.2265625 0.8765625 0.240625 0.184375
4 0.8609375 0.0328125 0.0421875 0.059375
4 0.86015625 0.9765625 0.0421875 0.046875
4 0.82109375 0.028125 0.0359375 0.05625
4 0.82109375 0.95390625 0.0359375 0.0921875
4 0.7203125 0.0109375 0.0078125 0.003125
4 0.7203125 0.9609375 0.0078125 0.003125
4 0.1859375 0.009375 0.053125 0.01875
4 0.1859375 0.9359375 0.053125 0.065625
4 0.7703125 0.9296875 0.0203125 0.0296875
2 0.521875 0.0234375 0.04375 0.0125
2 0.521875 0.9734375 0.04375 0.0125
2 0.059375 0.01875 0.01875 0.0203125
2 0.059375 0.96875 0.01875 0.0203125
4 0.51640625 0.00703125 0.0390625 0.0140625
4 0.5171875 0.9390625 0.0390625 0.0515625
4 0.0984375 0.0125 0.015625 0.0078125
4 0.0984375 0.9625 0.015625 0.0078125
4 0.071875 0.0171875 0.0109375 0.0109375
4 0.071875 0.9671875 0.0109375 0.0109375