4 0.30234375 0.86015625 0.009375 0.021875
4 0.4734375 0.815625 0.0125 0.01875
4 0.59609375 0.7859375 0.015625 0.0265625
4 0.29140625 0.8609375 0.0125 0.0234375
2 0.59921875 0.80390625 0.115625 0.0484375
4 0.88046875 0.7171875 0.0078125 0.0171875
4 0.85546875 0.71484375 0.0078125 0.0171875
4 0.77421875 0.75703125 0.0375 0.0578125
4 0.18359375 0.8875 0.009375 0.021875
4 0.19375 0.88359375 0.0125 0.0234375
4 0.8984375 0.7125 0.0078125 0.0171875
4 0.91953125 0.7 0.0078125 0.0171875
4 0.99609375 0.70234375 0.0078125 0.0578125