2 0.265625 0.3625 0.0328125 0.0171875
4 0.1765625 0.396875 0.0859375 0.215625
4 0.1359375 0.425 0.1 0.2
4 0.446875 0.353125 0.1 0.2453125
4 0.715625 0.425 0.0484375 0.13125
4 0.85 0.503125 0.0578125 0.165625
4 0.7546875 0.3875 0.0234375 0.0515625
4 0.84375 0.3953125 0.0671875 0.103125
4 0.6734375 0.3703125 0.0453125 0.0546875
4 0.5515625 0.434375 0.0359375 0.090625
4 0.3015625 0.38125 0.0609375 0.0828125
4 0.215625 0.396875 0.021875 0.0546875
4 0.9046875 0.496875 0.06875 0.1546875
4 0.5046875 0.4234375 0.034375 0.0765625
4 0.2484375 0.396875 0.04375 0.0640625
4 0.446875 0.05 0.1 0.1