2 0.165625 0.5421875 0.1375 0.0265625
2 0.2515625 0.5359375 0.3046875 0.0359375
4 0.2265625 0.5125 0.0140625 0.0390625
4 0.1953125 0.5234375 0.0171875 0.0375
4 0.3484375 0.4984375 0.01875 0.040625
4 0.446875 0.521875 0.0109375 0.0140625
4 0.6078125 0.5015625 0.0046875 0.009375
4 0.5921875 0.5015625 0.00625 0.0109375
2 0.4671875 0.53125 0.071875 0.0140625
2 0.5859375 0.575 0.134375 0.0578125
2 0.5671875 0.503125 0.0203125 0.0203125
4 0.371875 0.5078125 0.01875 0.0515625
4 0.465625 0.528125 0.009375 0.0125
4 0.3140625 0.5203125 0.01875 0.01875
4 0.25625 0.5140625 0.0171875 0.0125
2 0.6515625 0.5046875 0.0515625 0.0125
4 0.784375 0.6453125 0.084375 0.3734375
4 0.2109375 0.5015625 0.009375 0.015625
4 0.2828125 0.515625 0.034375 0.0265625
4 0.784375 0.91640625 0.084375 0.1671875