2 0.64765625 0.8265625 0.290625 0.309375
2 0.35078125 0.8921875 0.5578125 0.215625
4 0.7453125 0.49609375 0.1296875 0.2296875
2 0.4140625 0.6625 0.5828125 0.26875
2 0.34375 0.58046875 0.2109375 0.1140625
4 0.790625 0.29140625 0.1078125 0.1796875
2 0.2375 0.32109375 0.0953125 0.0953125
4 0.58359375 0.58671875 0.090625 0.121875
2 0.23203125 0.37109375 0.0984375 0.071875
2 0.34296875 0.39609375 0.11875 0.0859375
2 0.45234375 0.5359375 0.5203125 0.228125
2 0.846875 0.8609375 0.21875 0.278125
2 0.04921875 0.8296875 0.0984375 0.159375
4 0.92890625 0.53515625 0.1296875 0.2296875
2 0.07578125 0.58515625 0.1515625 0.1859375
2 0.03203125 0.51015625 0.0640625 0.0859375
4 0.9578125 0.32890625 0.084375 0.1796875
2 0.1609375 0.3046875 0.0953125 0.0953125
2 0.14609375 0.353125 0.0984375 0.071875
2 0.05546875 0.33515625 0.075 0.0765625
2 0.06796875 0.4515625 0.1359375 0.15