2 0.5984375 0.5578125 0.703125 0.5046875
4 0.6796875 0.5609375 0.1578125 0.2203125
4 0.55 0.5140625 0.1359375 0.1828125
4 0.659375 0.46875 0.1015625 0.125
4 0.559375 0.415625 0.0875 0.1015625
4 0.6265625 0.409375 0.0765625 0.1296875
4 0.478125 0.4625 0.10625 0.1578125
4 0.4984375 0.3796875 0.0625 0.078125
4 0.4125 0.4265625 0.121875 0.16875
4 0.3796875 0.3875 0.0734375 0.14375
4 0.43125 0.3234375 0.05625 0.0546875
4 0.4671875 0.3546875 0.05625 0.0890625
4 0.3140625 0.3515625 0.0546875 0.0609375
4 0.328125 0.36875 0.0984375 0.1359375
4 0.33125 0.3171875 0.15 0.25625
2 0.5984375 0.93046875 0.703125 0.1390625
4 0.43125 0.0140625 0.05625 0.028125
4 0.33125 0.06796875 0.15 0.1359375