2 0.89609375 0.44140625 0.2078125 0.2671875
2 0.72890625 0.428125 0.1734375 0.20625
2 0.3453125 0.4046875 0.2953125 0.4
2 0.16484375 0.40625 0.2453125 0.3578125
2 0.57265625 0.425 0.190625 0.2625
4 0.503125 0.4140625 0.0296875 0.0375
4 0.534375 0.41484375 0.0265625 0.0359375
4 0.8046875 0.42109375 0.0453125 0.06875
4 0.99296875 0.4421875 0.0140625 0.05625
4 0.4109375 0.409375 0.0234375 0.03125
2 0.86171875 0.4765625 0.021875 0.0734375
2 0.3703125 0.05234375 0.275 0.1046875
2 0.19140625 0.02890625 0.2265625 0.0578125