2 0.5421875 0.4140625 0.2390625 0.1515625
2 0.3671875 0.421875 0.121875 0.1609375
2 0.7640625 0.4828125 0.08125 0.034375
4 0.8859375 0.559375 0.028125 0.0859375
4 0.275 0.525 0.015625 0.05
4 0.59375 0.5 0.01875 0.0421875
4 0.90625 0.4953125 0.0140625 0.0390625
4 0.9671875 0.4421875 0.015625 0.028125
4 0.625 0.475 0.0109375 0.034375
4 0.2125 0.5046875 0.009375 0.0296875
4 0.0765625 0.4953125 0.0078125 0.025
4 0.0390625 0.4921875 0.009375 0.0203125
4 0.4921875 0.48125 0.0109375 0.028125
4 0.06875 0.4953125 0.009375 0.0265625
4 0.8625 0.559375 0.03125 0.084375
4 0.9234375 0.4890625 0.0140625 0.046875