2 0.1765625 0.4890625 0.265625 0.065625
4 0.778125 0.5546875 0.44375 0.5359375
2 0.35 0.490625 0.0234375 0.0109375
2 0.434375 0.4921875 0.0171875 0.0140625
2 0.3859375 0.4890625 0.0234375 0.0140625
4 0.1796875 0.4765625 0.0140625 0.0171875
4 0.23125 0.48125 0.0125 0.0140625
4 0.140625 0.4828125 0.0140625 0.0140625
2 0.475 0.490625 0.01875 0.01875
2 0.0296875 0.48984375 0.059375 0.0171875
4 0.153125 0.4828125 0.009375 0.0125
4 0.2484375 0.484375 0.009375 0.0078125
4 0.2453125 0.4796875 0.00625 0.0109375
4 0.2046875 0.478125 0.015625 0.0234375
4 0.19375 0.4796875 0.00625 0.01875
4 0.496875 0.625 0.309375 0.4140625
4 0.778125 0.92109375 0.44375 0.1578125
4 0.496875 0.91640625 0.309375 0.1671875