2 0.5984375 0.5453125 0.6390625 0.18125
2 0.271875 0.478125 0.4171875 0.128125
4 0.0484375 0.3359375 0.0171875 0.025
4 0.090625 0.3265625 0.009375 0.0125
4 0.121875 0.325 0.009375 0.0140625
4 0.1640625 0.33125 0.0125 0.0234375
4 0.184375 0.33125 0.009375 0.021875
4 0.38125 0.3765625 0.015625 0.034375
4 0.4109375 0.3890625 0.0125 0.0328125
4 0.4375 0.39375 0.0203125 0.05625
4 0.4578125 0.4015625 0.0203125 0.0609375
4 0.396875 0.396875 0.0171875 0.0515625
2 0.08125 0.378125 0.1625 0.059375
4 0.3609375 0.3875 0.0171875 0.0453125
4 0.3265625 0.3859375 0.0203125 0.0453125
4 0.3796875 0.4015625 0.0265625 0.0375
4 0.04765625 0.00703125 0.0171875 0.0140625
4 0.090625 0.0109375 0.009375 0.0125
4 0.121875 0.0125 0.009375 0.0140625
4 0.1640625 0.00859375 0.0125 0.0171875
4 0.184375 0.00859375 0.009375 0.0171875