4 0.35625 0.81640625 0.009375 0.0203125
4 0.36171875 0.81171875 0.0125 0.021875
2 0.7671875 0.70546875 0.1140625 0.0671875
2 0.834375 0.66171875 0.1296875 0.06875
2 0.8734375 0.6171875 0.1015625 0.078125
2 0.9171875 0.5984375 0.090625 0.0578125
2 0.61015625 0.59765625 0.0515625 0.034375
2 0.5234375 0.63359375 0.1203125 0.075
2 0.45703125 0.675 0.0609375 0.040625
2 0.61640625 0.71640625 0.128125 0.08125
2 0.4109375 0.6 0.0421875 0.03125
2 0.71171875 0.65625 0.096875 0.0640625
2 0.12265625 0.64921875 0.059375 0.0515625
4 0.4921875 0.8390625 0.0078125 0.0125
4 0.446875 0.8359375 0.0140625 0.021875
4 0.30234375 0.80390625 0.00625 0.0125
4 0.3046875 0.796875 0.0078125 0.0140625
4 0.43828125 0.72890625 0.0109375 0.0140625
2 0.50625 0.64921875 0.065625 0.04375
2 0.4671875 0.6234375 0.0765625 0.11875
4 0.3953125 0.99609375 0.009375 0.0078125
4 0.403125 0.996875 0.0125 0.00625
2 0.81484375 0.92890625 0.109375 0.0515625
2 0.66953125 0.9671875 0.11875 0.040625
4 0.5109375 0.92734375 0.0078125 0.0125
4 0.47109375 0.9484375 0.0140625 0.021875