2 0.6421875 0.6265625 0.128125 0.0484375
2 0.296875 0.690625 0.2125 0.1296875
2 0.4953125 0.6484375 0.10625 0.05625
2 0.74375 0.640625 0.0625 0.028125
2 0.8515625 0.6546875 0.2921875 0.0984375
2 0.5484375 0.6234375 0.0375 0.015625
2 0.4140625 0.63125 0.046875 0.0375
2 0.103125 0.7109375 0.203125 0.1484375
2 0.371875 0.6359375 0.040625 0.034375
4 0.834375 0.6078125 0.071875 0.090625
4 0.2984375 0.6171875 0.096875 0.1359375
4 0.609375 0.5828125 0.0546875 0.04375
4 0.65625 0.5875 0.046875 0.0375
4 0.7421875 0.5828125 0.0609375 0.0765625
4 0.3859375 0.6 0.0546875 0.071875
4 0.078125 0.625 0.0984375 0.1484375
4 0.11875 0.5984375 0.0578125 0.09375
4 0.5171875 0.6046875 0.096875 0.084375
4 0.7078125 0.5703125 0.025 0.0421875
4 0.68125 0.5875 0.034375 0.05
4 0.9171875 0.5875 0.1203125 0.1328125
2 0.296875 0.953125 0.2125 0.09375
2 0.4953125 0.99296875 0.10625 0.0140625
2 0.85078125 0.97890625 0.2921875 0.0421875
2 0.103125 0.93828125 0.203125 0.1234375
4 0.07734375 0.98125 0.0984375 0.0375