2 0.73359375 0.66171875 0.15 0.096875
2 0.7109375 0.5625 0.1125 0.08125
2 0.590625 0.53671875 0.0671875 0.053125
2 0.54140625 0.5171875 0.0765625 0.0734375
2 0.48828125 0.50234375 0.046875 0.053125
4 0.2125 0.56640625 0.034375 0.0578125
4 0.27578125 0.54765625 0.0171875 0.034375
4 0.7 0.63515625 0.025 0.040625
4 0.23515625 0.56953125 0.025 0.053125
4 0.446875 0.53203125 0.00625 0.009375
4 0.71953125 0.63046875 0.0140625 0.015625
4 0.43984375 0.53359375 0.00625 0.0125
2 0.44609375 0.53671875 0.028125 0.028125