2 0.234375 0.6390625 0.265625 0.11875
2 0.85390625 0.5921875 0.2921875 0.221875
2 0.59296875 0.78203125 0.540625 0.125
2 0.49375 0.503125 0.146875 0.1046875
2 0.1171875 0.465625 0.1828125 0.1015625
2 0.3796875 0.490625 0.0828125 0.084375
2 0.7390625 0.5109375 0.1296875 0.0765625
2 0.25 0.46015625 0.0359375 0.0453125
2 0.2203125 0.52890625 0.1546875 0.05
2 0.88984375 0.428125 0.215625 0.125
2 0.5984375 0.50078125 0.0671875 0.05
2 0.1203125 0.57265625 0.15625 0.0578125
2 0.9765625 0.47734375 0.046875 0.0421875
4 0.7484375 0.50859375 0.0203125 0.0171875
3 0.60390625 0.55390625 0.0109375 0.0078125
3 0.28984375 0.5421875 0.0109375 0.0125
3 0.5359375 0.5078125 0.00625 0.00625
3 0.66484375 0.52578125 0.0078125 0.00625
3 0.76640625 0.60625 0.025 0.0296875
3 0.91875 0.6328125 0.0359375 0.021875
2 0.29921875 0.4515625 0.040625 0.0359375
2 0.496875 0.4375 0.0640625 0.03125
2 0.43671875 0.4546875 0.0296875 0.025
2 0.31953125 0.4453125 0.028125 0.034375
2 0.21640625 0.965625 0.2625 0.0546875
2 0.5875 0.89453125 0.540625 0.125