4 0.60625 0.628125 0.075 0.10625
4 0.175 0.378125 0.0328125 0.0828125
4 0.5453125 0.603125 0.0546875 0.1671875
4 0.5875 0.590625 0.06875 0.1234375
4 0.6609375 0.6109375 0.0890625 0.1328125
4 0.221875 0.553125 0.0453125 0.078125
4 0.4609375 0.45625 0.034375 0.0484375
4 0.5875 0.3578125 0.021875 0.025
4 0.39375 0.46875 0.053125 0.0515625
2 0.315625 0.5703125 0.3359375 0.121875
2 0.428125 0.46875 0.596875 0.059375
2 0.525 0.4171875 0.4625 0.1046875
2 0.1515625 0.184375 0.1796875 0.0453125
2 0.2265625 0.2890625 0.240625 0.0875
2 0.665625 0.4765625 0.1109375 0.034375
2 0.571875 0.459375 0.1609375 0.0703125
2 0.1140625 0.55 0.14375 0.0890625
2 0.553125 0.2875 0.1 0.065625
2 0.3890625 0.5265625 0.4859375 0.0890625
4 0.21875 0.2703125 0.0296875 0.0484375
4 0.525 0.5953125 0.071875 0.1546875