4 0.89453125 0.54921875 0.03125 0.0703125
4 0.59609375 0.5765625 0.0375 0.0734375
4 0.575 0.58515625 0.028125 0.0671875
4 0.48125 0.5796875 0.0421875 0.0390625
4 0.65546875 0.4984375 0.0203125 0.028125
4 0.4671875 0.53046875 0.0203125 0.0328125
4 0.50390625 0.5328125 0.028125 0.03125
4 0.53828125 0.48125 0.0109375 0.0234375
4 0.5875 0.44375 0.00625 0.0140625
2 0.290625 0.51484375 0.065625 0.01875
4 0.22890625 0.57109375 0.0328125 0.0203125
4 0.40859375 0.4859375 0.009375 0.0265625
2 0.2796875 0.54140625 0.090625 0.0328125
4 0.403125 0.48203125 0.0078125 0.021875
4 0.77109375 0.54375 0.04375 0.0453125
4 0.4015625 0.5703125 0.7796875 0.3265625