2 0.24375 0.79296875 0.4875 0.1390625
2 0.528125 0.77421875 0.4046875 0.1875
4 0.509375 0.746875 0.01875 0.0640625
2 0.66484375 0.703125 0.490625 0.2046875
2 0.3609375 0.67578125 0.0828125 0.025
2 0.284375 0.66796875 0.065625 0.025
2 0.084375 0.66640625 0.15625 0.05625
2 0.2328125 0.6734375 0.0234375 0.0125
2 0.91640625 0.45859375 0.140625 0.65625
2 0.1578125 0.665625 0.040625 0.021875
2 0.2546875 0.66640625 0.0703125 0.0265625
2 0.94765625 0.71875 0.0984375 0.0671875
2 0.2421875 0.9375 0.484375 0.121875
2 0.5234375 0.94140625 0.403125 0.1171875
4 0.5046875 0.98515625 0.0171875 0.0296875
2 0.659375 0.975 0.4875 0.05