4 0.478125 0.6359375 0.3328125 0.1046875
4 0.70625 0.6 0.1140625 0.1546875
2 0.6328125 0.4453125 0.0203125 0.0421875
2 0.159375 0.4640625 0.0078125 0.0296875
2 0.10625 0.4640625 0.0078125 0.0328125
2 0.6546875 0.46875 0.028125 0.0046875
2 0.209375 0.4671875 0.00625 0.0203125
2 0.225 0.46875 0.0109375 0.0203125
2 0.434375 0.465625 0.015625 0.009375
2 0.296875 0.4640625 0.0078125 0.0234375
2 0.4765625 0.4609375 0.01875 0.0234375
2 0.703125 0.4578125 0.015625 0.0234375
4 0.2609375 0.640625 0.1765625 0.0765625
4 0.478125 0.8859375 0.3328125 0.1046875
4 0.70625 0.921875 0.1140625 0.1546875
2 0.6328125 0.0328125 0.0203125 0.0421875
2 0.15859375 0.0140625 0.0078125 0.028125
2 0.10546875 0.01484375 0.0078125 0.0296875
2 0.6546875 0.009375 0.028125 0.0046875
2 0.209375 0.0109375 0.00625 0.0203125
2 0.22421875 0.009375 0.0109375 0.01875
2 0.434375 0.0125 0.015625 0.009375
2 0.296875 0.0140625 0.0078125 0.0234375
2 0.4765625 0.0171875 0.01875 0.0234375
2 0.703125 0.0203125 0.015625 0.0234375
4 0.2609375 0.88125 0.1765625 0.0765625