4 0.23125 0.55703125 0.4078125 0.596875
4 0.6375 0.42265625 0.334375 0.509375
2 0.16796875 0.59140625 0.3359375 0.6609375
2 0.6734375 0.45390625 0.653125 0.7578125
2 0.259375 0.42578125 0.0875 0.1046875
4 0.3890625 0.453125 0.2578125 0.225
4 0.74921875 0.59609375 0.365625 0.43125
4 0.96171875 0.4421875 0.0765625 0.084375
4 0.3140625 0.95078125 0.325 0.0984375
4 0.56171875 0.05859375 0.2671875 0.1171875
2 0.21953125 0.93515625 0.2953125 0.1296875
2 0.62109375 0.09453125 0.6109375 0.1890625
2 0.73828125 0.8703125 0.5234375 0.259375
4 0.80078125 0.865625 0.325 0.2203125