2 0.3453125 0.453125 0.125 0.1796875
2 0.6734375 0.5546875 0.0734375 0.1171875
2 0.54375 0.5328125 0.0515625 0.09375
2 0.46875 0.53125 0.0421875 0.0625
2 0.59921875 0.55625 0.059375 0.075
2 0.25546875 0.49609375 0.015625 0.0203125
4 0.2984375 0.5109375 0.0125 0.0140625
2 0.68828125 0.60234375 0.0125 0.0171875
2 0.7140625 0.60859375 0.0171875 0.01875
2 0.73203125 0.6140625 0.015625 0.01875
2 0.128125 0.4578125 0.0296875 0.0453125
2 0.1953125 0.4796875 0.028125 0.034375
4 0.3265625 0.509375 0.0125 0.009375
4 0.30078125 0.51484375 0.0109375 0.0078125
2 0.0390625 0.43984375 0.0203125 0.034375
2 0.4015625 0.209375 0.125 0.1796875
2 0.2796875 0.7390625 0.125 0.1796875
2 0.23671875 0.9265625 0.1 0.06875
2 0.740625 0.2625 0.0734375 0.1171875
2 0.61875 0.7921875 0.0734375 0.1171875
2 0.7859375 0.065625 0.0546875 0.0359375
2 0.61484375 0.225 0.0515625 0.09375
2 0.4921875 0.7546875 0.0515625 0.09375
2 0.6578125 0.034375 0.0375 0.028125
2 0.546875 0.19296875 0.0421875 0.0625
2 0.42421875 0.7234375 0.0421875 0.0625
2 0.58671875 0.01796875 0.034375 0.028125
2 0.675 0.22734375 0.059375 0.075
2 0.553125 0.7578125 0.059375 0.075
2 0.715625 0.04765625 0.0484375 0.03125
2 0.33984375 0.13125 0.015625 0.0203125
2 0.2171875 0.6609375 0.015625 0.0203125
4 0.38515625 0.13671875 0.0125 0.0140625
4 0.2625 0.66640625 0.0125 0.0140625
2 0.775 0.225 0.0125 0.0171875
2 0.653125 0.7546875 0.0125 0.0171875
2 0.81015625 0.07265625 0.0125 0.0171875
2 0.80078125 0.23125 0.0171875 0.01875
2 0.67890625 0.7609375 0.0171875 0.01875
2 0.8359375 0.07890625 0.0171875 0.01875
2 0.81953125 0.23359375 0.015625 0.01875
2 0.69765625 0.76328125 0.015625 0.01875
2 0.85390625 0.084375 0.015625 0.01875
2 0.20859375 0.11015625 0.0296875 0.0453125
2 0.0859375 0.63984375 0.0296875 0.0453125
2 0.278125 0.1203125 0.028125 0.034375
2 0.15625 0.65 0.028125 0.034375
4 0.409375 0.15 0.0125 0.009375
4 0.28671875 0.68046875 0.0125 0.009375
4 0.3890625 0.134375 0.0109375 0.0078125
4 0.26640625 0.6640625 0.0109375 0.0078125
2 0.12109375 0.08671875 0.0203125 0.034375
2 0.00390625 0.615625 0.0078125 0.034375