2 0.2078125 0.4328125 0.046875 0.0296875
2 0.446875 0.634375 0.059375 0.040625
2 0.48125 0.68125 0.046875 0.065625
2 0.7125 0.409375 0.0890625 0.05
2 0.1765625 0.4359375 0.0375 0.0265625
2 0.13125 0.5078125 0.0421875 0.053125
2 0.2609375 0.553125 0.0640625 0.0484375
2 0.9609375 0.4328125 0.078125 0.084375
2 0.559375 0.5828125 0.0875 0.0546875
2 0.696875 0.575 0.0671875 0.2203125
2 0.453125 0.4375 0.109375 0.0265625
2 0.4390625 0.525 0.0515625 0.040625
2 0.3625 0.4375 0.075 0.0484375
2 0.48125 0.97421875 0.046875 0.0515625