2 0.59453125 0.60546875 0.659375 0.571875
2 0.61640625 0.48984375 0.7109375 0.409375
2 0.840625 0.77578125 0.2515625 0.25
2 0.27890625 0.47265625 0.359375 0.3375
4 0.25234375 0.246875 0.1953125 0.1984375
4 0.7359375 0.33984375 0.1921875 0.275
4 0.5515625 0.51328125 0.2453125 0.24375
4 0.67734375 0.24609375 0.0859375 0.1078125
2 0.515625 0.90234375 0.590625 0.1953125
2 0.78515625 0.96015625 0.2359375 0.0796875
4 0.309375 0.0328125 0.18125 0.065625
4 0.78203125 0.13671875 0.1734375 0.1921875
4 0.6984375 0.1546875 0.0859375 0.1078125