2 0.67421875 0.609375 0.525 0.321875
4 0.60625 0.60859375 0.01875 0.034375
4 0.596875 0.6046875 0.0140625 0.015625
4 0.8 0.64453125 0.0109375 0.0140625
4 0.64921875 0.59453125 0.01875 0.0328125
4 0.5875 0.61171875 0.01875 0.0265625
4 0.5515625 0.62421875 0.015625 0.0296875
4 0.56640625 0.61875 0.0265625 0.0296875
4 0.82734375 0.584375 0.0140625 0.01875
4 0.63046875 0.59140625 0.009375 0.009375
4 0.70625 0.58359375 0.01875 0.025
4 0.77578125 0.55234375 0.0125 0.015625
2 0.74765625 0.9046875 0.4953125 0.190625
4 0.859375 0.88046875 0.0109375 0.0140625