2 0.2234375 0.6296875 0.31875 0.20625
2 0.421875 0.4265625 0.1546875 0.09375
2 0.78203125 0.60390625 0.4359375 0.2203125
2 0.8703125 0.4921875 0.259375 0.159375
2 0.7140625 0.26015625 0.465625 0.284375
2 0.1 0.6484375 0.1703125 0.1265625
2 0.14765625 0.521875 0.0640625 0.03125
2 0.19921875 0.50234375 0.046875 0.0421875
2 0.2421875 0.4890625 0.0671875 0.046875
2 0.925 0.334375 0.1234375 0.15
2 0.83984375 0.55 0.3203125 0.1625
2 0.51015625 0.42734375 0.040625 0.025
2 0.75625 0.68203125 0.4875 0.2703125
2 0.49921875 0.34609375 0.9984375 0.6453125
2 0.7859375 0.89921875 0.428125 0.1859375
2 0.45 0.121875 0.9 0.24375