2 0.49375 0.5609375 0.434375 0.4109375
2 0.6046875 0.3875 0.103125 0.0375
2 0.790625 0.4078125 0.165625 0.0828125
2 0.440625 0.3625 0.0453125 0.0390625
2 0.6640625 0.4015625 0.0625 0.0140625
4 0.253125 0.36875 0.05 0.125
2 0.396875 0.3453125 0.0671875 0.05625
2 0.328125 0.3515625 0.034375 0.0234375
2 0.3609375 0.35625 0.025 0.01875
2 0.778125 0.8921875 0.1890625 0.1953125
2 0.1875 0.3421875 0.08125 0.0546875
2 0.3 0.3484375 0.0171875 0.0109375
2 0.93828125 0.40703125 0.1234375 0.0828125
4 0.0109375 0.36875 0.021875 0.125
2 0.93828125 0.89140625 0.1234375 0.1953125
2 0.0625 0.3421875 0.08125 0.0546875