2 0.2734375 0.4359375 0.225 0.0984375
4 0.059375 0.51484375 0.1046875 0.2484375
4 0.7578125 0.63359375 0.04375 0.078125
4 0.57734375 0.63359375 0.0234375 0.0515625
4 0.51015625 0.634375 0.08125 0.0890625
4 0.38984375 0.6078125 0.0546875 0.0859375
4 0.41796875 0.59921875 0.0375 0.05625
4 0.60859375 0.56875 0.028125 0.03125
4 0.22734375 0.546875 0.0265625 0.0203125
4 0.26015625 0.55234375 0.0296875 0.0265625
4 0.3640625 0.60078125 0.0484375 0.0890625
2 0.940625 0.6234375 0.1078125 0.1
4 0.4671875 0.60546875 0.0328125 0.046875
4 0.3296875 0.45703125 0.0109375 0.0125
4 0.68359375 0.62734375 0.0703125 0.1578125