2 0.34453125 0.734375 0.084375 0.0984375
2 0.3453125 0.67421875 0.046875 0.0328125
2 0.3703125 0.6234375 0.0296875 0.021875
2 0.60546875 0.70234375 0.0609375 0.05
2 0.59609375 0.646875 0.078125 0.0703125
4 0.3484375 0.6671875 0.0109375 0.0140625
4 0.3359375 0.66484375 0.009375 0.0140625
4 0.61640625 0.696875 0.009375 0.0140625
4 0.60078125 0.69375 0.0125 0.0171875
4 0.3515625 0.73046875 0.015625 0.0203125
4 0.34375 0.7390625 0.0171875 0.01875
4 0.34296875 0.671875 0.0125 0.009375
4 0.3765625 0.61484375 0.0078125 0.0078125
4 0.60859375 0.6921875 0.0078125 0.0109375
2 0.69453125 0.621875 0.0703125 0.0265625
4 0.325 0.71171875 0.0140625 0.0171875
4 0.35703125 0.74453125 0.009375 0.015625
4 0.3640625 0.6125 0.0078125 0.009375
4 0.59140625 0.690625 0.0078125 0.009375
4 0.5984375 0.65234375 0.053125 0.0265625
2 0.31328125 0.91015625 0.084375 0.0984375
2 0.29375 0.96171875 0.0453125 0.0265625
4 0.2953125 0.9703125 0.009375 0.0046875
4 0.28203125 0.96796875 0.0078125 0.0046875
4 0.31875 0.915625 0.015625 0.0203125
4 0.3140625 0.90546875 0.0171875 0.01875
4 0.28984375 0.96640625 0.0125 0.009375
4 0.2875 0.92421875 0.0140625 0.0171875
4 0.32890625 0.9046875 0.009375 0.015625