2 0.96328125 0.76015625 0.0328125 0.04375
2 0.1890625 0.65 0.090625 0.0484375
4 0.865625 0.80625 0.0546875 0.0859375
4 0.44609375 0.76171875 0.0375 0.078125
4 0.89296875 0.81015625 0.0375 0.084375
4 0.8765625 0.80546875 0.0296875 0.08125
2 0.6671875 0.70625 0.0171875 0.00625
2 0.4515625 0.69375 0.08125 0.0171875
2 0.703125 0.7234375 0.0328125 0.015625
2 0.73515625 0.71796875 0.04375 0.0109375
4 0.92265625 0.80078125 0.0109375 0.0109375
4 0.9328125 0.803125 0.00625 0.009375
4 0.84765625 0.984375 0.0515625 0.03125
4 0.42734375 0.97109375 0.0359375 0.0515625
4 0.875 0.98515625 0.034375 0.0296875
4 0.8578125 0.98671875 0.028125 0.0265625