4 0.3265625 0.721875 0.0390625 0.0953125
4 0.30625 0.71875 0.034375 0.0953125
4 0.2875 0.7390625 0.01875 0.0484375
4 0.234375 0.725 0.025 0.0390625
4 0.0609375 0.6984375 0.0140625 0.046875
4 0.5546875 0.7171875 0.0390625 0.021875
4 0.071875 0.6953125 0.0140625 0.0421875
4 0.08125 0.6984375 0.0125 0.0421875
2 0.984375 0.68125 0.025 0.0046875
4 0.259375 0.7171875 0.028125 0.0234375
4 0.5078125 0.6953125 0.015625 0.0375
4 0.6515625 0.70625 0.0234375 0.0265625
4 0.696875 0.709375 0.0125 0.0171875
4 0.865625 0.71875 0.021875 0.0203125
4 0.3265625 0.840625 0.0390625 0.0953125
4 0.30625 0.84375 0.034375 0.0953125
4 0.2875 0.8234375 0.01875 0.0484375
4 0.234375 0.8375 0.025 0.0390625
4 0.0609375 0.8640625 0.0140625 0.046875
4 0.5546875 0.8453125 0.0390625 0.021875
4 0.071875 0.8671875 0.0140625 0.0421875
4 0.08125 0.8640625 0.0125 0.0421875
2 0.984375 0.88125 0.025 0.0046875
4 0.259375 0.8453125 0.028125 0.0234375
4 0.5078125 0.8671875 0.015625 0.0375
4 0.6515625 0.85625 0.0234375 0.0265625
4 0.696875 0.853125 0.0125 0.0171875
4 0.865625 0.84375 0.021875 0.0203125