4 0.834375 0.26953125 0.0859375 0.0890625
4 0.87578125 0.253125 0.0671875 0.078125
4 0.825 0.18359375 0.0375 0.0859375
4 0.05546875 0.35234375 0.028125 0.065625
4 0.0234375 0.36640625 0.04375 0.059375
4 0.271875 0.29140625 0.01875 0.0265625
4 0.340625 0.2953125 0.0203125 0.021875
4 0.19765625 0.29609375 0.0125 0.0171875
4 0.1375 0.33671875 0.0359375 0.0265625
4 0.90859375 0.18515625 0.03125 0.040625
4 0.14140625 0.31796875 0.0109375 0.028125
4 0.81171875 0.171875 0.021875 0.05625
2 0.08828125 0.496875 0.1765625 0.165625
4 0.22421875 0.05 0.015625 0.0140625
4 0.153125 0.06640625 0.0125 0.0171875
4 0.09453125 0.075 0.0078125 0.0125