2 0.4390625 0.6296875 0.1078125 0.0515625
4 0.6171875 0.69140625 0.0859375 0.109375
4 0.62890625 0.51328125 0.0734375 0.109375
4 0.52421875 0.51953125 0.0921875 0.1265625
4 0.434375 0.61171875 0.0265625 0.028125
4 0.54375 0.746875 0.0796875 0.078125
4 0.44765625 0.6140625 0.021875 0.021875
4 0.57421875 0.578125 0.0203125 0.0171875
2 0.5609375 0.59609375 0.06875 0.040625
2 0.7171875 0.4859375 0.0125 0.0109375
2 0.0546875 0.725 0.0328125 0.0328125
4 0.975 0.42578125 0.05 0.1046875
2 0.89609375 0.44140625 0.0125 0.0109375