2 0.9015625 0.703125 0.1 0.1484375
2 0.7515625 0.7578125 0.109375 0.015625
4 0.3359375 0.753125 0.015625 0.0171875
4 0.9359375 0.7984375 0.0203125 0.0515625
4 0.7 0.7578125 0.00625 0.009375
4 0.3625 0.73125 0.0046875 0.009375
4 0.6 0.7359375 0.0078125 0.0125
4 0.278125 0.734375 0.0046875 0.0125
4 0.28125 0.790625 0.01875 0.059375
4 0.459375 0.740625 0.0125 0.0125
4 0.7734375 0.725 0.0046875 0.003125
2 0.7515625 0.9921875 0.109375 0.015625
4 0.3359375 0.99375 0.015625 0.0125
4 0.9359375 0.9515625 0.0203125 0.0515625
4 0.7 0.9921875 0.00625 0.009375
4 0.28125 0.959375 0.01875 0.059375