4 0.89765625 0.79375 0.0203125 0.0265625
4 0.83359375 0.79609375 0.021875 0.0328125
4 0.88515625 0.790625 0.0109375 0.0171875
4 0.8703125 0.79921875 0.0203125 0.034375
2 0.5296875 0.85859375 0.2640625 0.0609375
4 0.92265625 0.79609375 0.0203125 0.03125
4 0.95 0.7875 0.0359375 0.05
4 0.740625 0.79375 0.01875 0.0171875
4 0.70078125 0.8015625 0.0171875 0.0265625
4 0.96796875 0.7828125 0.0203125 0.0453125
4 0.7671875 0.80078125 0.0203125 0.0375
4 0.81328125 0.7953125 0.0171875 0.0265625
4 0.796875 0.79609375 0.00625 0.0109375
2 0.5265625 0.89921875 0.2640625 0.0609375
4 0.721875 0.9953125 0.01875 0.009375
4 0.68515625 0.98515625 0.0171875 0.0265625
4 0.74921875 0.9890625 0.0203125 0.021875