2 0.47421875 0.60234375 0.6296875 0.178125
4 0.1578125 0.54765625 0.1 0.196875
4 0.265625 0.55078125 0.09375 0.228125
4 0.54375 0.4953125 0.078125 0.140625
4 0.3265625 0.5125 0.0890625 0.0984375
4 0.8890625 0.49765625 0.0078125 0.0109375
4 0.875 0.49140625 0.00625 0.0171875
4 0.7796875 0.50234375 0.0078125 0.0140625
4 0.7671875 0.5015625 0.00625 0.0078125
4 0.9734375 0.49921875 0.00625 0.0125
4 0.38125 0.50859375 0.084375 0.103125
4 0.92421875 0.50546875 0.0109375 0.009375
2 0.4859375 0.940625 0.628125 0.11875
4 0.17265625 0.97421875 0.0953125 0.0515625
4 0.27890625 0.96171875 0.0890625 0.0765625