2 0.534375 0.7953125 0.0578125 0.0203125
2 0.146875 0.7265625 0.028125 0.0453125
2 0.3734375 0.7140625 0.0609375 0.0265625
2 0.5109375 0.709375 0.0484375 0.0125
2 0.59375 0.7265625 0.0390625 0.0109375
2 0.778125 0.7171875 0.0359375 0.0078125
2 0.8359375 0.7171875 0.040625 0.0125
2 0.8984375 0.734375 0.0546875 0.0140625
2 0.9390625 0.7125 0.0375 0.0109375
2 0.778125 0.73125 0.0484375 0.009375
2 0.5 0.759375 0.071875 0.025
2 0.0703125 0.728125 0.040625 0.0046875
2 0.7234375 0.6984375 0.0234375 0.0046875
2 0.534375 0.8703125 0.0578125 0.0203125
2 0.146875 0.9390625 0.028125 0.0453125
2 0.3734375 0.9515625 0.0609375 0.0265625
2 0.5109375 0.95625 0.0484375 0.0125
2 0.59375 0.9390625 0.0390625 0.0109375
2 0.778125 0.9484375 0.0359375 0.0078125
2 0.8359375 0.9484375 0.040625 0.0125
2 0.8984375 0.93125 0.0546875 0.0140625
2 0.9390625 0.953125 0.0375 0.0109375
2 0.778125 0.934375 0.0484375 0.009375
2 0.5 0.90625 0.071875 0.025
2 0.0703125 0.9375 0.040625 0.0046875
2 0.7234375 0.9671875 0.0234375 0.0046875