4 0.26640625 0.46875 0.053125 0.071875
2 0.8421875 0.775 0.228125 0.178125
2 0.66953125 0.6984375 0.6 0.315625
2 0.40859375 0.59609375 0.690625 0.2875
2 0.421875 0.515625 0.340625 0.1546875
2 0.1375 0.4421875 0.259375 0.1390625
2 0.390625 0.55 0.78125 0.3125
2 0.84609375 0.6359375 0.20625 0.1203125
2 0.02578125 0.58671875 0.0515625 0.1078125
2 0.16171875 0.4171875 0.1140625 0.0546875
2 0.14296875 0.4671875 0.1796875 0.0859375
2 0.05625 0.4140625 0.1109375 0.0890625
2 0.7953125 0.93671875 0.228125 0.1265625
2 0.60625 0.8953125 0.6 0.209375
2 0.3359375 0.88671875 0.671875 0.2265625
2 0.340625 0.89609375 0.68125 0.2078125
2 0.0609375 0.89140625 0.121875 0.0578125