2 0.8546875 0.603125 0.1234375 0.090625
2 0.93671875 0.59765625 0.084375 0.028125
2 0.65625 0.54375 0.05 0.059375
2 0.55 0.578125 0.0640625 0.01875
2 0.378125 0.58671875 0.1109375 0.0328125
2 0.43984375 0.55625 0.046875 0.021875
2 0.19609375 0.546875 0.05 0.0109375
2 0.15390625 0.53125 0.0234375 0.0125
2 0.13125 0.52109375 0.01875 0.0125
2 0.2484375 0.5234375 0.0640625 0.084375
2 0.51796875 0.528125 0.0375 0.0484375
2 0.41015625 0.5375 0.025 0.0109375
2 0.7703125 0.5515625 0.05625 0.046875
2 0.86796875 0.56328125 0.14375 0.0734375
2 0.89453125 0.1515625 0.1234375 0.090625
2 0.840625 0.76796875 0.1234375 0.090625
2 0.965625 0.1703125 0.06875 0.028125
2 0.9203125 0.7875 0.084375 0.028125
2 0.68828125 0.17578125 0.05 0.059375
2 0.634375 0.7921875 0.05 0.059375
2 0.5890625 0.1234375 0.0640625 0.01875
2 0.53515625 0.73984375 0.0640625 0.01875
2 0.421875 0.08515625 0.1109375 0.0328125
2 0.36796875 0.7015625 0.1109375 0.0328125
2 0.478125 0.1265625 0.046875 0.021875
2 0.42421875 0.74296875 0.046875 0.021875
2 0.2359375 0.09296875 0.05 0.0109375
2 0.18203125 0.709375 0.05 0.0109375
2 0.19140625 0.1015625 0.0234375 0.0125
2 0.1375 0.71796875 0.0234375 0.0125
2 0.1671875 0.10703125 0.01875 0.0125
2 0.11328125 0.7234375 0.01875 0.0125
2 0.28359375 0.125 0.0640625 0.084375
2 0.2296875 0.74140625 0.0640625 0.084375
2 0.54921875 0.1671875 0.0375 0.0484375
2 0.4953125 0.78359375 0.0375 0.0484375
2 0.4453125 0.1390625 0.025 0.0109375
2 0.39140625 0.75546875 0.025 0.0109375
2 0.8015625 0.1875 0.05625 0.046875
2 0.74765625 0.80390625 0.05625 0.046875
2 0.9 0.19296875 0.14375 0.0734375
2 0.84609375 0.809375 0.14375 0.0734375