2 0.715625 0.4171875 0.021875 0.0140625
4 0.6109375 0.515625 0.0625 0.1609375
4 0.425 0.534375 0.05625 0.1296875
4 0.3109375 0.51875 0.0515625 0.1421875
4 0.73125 0.5453125 0.0515625 0.103125
4 0.7890625 0.4796875 0.0125 0.040625
2 0.159375 0.4171875 0.034375 0.015625
4 0.5265625 0.503125 0.06875 0.13125
2 0.946875 0.4171875 0.0125 0.0109375
2 0.715625 0.0203125 0.021875 0.0140625
4 0.6109375 0.9828125 0.0625 0.034375
4 0.425 0.98125 0.05625 0.0375
4 0.73046875 0.9828125 0.0515625 0.034375
2 0.159375 0.0203125 0.034375 0.015625
2 0.946875 0.0203125 0.0125 0.0109375