2 0.2734375 0.60625 0.546875 0.271875
2 0.21875 0.54609375 0.4375 0.2140625
2 0.1875 0.50625 0.375 0.175
4 0.67421875 0.5953125 0.0859375 0.14375
4 0.553125 0.5375 0.05625 0.1171875
4 0.64375 0.5890625 0.0453125 0.10625
4 0.6375 0.56796875 0.065625 0.134375
4 0.5171875 0.5265625 0.05625 0.103125
4 0.4828125 0.49921875 0.05625 0.1015625
4 0.4375 0.484375 0.0421875 0.0859375
2 0.2578125 0.4828125 0.15625 0.071875
2 0.16953125 0.4609375 0.2453125 0.1203125
4 0.390625 0.46171875 0.034375 0.0765625
2 0.76484375 0.5546875 0.1484375 0.071875
4 0.4171875 0.4765625 0.0375 0.0734375
4 0.40390625 0.46484375 0.0390625 0.075
4 0.34140625 0.44609375 0.0421875 0.0765625
4 0.728125 0.59375 0.06875 0.13125
2 0.06484375 0.4171875 0.10625 0.0484375
2 0.10390625 0.475 0.1125 0.0625
2 0.190625 0.4359375 0.1078125 0.04375
2 0.91171875 0.521875 0.075 0.040625
4 0.43671875 0.5859375 0.0984375 0.0890625
2 0.0703125 0.40859375 0.11875 0.05
2 0.2328125 0.89921875 0.465625 0.2015625