2 0.721875 0.571875 0.0421875 0.0265625
2 0.5984375 0.5546875 0.084375 0.03125
2 0.4203125 0.5546875 0.0203125 0.0234375
2 0.3109375 0.5515625 0.0265625 0.0296875
2 0.378125 0.55625 0.0421875 0.0234375
2 0.1375 0.5859375 0.1140625 0.015625
2 0.9015625 0.5640625 0.0765625 0.01875
2 0.5265625 0.5625 0.053125 0.0109375
2 0.265625 0.559375 0.0328125 0.015625
2 0.4703125 0.553125 0.028125 0.025
2 0.98125 0.5625 0.0359375 0.0171875
2 0.440625 0.5625 0.01875 0.0140625
2 0.334375 0.55625 0.015625 0.0140625