2 0.25 0.65234375 0.1140625 0.040625
2 0.615625 0.68125 0.0375 0.0140625
2 0.23671875 0.62421875 0.0734375 0.028125
2 0.14296875 0.65546875 0.153125 0.0515625
2 0.44375 0.68046875 0.0375 0.0171875
2 0.540625 0.67890625 0.025 0.01875
2 0.378125 0.67734375 0.0734375 0.01875
2 0.459375 0.6796875 0.0328125 0.015625
2 0.496875 0.67890625 0.065625 0.0203125
2 0.5515625 0.68046875 0.0203125 0.015625
2 0.578125 0.6828125 0.0140625 0.0109375
2 0.4875 0.68203125 0.0421875 0.015625
2 0.5828125 0.68125 0.0265625 0.0125
2 0.315625 0.6734375 0.0828125 0.028125
2 0.22265625 0.965625 0.1140625 0.0328125
2 0.5859375 0.9984375 0.0375 0.003125
2 0.1171875 0.94765625 0.153125 0.0515625
2 0.41796875 0.97578125 0.0375 0.0171875
2 0.5125 0.9921875 0.025 0.015625
2 0.35234375 0.9671875 0.0734375 0.01875
2 0.4328125 0.97890625 0.0328125 0.015625
2 0.4703125 0.98671875 0.065625 0.0203125
2 0.52421875 0.99296875 0.0203125 0.0140625
2 0.55078125 0.9953125 0.0140625 0.009375
2 0.4609375 0.98125 0.0421875 0.015625
2 0.55546875 0.99609375 0.0265625 0.0078125
2 0.290625 0.96015625 0.0828125 0.028125