2 0.58984375 0.56328125 0.14375 0.084375
2 0.178125 0.49609375 0.1015625 0.0734375
2 0.4703125 0.54921875 0.1140625 0.0703125
2 0.42734375 0.49140625 0.0375 0.03125
2 0.09609375 0.50078125 0.06875 0.040625
2 0.27265625 0.4875 0.0796875 0.0734375
2 0.16328125 0.43046875 0.06875 0.121875
2 0.06328125 0.4890625 0.1265625 0.06875
2 0.115625 0.4578125 0.040625 0.0328125
2 0.68671875 0.57890625 0.0765625 0.0375
2 0.81640625 0.57890625 0.1328125 0.065625
2 0.33828125 0.5203125 0.1 0.1078125
2 0.9296875 0.603125 0.1234375 0.0703125