2 0.48671875 0.73203125 0.328125 0.2234375
2 0.46328125 0.6640625 0.4859375 0.3109375
2 0.2375 0.7328125 0.1953125 0.1375
2 0.109375 0.7484375 0.115625 0.1265625
4 0.48828125 0.68515625 0.025 0.040625
4 0.471875 0.684375 0.0171875 0.025
4 0.54375 0.67421875 0.025 0.0375
4 0.5296875 0.6765625 0.021875 0.0359375
2 0.065625 0.7609375 0.053125 0.1046875
2 0.53828125 0.9171875 0.3234375 0.165625
2 0.5359375 0.93125 0.45625 0.1375
4 0.56171875 0.98359375 0.0234375 0.0328125
4 0.5484375 0.9921875 0.015625 0.015625
4 0.61640625 0.9703125 0.025 0.034375
4 0.603125 0.97421875 0.0203125 0.0328125