2 0.0921875 0.503125 0.175 0.1265625
4 0.75390625 0.78125 0.3109375 0.2609375
4 0.4015625 0.57109375 0.0921875 0.134375
4 0.8390625 0.6671875 0.321875 0.475
4 0.4921875 0.56015625 0.05625 0.075
4 0.4734375 0.60234375 0.1359375 0.1
4 0.54765625 0.55 0.0578125 0.1078125
4 0.48515625 0.5421875 0.0609375 0.0515625
4 0.37890625 0.50078125 0.028125 0.034375
4 0.35546875 0.49921875 0.0296875 0.040625
4 0.3859375 0.5171875 0.0421875 0.040625
4 0.30546875 0.48203125 0.009375 0.01875
4 0.02421875 0.5609375 0.0484375 0.175
4 0.40390625 0.49765625 0.0265625 0.028125
4 0.728125 0.95078125 0.296875 0.0984375
4 0.803125 0.96328125 0.2875 0.0734375