2 0.321875 0.503125 0.13125 0.0171875
2 0.7296875 0.4609375 0.0765625 0.0203125
2 0.2125 0.4140625 0.078125 0.140625
2 0.3796875 0.4609375 0.0734375 0.034375
2 0.6078125 0.6171875 0.384375 0.0765625
2 0.4625 0.471875 0.0484375 0.0203125
2 0.5875 0.4640625 0.06875 0.0234375
2 0.653125 0.471875 0.08125 0.0265625
2 0.3375 0.4578125 0.0484375 0.03125
2 0.5328125 0.428125 0.05625 0.078125
2 0.8203125 0.4671875 0.0171875 0.0046875
2 0.540625 0.503125 0.153125 0.03125
2 0.4 0.5609375 0.265625 0.05
2 0.0390625 0.50234375 0.078125 0.0171875
2 0.9328125 0.4609375 0.0765625 0.0203125
2 0.121875 0.4140625 0.078125 0.140625
2 0.93125 0.61640625 0.1375 0.0765625
2 0.984375 0.47109375 0.03125 0.0265625
2 0.01015625 0.4578125 0.0203125 0.03125
2 0.8421875 0.4671875 0.0171875 0.0046875
2 0.03359375 0.5609375 0.0671875 0.05