4 0.8546875 0.59375 0.059375 0.1609375
4 0.67890625 0.603125 0.053125 0.165625
4 0.17734375 0.60859375 0.0484375 0.1140625
4 0.74921875 0.57109375 0.0234375 0.0390625
4 0.33359375 0.6234375 0.0390625 0.05
4 0.26875 0.6 0.04375 0.096875
4 0.23203125 0.609375 0.01875 0.0375
4 0.409375 0.596875 0.0234375 0.0765625
4 0.73359375 0.6125 0.0359375 0.0484375
2 0.90390625 0.5234375 0.0265625 0.01875
4 0.5953125 0.578125 0.0265625 0.0703125
4 0.215625 0.59765625 0.0203125 0.034375
4 0.54453125 0.6078125 0.0890625 0.05625
4 0.45703125 0.571875 0.0296875 0.0328125