2 0.8296875 0.49453125 0.1109375 0.05
4 0.57109375 0.54765625 0.075 0.1234375
4 0.7921875 0.61328125 0.103125 0.1609375
4 0.62421875 0.55234375 0.0703125 0.1234375
4 0.6671875 0.56875 0.075 0.1265625
4 0.29140625 0.3171875 0.0234375 0.0375
4 0.42734375 0.3171875 0.0109375 0.0203125
4 0.5015625 0.32734375 0.0109375 0.015625
4 0.63671875 0.471875 0.096875 0.1203125
4 0.6796875 0.47265625 0.078125 0.1234375
4 0.05546875 0.321875 0.06875 0.0953125
4 0.04609375 0.3203125 0.0515625 0.0796875
4 0.56171875 0.38203125 0.03125 0.0328125
4 0.67734375 0.4140625 0.0703125 0.0734375
3 0.36484375 0.509375 0.0171875 0.0109375
3 0.48515625 0.546875 0.0171875 0.0125
4 0.55859375 0.00625 0.0109375 0.009375