2 0.59609375 0.64296875 0.43125 0.221875
2 0.82890625 0.62734375 0.309375 0.1515625
2 0.5109375 0.46875 0.4046875 0.20625
2 0.225 0.7515625 0.446875 0.284375
2 0.06796875 0.84375 0.1359375 0.146875
2 0.440625 0.7765625 0.221875 0.1375
2 0.58046875 0.66171875 0.3578125 0.209375
2 0.71328125 0.665625 0.1671875 0.1140625
2 0.71953125 0.63828125 0.3859375 0.215625
2 0.90078125 0.63515625 0.159375 0.0671875
2 0.7625 0.571875 0.1484375 0.0671875
2 0.79765625 0.57109375 0.1546875 0.0734375
2 0.25625 0.375 0.1953125 0.1140625