2 0.2546875 0.7125 0.509375 0.2015625
4 0.390625 0.6625 0.0109375 0.046875
4 0.375 0.6609375 0.0125 0.0390625
4 0.4375 0.646875 0.009375 0.0125
4 0.453125 0.6546875 0.015625 0.0296875
4 0.665625 0.540625 0.0109375 0.025
4 0.7015625 0.5359375 0.0171875 0.0296875
4 0.721875 0.5328125 0.015625 0.0171875
4 0.090625 0.5953125 0.040625 0.0359375
4 0.7359375 0.53125 0.0078125 0.021875
4 0.421875 0.6484375 0.0171875 0.0265625
4 0.4046875 0.65625 0.0125 0.0359375
4 0.4859375 0.55625 0.0125 0.0125
4 0.5625 0.5578125 0.009375 0.0109375
2 0.6234375 0.6375 0.7171875 0.1359375
2 0.2546875 0.96796875 0.509375 0.0640625