2 0.16875 0.4421875 0.0828125 0.08125
2 0.09375 0.459375 0.09375 0.0875
2 0.821875 0.503125 0.35625 0.184375
2 0.77421875 0.32890625 0.0921875 0.0375
2 0.66328125 0.33671875 0.04375 0.0234375
2 0.62265625 0.3421875 0.015625 0.0109375
4 0.1015625 0.459375 0.01875 0.0421875
2 0.06015625 0.6703125 0.1015625 0.159375
2 0.0203125 0.47578125 0.040625 0.0828125
2 0.303125 0.35859375 0.1296875 0.075
2 0.6890625 0.52265625 0.08125 0.134375
2 0.71015625 0.3359375 0.046875 0.021875
2 0.60078125 0.2953125 0.0515625 0.1046875
2 0.6140625 0.00234375 0.04375 0.0046875
2 0.575 0.0015625 0.015625 0.003125
2 0.26328125 0.07109375 0.1296875 0.075
2 0.56640625 0.0515625 0.0515625 0.103125