4 0.86640625 0.50078125 0.0296875 0.025
4 0.66171875 0.4453125 0.01875 0.0234375
2 0.759375 0.39765625 0.0203125 0.009375
4 0.47734375 0.4171875 0.0125 0.03125
4 0.51796875 0.42421875 0.009375 0.009375
4 0.5640625 0.4328125 0.0109375 0.021875
4 0.88359375 0.4125 0.009375 0.0078125
4 0.6171875 0.434375 0.028125 0.0328125
4 0.68671875 0.44765625 0.015625 0.0296875
4 0.6765625 0.440625 0.0109375 0.0265625
4 0.75859375 0.45078125 0.0140625 0.0328125
4 0.71015625 0.44765625 0.015625 0.0234375
4 0.90546875 0.5015625 0.0234375 0.0421875
4 0.8875 0.51328125 0.0203125 0.01875
4 0.60859375 0.42734375 0.721875 0.1609375