2 0.95078125 0.6109375 0.0984375 0.053125
4 0.6234375 0.5984375 0.0140625 0.0109375
4 0.66015625 0.5921875 0.009375 0.0078125
4 0.66640625 0.590625 0.00625 0.009375
4 0.3296875 0.63984375 0.0078125 0.009375
4 0.3546875 0.6359375 0.00625 0.0078125
4 0.37109375 0.6375 0.0078125 0.0125
2 0.7265625 0.6578125 0.0625 0.0359375
2 0.68203125 0.659375 0.1 0.059375
4 0.3875 0.63125 0.009375 0.009375
4 0.09296875 0.68046875 0.00625 0.0078125
4 0.1125 0.6765625 0.00625 0.009375
4 0.13125 0.67265625 0.00625 0.009375
4 0.18203125 0.66328125 0.00625 0.0078125
4 0.16640625 0.66640625 0.0046875 0.00625
4 0.2609375 0.6515625 0.00625 0.00625
2 0.9765625 0.859375 0.046875 0.053125
2 0.78125 0.91484375 0.0625 0.0359375
2 0.740625 0.93125 0.1 0.059375