4 0.2296875 0.496875 0.0171875 0.0328125
4 0.1140625 0.8078125 0.0515625 0.0453125
4 0.38125 0.4828125 0.0140625 0.0265625
4 0.4234375 0.465625 0.01875 0.0296875
4 0.5328125 0.3984375 0.009375 0.0109375
4 0.4328125 0.64375 0.0359375 0.0671875
4 0.35625 0.459375 0.0203125 0.0546875
4 0.225 0.434375 0.0125 0.009375
4 0.9953125 0.63125 0.009375 0.090625
4 0.3765625 0.4421875 0.009375 0.0234375
4 0.3125 0.3796875 0.009375 0.0140625
4 0.2921875 0.3765625 0.009375 0.009375
2 0.165625 0.3765625 0.0328125 0.009375
4 0.2453125 0.3515625 0.0078125 0.015625
4 0.1140625 0.8546875 0.0515625 0.0453125
4 0.43203125 0.9921875 0.0359375 0.015625