2 0.4984375 0.54765625 0.353125 0.1296875
2 0.08984375 0.496875 0.1796875 0.0921875
2 0.7328125 0.5546875 0.1265625 0.0703125
2 0.82265625 0.5671875 0.078125 0.0484375
4 0.5 0.490625 0.015625 0.034375
4 0.47265625 0.48359375 0.040625 0.046875
2 0.94921875 0.5796875 0.090625 0.0484375
4 0.39609375 0.46875 0.0203125 0.034375
4 0.61328125 0.50625 0.0171875 0.0390625
4 0.63515625 0.50078125 0.015625 0.0203125
4 0.98671875 0.5578125 0.0140625 0.0296875
4 0.4484375 0.48515625 0.01875 0.025
2 0.19140625 0.49765625 0.2171875 0.0984375
2 0.88515625 0.575 0.0640625 0.0453125
2 0.3078125 0.51328125 0.1 0.0546875