4 0.43125 0.6578125 0.2859375 0.43125
4 0.5296875 0.63671875 0.23125 0.3421875
4 0.96640625 0.54609375 0.0234375 0.028125
4 0.86484375 0.528125 0.0203125 0.0234375
4 0.8359375 0.51953125 0.0140625 0.015625
4 0.721875 0.50234375 0.0171875 0.021875
4 0.75703125 0.51015625 0.0109375 0.01875
2 0.72734375 0.51328125 0.1171875 0.04375
2 0.8390625 0.53125 0.1015625 0.034375
2 0.1125 0.4203125 0.1484375 0.0515625
4 0.953125 0.5484375 0.015625 0.01875
4 0.7859375 0.515625 0.0140625 0.0140625
4 0.3828125 0.925 0.2375 0.15