4 0.1828125 0.54609375 0.05625 0.0484375
4 0.67734375 0.578125 0.0109375 0.0234375
4 0.796875 0.659375 0.0734375 0.046875
4 0.83828125 0.665625 0.021875 0.0328125
4 0.815625 0.621875 0.0203125 0.0234375
4 0.78984375 0.625 0.0375 0.0453125
4 0.6671875 0.57734375 0.0140625 0.025
4 0.65390625 0.54375 0.0078125 0.0078125
4 0.5578125 0.55625 0.021875 0.0578125
4 0.75078125 0.6 0.0234375 0.059375
4 0.48828125 0.54765625 0.021875 0.0578125
2 0.11015625 0.47109375 0.0203125 0.009375
4 0.83359375 0.62734375 0.0375 0.0375
2 0.1640625 0.45546875 0.0375 0.0140625
2 0.6578125 0.54609375 0.0265625 0.0078125