2 0.4625 0.59921875 0.4859375 0.1296875
4 0.4546875 0.54765625 0.1390625 0.1984375
4 0.94296875 0.39375 0.1 0.1
2 0.85234375 0.35 0.06875 0.0359375
2 0.8796875 0.43125 0.240625 0.11875
2 0.509375 0.29375 0.14375 0.0390625
2 0.90546875 0.3546875 0.0484375 0.028125
2 0.9515625 0.390625 0.096875 0.0375
2 0.80234375 0.346875 0.040625 0.03125
2 0.6828125 0.30703125 0.0390625 0.0203125
2 0.77890625 0.3421875 0.0265625 0.0109375
2 0.95 0.35859375 0.0484375 0.0234375
2 0.41484375 0.9734375 0.4796875 0.053125
4 0.96484375 0.09609375 0.0703125 0.0921875
2 0.88125 0.1140625 0.06875 0.0359375
2 0.903125 0.06796875 0.19375 0.0671875
2 0.53515625 0.0859375 0.14375 0.0390625
2 0.93359375 0.121875 0.0484375 0.028125
2 0.96953125 0.1 0.0609375 0.0375
2 0.83203125 0.1046875 0.040625 0.03125
2 0.70625 0.11484375 0.0390625 0.0203125
2 0.80859375 0.103125 0.0265625 0.0109375
2 0.9765625 0.12890625 0.046875 0.0234375