2 0.49296875 0.69296875 0.9859375 0.4921875
4 0.27734375 0.24609375 0.10625 0.13125
4 0.33984375 0.253125 0.09375 0.134375
4 0.41953125 0.17734375 0.065625 0.1125
4 0.85703125 0.2921875 0.0765625 0.09375
4 0.93125 0.3234375 0.0796875 0.125
4 0.28984375 0.60625 0.178125 0.2046875
4 0.3265625 0.1765625 0.053125 0.0921875
4 0.72734375 0.303125 0.0875 0.1203125
4 0.61484375 0.1734375 0.040625 0.0375
4 0.97265625 0.2140625 0.0453125 0.04375
4 0.865625 0.20703125 0.0375 0.040625
4 0.8015625 0.196875 0.04375 0.0390625
4 0.49609375 0.1546875 0.0234375 0.0234375
2 0.46484375 0.90078125 0.9296875 0.1984375
4 0.38125 0.0046875 0.078125 0.009375
4 0.440625 0.0484375 0.065625 0.096875
4 0.88984375 0.08203125 0.071875 0.0625
4 0.96640625 0.0921875 0.0671875 0.059375
4 0.3515625 0.0296875 0.053125 0.059375
4 0.76640625 0.053125 0.075 0.0453125
4 0.62578125 0.10546875 0.040625 0.0375
4 0.97734375 0.1765625 0.0453125 0.04375
4 0.875 0.1515625 0.0375 0.040625
4 0.81015625 0.140625 0.04375 0.0390625
4 0.50703125 0.08671875 0.0234375 0.0234375