2 0.503125 0.5609375 0.49375 0.4734375
2 0.5859375 0.37265625 0.1078125 0.053125
2 0.77265625 0.36328125 0.1765625 0.1078125
2 0.41953125 0.3734375 0.0515625 0.0453125
2 0.646875 0.37734375 0.0640625 0.0234375
4 0.2359375 0.409375 0.06875 0.13125
2 0.37421875 0.36328125 0.075 0.065625
2 0.30703125 0.38046875 0.0375 0.028125
2 0.33984375 0.3796875 0.028125 0.021875
2 0.8359375 0.84375 0.2171875 0.221875
2 0.16640625 0.39296875 0.0890625 0.0671875
2 0.27890625 0.38125 0.01875 0.0140625
2 0.91796875 0.33984375 0.134375 0.1015625
4 0.0078125 0.44609375 0.015625 0.1265625
2 0.95859375 0.8171875 0.0828125 0.2125
2 0.04375 0.41171875 0.0875 0.0671875