4 0.0234375 0.634375 0.01875 0.0578125
2 0.70625 0.6546875 0.1234375 0.10625
2 0.515625 0.6671875 0.1234375 0.0421875
2 0.6765625 0.5875 0.065625 0.0328125
2 0.3265625 0.6453125 0.115625 0.0359375
2 0.6578125 0.55 0.0703125 0.021875
2 0.7921875 0.659375 0.08125 0.06875
2 0.75 0.5265625 0.03125 0.0078125
2 0.9046875 0.5359375 0.0328125 0.034375
2 0.6140625 0.540625 0.06875 0.025
2 0.5609375 0.5328125 0.06875 0.021875
2 0.8703125 0.5359375 0.03125 0.028125
2 0.2890625 0.640625 0.09375 0.0265625
2 0.5046875 0.534375 0.0546875 0.0171875