2 0.72578125 0.56484375 0.0703125 0.04375
2 0.4765625 0.56953125 0.06875 0.03125
2 0.55390625 0.56640625 0.0578125 0.034375
2 0.31328125 0.5640625 0.1 0.0484375
2 0.18203125 0.56796875 0.0984375 0.0390625
2 0.07109375 0.565625 0.1234375 0.034375
2 0.63515625 0.56171875 0.0453125 0.0421875
2 0.58203125 0.54375 0.0453125 0.0328125
2 0.40078125 0.5640625 0.0796875 0.0421875
2 0.06015625 0.553125 0.1203125 0.0578125
2 0.28671875 0.55703125 0.1109375 0.0484375
2 0.46328125 0.53515625 0.046875 0.028125
2 0.7328125 0.98203125 0.0703125 0.0296875
2 0.4828125 0.98828125 0.06875 0.0234375
2 0.5609375 0.98828125 0.0578125 0.0234375
2 0.31953125 0.98984375 0.0984375 0.0203125
2 0.18828125 0.99296875 0.0984375 0.0140625
2 0.07734375 0.996875 0.1234375 0.00625
2 0.6421875 0.98671875 0.0453125 0.0234375
2 0.40703125 0.98984375 0.0796875 0.0203125
2 0.29375 0.99453125 0.109375 0.0109375