2 0.8625 0.571875 0.1171875 0.08125
2 0.94375 0.559375 0.0828125 0.0203125
2 0.659375 0.5296875 0.0453125 0.05625
2 0.55625 0.5734375 0.0625 0.0140625
2 0.3859375 0.596875 0.109375 0.0234375
2 0.4453125 0.5609375 0.0453125 0.01875
2 0.2015625 0.5734375 0.05 0.00625
2 0.1578125 0.5609375 0.021875 0.0109375
2 0.134375 0.553125 0.0171875 0.0109375
2 0.2515625 0.5453125 0.0578125 0.0796875
2 0.5203125 0.5265625 0.034375 0.0453125
2 0.4140625 0.5453125 0.025 0.009375
2 0.7734375 0.528125 0.053125 0.0421875
2 0.871875 0.53125 0.1390625 0.0609375
2 0.8625 0.11875 0.1171875 0.08125
2 0.8625 0.7375 0.1171875 0.08125
2 0.94375 0.13125 0.0828125 0.0203125
2 0.94375 0.75 0.0828125 0.0203125
2 0.659375 0.1609375 0.0453125 0.05625
2 0.659375 0.7796875 0.0453125 0.05625
2 0.55625 0.1171875 0.0625 0.0140625
2 0.55625 0.7359375 0.0625 0.0140625
2 0.3859375 0.09375 0.109375 0.0234375
2 0.3859375 0.7125 0.109375 0.0234375
2 0.4453125 0.1296875 0.0453125 0.01875
2 0.4453125 0.7484375 0.0453125 0.01875
2 0.2015625 0.1171875 0.05 0.00625
2 0.2015625 0.7359375 0.05 0.00625
2 0.1578125 0.1296875 0.021875 0.0109375
2 0.1578125 0.7484375 0.021875 0.0109375
2 0.134375 0.1375 0.0171875 0.0109375
2 0.134375 0.75625 0.0171875 0.0109375
2 0.2515625 0.1453125 0.0578125 0.0796875
2 0.2515625 0.7640625 0.0578125 0.0796875
2 0.5203125 0.1640625 0.034375 0.0453125
2 0.5203125 0.7828125 0.034375 0.0453125
2 0.4140625 0.1453125 0.025 0.009375
2 0.4140625 0.7640625 0.025 0.009375
2 0.7734375 0.1625 0.053125 0.0421875
2 0.7734375 0.78125 0.053125 0.0421875
2 0.871875 0.159375 0.1390625 0.0609375
2 0.871875 0.778125 0.1390625 0.0609375