2 0.58203125 0.71640625 0.54375 0.3953125
2 0.49765625 0.4828125 0.678125 0.2640625
2 0.315625 0.8328125 0.284375 0.334375
2 0.45 0.37734375 0.3890625 0.1109375
2 0.51640625 0.28125 0.3328125 0.0875
2 0.5625 0.22890625 0.1125 0.01875
2 0.7 0.36875 0.196875 0.0921875
2 0.575 0.25703125 0.1453125 0.03125
2 0.51015625 0.18671875 0.0703125 0.0234375
2 0.69140625 0.15703125 0.0671875 0.084375
2 0.76328125 0.175 0.096875 0.0234375
2 0.44140625 0.3390625 0.55 0.1234375
2 0.64296875 0.2140625 0.14375 0.0234375
2 0.475 0.26171875 0.4421875 0.15625
2 0.9171875 0.69765625 0.165625 0.3765625
2 0.0859375 0.503125 0.171875 0.2375
2 0.9125 0.459375 0.175 0.2375
2 0.10078125 0.83984375 0.1828125 0.3203125
2 0.92421875 0.35625 0.1421875 0.090625
2 0.93828125 0.14375 0.0671875 0.084375
2 0.86875 0.16953125 0.096875 0.0234375
2 0.0734375 0.3578125 0.146875 0.103125
2 0.953125 0.19765625 0.0640625 0.01875