2 0.490625 0.646875 0.690625 0.2421875
4 0.70625 0.6921875 0.1125 0.1015625
4 0.76171875 0.675 0.0875 0.1109375
4 0.48046875 0.64375 0.0140625 0.01875
4 0.4953125 0.6375 0.0125 0.0171875
4 0.52109375 0.6328125 0.015625 0.021875
4 0.61328125 0.60703125 0.025 0.025
4 0.33828125 0.6265625 0.025 0.0359375
2 0.1359375 0.68203125 0.034375 0.028125
4 0.76875 0.53984375 0.01875 0.0296875
4 0.79609375 0.53125 0.015625 0.025
4 0.5484375 0.62734375 0.0125 0.021875
4 0.32578125 0.6265625 0.0171875 0.0203125
4 0.5359375 0.628125 0.015625 0.021875
4 0.3875 0.6171875 0.0203125 0.0296875
2 0.10859375 0.6875 0.034375 0.028125