2 0.09375 0.65703125 0.0703125 0.0375
2 0.5640625 0.6984375 0.0921875 0.0625
2 0.29296875 0.61640625 0.103125 0.246875
4 0.121875 0.640625 0.0125 0.01875
4 0.27109375 0.69296875 0.025 0.03125
2 0.05625 0.56796875 0.028125 0.0265625
4 0.396875 0.67421875 0.0109375 0.028125
4 0.6 0.68515625 0.0109375 0.0203125
4 0.546875 0.6828125 0.0125 0.0171875
4 0.43515625 0.68359375 0.0125 0.0125
4 0.45234375 0.68515625 0.0109375 0.0296875
4 0.58984375 0.68828125 0.0125 0.0296875
4 0.08359375 0.63671875 0.009375 0.0171875
4 0.09765625 0.63828125 0.009375 0.0171875
4 0.2578125 0.69453125 0.0140625 0.0234375
2 0.42734375 0.60703125 0.1171875 0.29375
2 0.03515625 0.5703125 0.0234375 0.015625
4 0.4453125 0.6890625 0.0140625 0.0203125
4 0.5625 0.6828125 0.0203125 0.015625
2 0.065625 0.92734375 0.0703125 0.0375
2 0.53359375 0.9765625 0.0921875 0.046875
2 0.259375 0.9328125 0.0875 0.096875
4 0.08984375 0.9484375 0.0125 0.01875
4 0.24609375 0.92890625 0.025 0.03125
4 0.365625 0.97265625 0.0109375 0.028125
4 0.56640625 0.996875 0.0109375 0.00625
4 0.5140625 0.99375 0.0125 0.0125
4 0.4046875 0.97265625 0.0125 0.0125
4 0.421875 0.97421875 0.0109375 0.0296875
4 0.5578125 0.9921875 0.0125 0.015625
4 0.05078125 0.94453125 0.009375 0.0171875
4 0.06484375 0.94609375 0.009375 0.0171875
4 0.23359375 0.92421875 0.0140625 0.0234375
2 0.39140625 0.946875 0.096875 0.0984375
4 0.41640625 0.96875 0.0140625 0.0203125
4 0.52890625 0.9953125 0.0203125 0.009375