2 0.190625 0.534375 0.359375 0.3265625
4 0.478125 0.50234375 0.3203125 0.6546875
4 0.56953125 0.365625 0.171875 0.334375
4 0.76640625 0.20390625 0.075 0.1078125
4 0.484375 0.27421875 0.04375 0.090625
4 0.8375 0.44375 0.3125 0.678125
3 0.0609375 0.6359375 0.0265625 0.053125
4 0.40390625 0.0875 0.2359375 0.175
4 0.55078125 0.91640625 0.2359375 0.1671875
4 0.5140625 0.05703125 0.1375 0.1140625
4 0.7359375 0.0421875 0.075 0.084375
4 0.446875 0.06171875 0.04375 0.090625
4 0.76328125 0.06015625 0.2265625 0.1203125
4 0.89765625 0.8515625 0.2046875 0.196875