2 0.55 0.771875 0.396875 0.090625
2 0.7375 0.728125 0.1890625 0.0765625
2 0.1953125 0.740625 0.0375 0.028125
4 0.2046875 0.734375 0.0015625 0.003125
4 0.6390625 0.7515625 0.00625 0.0125
4 0.628125 0.75 0.0046875 0.009375
4 0.621875 0.75 0.00625 0.00625
4 0.596875 0.7515625 0.0078125 0.0140625
2 0.2609375 0.6765625 0.0171875 0.0140625
4 0.540625 0.7515625 0.0046875 0.009375
4 0.53125 0.7515625 0.00625 0.0078125
4 0.5625 0.7484375 0.0078125 0.009375
4 0.784375 0.7296875 0.00625 0.0125
4 0.625 0.7484375 0.0046875 0.009375
4 0.5765625 0.746875 0.0109375 0.0109375
4 0.609375 0.7484375 0.0046875 0.00625
4 0.546875 0.7484375 0.00625 0.0140625
2 0.95859375 0.771875 0.0828125 0.090625
2 0.91640625 0.72734375 0.1671875 0.0765625
2 0.1359375 0.740625 0.0375 0.028125
4 0.1265625 0.734375 0.0015625 0.003125
2 0.0703125 0.6765625 0.0171875 0.0140625
4 0.88125 0.7296875 0.00625 0.0125