4 0.43828125 0.3046875 0.0203125 0.0375
4 0.26484375 0.3703125 0.028125 0.046875
4 0.91796875 0.1953125 0.03125 0.05625
4 0.5515625 0.2875 0.0109375 0.0234375
4 0.29375 0.3640625 0.021875 0.0453125
4 0.3125 0.34453125 0.025 0.0484375
2 0.2390625 0.33515625 0.028125 0.0125
4 0.06796875 0.41015625 0.01875 0.03125
4 0.8890625 0.2078125 0.0390625 0.0515625
4 0.73828125 0.21796875 0.0171875 0.0328125
4 0.33359375 0.3421875 0.03125 0.05
4 0.571875 0.2671875 0.0296875 0.0609375
4 0.05625 0.41328125 0.0171875 0.03125
4 0.28125 0.37734375 0.025 0.03125
2 0.2546875 0.35078125 0.0078125 0.009375