2 0.853125 0.728125 0.2890625 0.0828125
4 0.8046875 0.575 0.0078125 0.028125
4 0.1921875 0.5671875 0.0125 0.0265625
4 0.821875 0.5734375 0.0109375 0.03125
2 0.3359375 0.7734375 0.621875 0.0796875
4 0.8125 0.575 0.009375 0.028125
4 0.6875 0.5875 0.0078125 0.015625
2 0.7890625 0.6171875 0.1515625 0.0375
2 0.559375 0.621875 0.1890625 0.0359375
2 0.36875 0.63125 0.1609375 0.0359375
2 0.159375 0.6546875 0.315625 0.0984375
2 0.7484375 0.6125 0.1484375 0.034375
2 0.853125 0.915625 0.2890625 0.0828125
2 0.3359375 0.8703125 0.621875 0.0796875
2 0.159375 0.96953125 0.315625 0.0609375