2 0.759375 0.5109375 0.48125 0.134375
4 0.675 0.43515625 0.046875 0.0828125
4 0.71015625 0.47734375 0.025 0.046875
4 0.73828125 0.47109375 0.0359375 0.06875
4 0.7828125 0.49140625 0.040625 0.0453125
4 0.8859375 0.51015625 0.0328125 0.04375
4 0.85625 0.5078125 0.0328125 0.04375
4 0.65390625 0.40390625 0.034375 0.0578125
4 0.61953125 0.4265625 0.040625 0.0875
4 0.81953125 0.49921875 0.0390625 0.0484375
4 0.559375 0.39140625 0.03125 0.0421875
4 0.48359375 0.38125 0.0234375 0.0390625
4 0.44609375 0.37578125 0.0234375 0.04375
4 0.39453125 0.3703125 0.0234375 0.04375
4 0.11953125 0.365625 0.0328125 0.0921875