2 0.2421875 0.653125 0.2609375 0.1046875
2 0.859375 0.5734375 0.28125 0.2078125
2 0.6078125 0.7765625 0.5359375 0.096875
2 0.49375 0.503125 0.1421875 0.096875
2 0.115625 0.4859375 0.178125 0.0921875
2 0.3796875 0.496875 0.078125 0.0796875
2 0.7390625 0.4984375 0.1265625 0.0703125
2 0.2484375 0.4734375 0.034375 0.04375
2 0.221875 0.54375 0.153125 0.0421875
2 0.8859375 0.4078125 0.209375 0.1140625
2 0.5984375 0.4953125 0.0640625 0.046875
2 0.125 0.5921875 0.153125 0.05
2 0.9765625 0.453125 0.046875 0.0390625
4 0.7484375 0.4953125 0.01875 0.015625
3 0.60625 0.5484375 0.0109375 0.0078125
3 0.2921875 0.553125 0.0109375 0.0125
3 0.5359375 0.50625 0.00625 0.00625
3 0.665625 0.5171875 0.0078125 0.00625
3 0.771875 0.5921875 0.0234375 0.028125
3 0.925 0.6109375 0.034375 0.0203125
2 0.296875 0.4625 0.0390625 0.034375
2 0.49375 0.4375 0.0625 0.028125
2 0.434375 0.4578125 0.028125 0.0234375
2 0.3171875 0.4546875 0.0265625 0.0328125
2 0.24140625 0.9796875 0.2609375 0.040625
2 0.6078125 0.8890625 0.5359375 0.096875