2 0.478125 0.4734375 0.01875 0.0078125
4 0.546875 0.496875 0.0390625 0.0921875
4 0.7140625 0.50703125 0.034375 0.0984375
4 0.06171875 0.47890625 0.0578125 0.0765625
4 0.6484375 0.50234375 0.021875 0.075
4 0.88828125 0.51953125 0.01875 0.0546875
4 0.196875 0.47265625 0.0140625 0.0375
4 0.23828125 0.47734375 0.01875 0.0390625
4 0.3140625 0.49765625 0.040625 0.0359375
4 0.48359375 0.490625 0.0125 0.03125
4 0.8265625 0.51171875 0.0296875 0.0625
4 0.671875 0.50390625 0.0328125 0.078125
4 0.6984375 0.5046875 0.009375 0.0140625
4 0.16015625 0.478125 0.0125 0.0125