4 0.90703125 0.2140625 0.0125 0.0078125
4 0.10234375 0.2078125 0.0203125 0.04375
4 0.19921875 0.2078125 0.0109375 0.0265625
2 0.6171875 0.53671875 0.428125 0.3875
2 0.78515625 0.5 0.4296875 0.290625
2 0.3828125 0.32890625 0.1265625 0.0984375
2 0.22109375 0.60703125 0.4421875 0.5515625
2 0.8578125 0.434375 0.284375 0.175
2 0.503125 0.321875 0.11875 0.0875
2 0.66953125 0.29140625 0.103125 0.0578125
2 0.246875 0.23125 0.06875 0.0421875
2 0.26796875 0.33125 0.1546875 0.109375
2 0.96015625 0.3765625 0.0796875 0.078125
2 0.5984375 0.2796875 0.11875 0.175
2 0.903125 0.32421875 0.19375 0.0921875
4 0.14609375 0.209375 0.0171875 0.03125
4 0.91328125 0.0359375 0.0125 0.0078125
4 0.109375 0.00390625 0.01875 0.0078125
4 0.20625 0.00234375 0.009375 0.0046875
2 0.21171875 0.93203125 0.4234375 0.1296875
4 0.153125 0.0015625 0.015625 0.003125