4 0.28125 0.546875 0.0234375 0.0859375
4 0.3953125 0.490625 0.00625 0.021875
4 0.8546875 0.48125 0.0078125 0.015625
4 0.8421875 0.48125 0.0078125 0.0171875
4 0.6421875 0.496875 0.0125 0.0203125
2 0.603125 0.5015625 0.08125 0.015625
4 0.428125 0.4890625 0.0078125 0.015625
4 0.13125 0.49375 0.0046875 0.0203125
4 0.3546875 0.525 0.015625 0.05625
4 0.8796875 0.4796875 0.00625 0.015625
4 0.6984375 0.48125 0.00625 0.0140625
4 0.6203125 0.48125 0.00625 0.015625
4 0.7734375 0.4796875 0.0046875 0.0125
4 0.421875 0.4859375 0.00625 0.0109375