2 0.8265625 0.48984375 0.346875 0.4109375
2 0.6859375 0.5578125 0.1625 0.11875
2 0.56875 0.55859375 0.0796875 0.059375
2 0.1390625 0.6265625 0.278125 0.321875
2 0.4484375 0.51640625 0.0609375 0.0296875
2 0.1265625 0.5609375 0.2328125 0.2125
2 0.12578125 0.5359375 0.084375 0.0671875
2 0.171875 0.48828125 0.18125 0.1203125
2 0.32265625 0.4703125 0.059375 0.0421875
2 0.49375 0.53515625 0.0921875 0.040625
2 0.6171875 0.5734375 0.0375 0.05
2 0.21796875 0.484375 0.0375 0.0328125
2 0.43046875 0.4984375 0.065625 0.053125
2 0.8640625 0.0890625 0.271875 0.121875
2 0.11796875 0.86484375 0.2359375 0.1984375
2 0.09140625 0.9234375 0.1828125 0.071875