2 0.6828125 0.48125 0.3484375 0.0890625
2 0.7390625 0.4015625 0.2015625 0.0734375
2 0.5953125 0.3796875 0.0765625 0.0265625
2 0.5421875 0.415625 0.075 0.0234375
4 0.196875 0.3875 0.00625 0.0203125
2 0.0625 0.6125 0.1203125 0.134375
2 0.2234375 0.5359375 0.14375 0.0671875
2 0.115625 0.5546875 0.23125 0.1765625
2 0.73828125 0.034375 0.2015625 0.06875
2 0.5953125 0.0546875 0.0765625 0.0265625
2 0.5421875 0.01875 0.075 0.0234375
4 0.196875 0.046875 0.00625 0.0203125
2 0.06171875 0.94140625 0.1203125 0.1171875
2 0.115625 0.959375 0.23125 0.08125