2 0.4 0.73515625 0.2421875 0.0796875
4 0.39765625 0.64921875 0.08125 0.1390625
4 0.3234375 0.6484375 0.0359375 0.059375
4 0.32578125 0.6140625 0.0265625 0.040625
4 0.340625 0.62890625 0.025 0.065625
4 0.459375 0.6375 0.0421875 0.1
4 0.4421875 0.64453125 0.0265625 0.0984375
4 0.49609375 0.6625 0.0640625 0.071875
4 0.46953125 0.64921875 0.0625 0.0890625
4 0.509375 0.6359375 0.04375 0.065625
4 0.31015625 0.67109375 0.071875 0.0890625
2 0.40703125 0.9375 0.2421875 0.0796875
4 0.4078125 0.9765625 0.078125 0.046875
4 0.47109375 0.98984375 0.0390625 0.0203125
4 0.453125 0.98671875 0.025 0.0265625
4 0.50625 0.9828125 0.0625 0.034375
4 0.48046875 0.98671875 0.0609375 0.0265625
4 0.32109375 0.98125 0.0703125 0.0375