2 0.33359375 0.3515625 0.0296875 0.009375
2 0.26171875 0.35078125 0.0234375 0.0078125
2 0.23203125 0.3453125 0.028125 0.0125
2 0.20234375 0.34765625 0.0171875 0.0078125
2 0.16796875 0.34453125 0.034375 0.0078125
2 0.57109375 0.3609375 0.0203125 0.0109375
2 0.86328125 0.3734375 0.021875 0.00625
2 0.41171875 0.3578125 0.015625 0.009375
2 0.61484375 0.36328125 0.015625 0.0109375
2 0.98515625 0.36796875 0.0140625 0.0078125
2 0.94453125 0.371875 0.021875 0.0140625
4 0.178125 0.39765625 0.0484375 0.0984375
4 0.7171875 0.39296875 0.0078125 0.0109375
2 0.64296875 0.37265625 0.0234375 0.015625
4 0.67578125 0.4734375 0.0765625 0.2421875
2 0.87578125 0.365625 0.0125 0.00625