2 0.890625 0.6046875 0.1125 0.03125
4 0.8703125 0.5875 0.0203125 0.028125
4 0.9015625 0.584375 0.025 0.0171875
2 0.3 0.525 0.040625 0.0140625
2 0.95625 0.55 0.0734375 0.0296875
2 0.6359375 0.5125 0.0328125 0.0328125
2 0.4453125 0.5390625 0.0265625 0.009375
2 0.19375 0.5296875 0.0265625 0.00625
4 0.1921875 0.528125 0.00625 0.0046875
4 0.4484375 0.534375 0.003125 0.0046875
4 0.959375 0.54375 0.0125 0.021875
4 0.9734375 0.5546875 0.0109375 0.0140625
2 0.475 0.5171875 0.0078125 0.0125
2 0.25625 0.5375 0.0375 0.0125
2 0.140625 0.528125 0.021875 0.00625
2 0.1390625 0.521875 0.00625 0.003125
4 0.8546875 0.6 0.021875 0.01875
2 0.890625 0.8546875 0.1125 0.03125
4 0.8703125 0.871875 0.0203125 0.028125
4 0.9015625 0.875 0.025 0.0171875
2 0.3 0.0125 0.040625 0.0140625
2 0.3 0.934375 0.040625 0.0140625
2 0.95625 0.909375 0.0734375 0.0296875
2 0.6359375 0.025 0.0328125 0.0328125
2 0.6359375 0.946875 0.0328125 0.0328125
2 0.44453125 0.0015625 0.0265625 0.003125
2 0.4453125 0.9203125 0.0265625 0.009375
2 0.19375 0.0078125 0.0265625 0.00625
2 0.19375 0.9296875 0.0265625 0.00625
4 0.1921875 0.009375 0.00625 0.0046875
4 0.1921875 0.93125 0.00625 0.0046875
4 0.4484375 0.003125 0.003125 0.0046875
4 0.4484375 0.925 0.003125 0.0046875
4 0.959375 0.00234375 0.0125 0.0046875
4 0.959375 0.915625 0.0125 0.021875
4 0.9734375 0.9046875 0.0109375 0.0140625
2 0.475 0.0203125 0.0078125 0.0125
2 0.475 0.9421875 0.0078125 0.0125
2 0.25625 0.003125 0.0375 0.00625
2 0.25625 0.921875 0.0375 0.0125
2 0.140625 0.009375 0.021875 0.00625
2 0.140625 0.93125 0.021875 0.00625
2 0.1390625 0.015625 0.00625 0.003125
2 0.1390625 0.9375 0.00625 0.003125
4 0.8546875 0.859375 0.021875 0.01875