2 0.4984375 0.8296875 0.6625 0.1078125
4 0.55 0.7515625 0.0140625 0.0265625
4 0.4140625 0.75 0.0171875 0.046875
4 0.3921875 0.7671875 0.0328125 0.0359375
4 0.675 0.7640625 0.028125 0.03125
4 0.4234375 0.76875 0.0203125 0.0328125
4 0.365625 0.7671875 0.0234375 0.0359375
4 0.5234375 0.734375 0.01875 0.01875
4 0.375 0.75 0.01875 0.0390625
4 0.3921875 0.734375 0.0234375 0.015625
4 0.6109375 0.73125 0.0265625 0.0625
4 0.1796875 0.76875 0.021875 0.040625
4 0.203125 0.775 0.028125 0.028125
4 0.2359375 0.7703125 0.0265625 0.0390625
2 0.08359375 0.82890625 0.1671875 0.1078125
2 0.91796875 0.82890625 0.1640625 0.1078125
4 0.98828125 0.7640625 0.0234375 0.03125
4 0.1546875 0.76875 0.021875 0.040625
4 0.13125 0.775 0.028125 0.028125
4 0.0984375 0.7703125 0.0265625 0.0390625