2 0.73046875 0.54921875 0.0734375 0.0484375
2 0.48125 0.5703125 0.0703125 0.0359375
2 0.55859375 0.5625 0.0609375 0.0375
2 0.31875 0.57734375 0.1015625 0.0546875
2 0.18828125 0.58984375 0.1015625 0.0453125
2 0.07734375 0.5953125 0.1265625 0.04375
2 0.6390625 0.55234375 0.0484375 0.04375
2 0.58515625 0.53828125 0.0484375 0.034375
2 0.40546875 0.57109375 0.0828125 0.046875
2 0.06484375 0.58359375 0.1234375 0.065625
2 0.29140625 0.571875 0.1125 0.05625
2 0.465625 0.5375 0.0484375 0.03125
2 0.765625 0.96484375 0.071875 0.034375
2 0.51796875 0.9875 0.0703125 0.025
2 0.59453125 0.9828125 0.059375 0.0265625
2 0.3546875 0.99453125 0.1 0.0109375
2 0.67578125 0.97578125 0.046875 0.025
2 0.4421875 0.99140625 0.08125 0.0171875