2 0.51875 0.5515625 0.959375 0.2265625
2 0.5015625 0.3 0.9953125 0.265625
4 0.346875 0.4265625 0.009375 0.01875
4 0.834375 0.41875 0.009375 0.034375
4 0.1671875 0.43125 0.0125 0.0296875
4 0.5453125 0.428125 0.0109375 0.0234375
4 0.2125 0.428125 0.0140625 0.0359375
4 0.8546875 0.41875 0.0171875 0.040625
4 0.8109375 0.41875 0.0140625 0.0359375
4 0.8 0.4203125 0.0109375 0.0359375
4 0.5609375 0.4296875 0.0078125 0.025
4 0.85 0.4296875 0.015625 0.025
4 0.728125 0.4296875 0.015625 0.0265625
4 0.203125 0.4296875 0.009375 0.028125
4 0.3234375 0.428125 0.0109375 0.0265625
2 0.5015625 0.7 0.9953125 0.2453125
2 0.50078125 0.08359375 0.9953125 0.1671875
2 0.50078125 0.92109375 0.9953125 0.1578125