4 0.5109375 0.5109375 0.1765625 0.3640625
4 0.4828125 0.54453125 0.1328125 0.31875
4 0.52109375 0.29921875 0.06875 0.16875
4 0.71328125 0.3421875 0.08125 0.2234375
4 0.44453125 0.165625 0.0390625 0.1125
4 0.2578125 0.13671875 0.01875 0.0484375
4 0.30546875 0.1328125 0.0234375 0.0453125
4 0.7359375 0.12734375 0.0265625 0.034375
4 0.51328125 0.15859375 0.0453125 0.125
2 0.27734375 0.3515625 0.3125 0.1234375
2 0.79140625 0.20859375 0.1515625 0.1453125
2 0.328125 0.18203125 0.2234375 0.0671875
4 0.575 0.146875 0.0359375 0.121875
4 0.13984375 0.18125 0.0578125 0.14375
2 0.178125 0.38125 0.1203125 0.0796875
2 0.57265625 0.33515625 0.209375 0.05625
4 0.98125 0.11796875 0.0125 0.0328125
2 0.05859375 0.35859375 0.1171875 0.1171875
2 0.92734375 0.20390625 0.1296875 0.1453125
4 0.0875 0.1828125 0.0578125 0.14375
2 0.06328125 0.38515625 0.1203125 0.0796875