2 0.78828125 0.55625 0.2296875 0.3703125
2 0.66640625 0.37890625 0.321875 0.20625
4 0.540625 0.6109375 0.1234375 0.1796875
4 0.428125 0.56953125 0.121875 0.2234375
4 0.47578125 0.56953125 0.0828125 0.184375
4 0.50703125 0.47265625 0.09375 0.1515625
4 0.50078125 0.37578125 0.0625 0.11875
4 0.46328125 0.3578125 0.0734375 0.134375
4 0.4296875 0.3125 0.071875 0.11875
4 0.40234375 0.2765625 0.0671875 0.0921875
4 0.5328125 0.421875 0.0515625 0.0671875
2 0.40859375 0.25234375 0.1734375 0.1671875
2 0.36015625 0.16484375 0.0359375 0.059375
2 0.915625 0.5859375 0.16875 0.3625