2 0.46171875 0.678125 0.340625 0.16875
2 0.23203125 0.715625 0.2484375 0.121875
2 0.88203125 0.59609375 0.190625 0.1015625
4 0.45 0.60390625 0.184375 0.159375
4 0.16328125 0.6015625 0.0828125 0.109375
4 0.115625 0.5109375 0.0875 0.20625
4 0.734375 0.55 0.11875 0.1375
4 0.8578125 0.5265625 0.0671875 0.071875
4 0.2859375 0.62734375 0.1828125 0.1703125
4 0.68359375 0.5359375 0.046875 0.05
4 0.80859375 0.503125 0.034375 0.0234375
2 0.7375 0.628125 0.103125 0.0578125
2 0.65625 0.63359375 0.08125 0.05625
4 0.22109375 0.49921875 0.0890625 0.1265625
2 0.1125 0.7171875 0.190625 0.128125
2 0.97109375 0.54453125 0.0359375 0.01875
4 0.33359375 0.5140625 0.05 0.0390625
4 0.33828125 0.55625 0.046875 0.065625
4 0.91484375 0.53125 0.0609375 0.084375
4 0.809375 0.534375 0.0421875 0.0578125