2 0.3125 0.47734375 0.1609375 0.1296875
2 0.709375 0.4390625 0.1921875 0.09375
4 0.65390625 0.61953125 0.071875 0.1359375
4 0.69296875 0.60703125 0.065625 0.1171875
4 0.5125 0.66484375 0.06875 0.1390625
4 0.42421875 0.66484375 0.075 0.1484375
4 0.2296875 0.69140625 0.1015625 0.1375
4 0.534375 0.46875 0.0515625 0.0984375
4 0.8109375 0.578125 0.034375 0.059375
4 0.496875 0.41328125 0.040625 0.053125
4 0.29609375 0.49609375 0.059375 0.1125
4 0.34921875 0.453125 0.05 0.059375
2 0.5375 0.45703125 0.1671875 0.103125
2 0.89765625 0.75078125 0.175 0.2046875
4 0.596875 0.46171875 0.0625 0.0734375
4 0.53046875 0.38984375 0.0328125 0.05
4 0.76640625 0.62734375 0.1 0.1359375
4 0.39140625 0.97578125 0.0640625 0.0375
4 0.20390625 0.9359375 0.0953125 0.0796875
2 0.871875 0.97109375 0.165625 0.0578125