4 0.92109375 0.4421875 0.015625 0.0375
4 0.89140625 0.440625 0.0171875 0.0328125
4 0.871875 0.44765625 0.0140625 0.021875
2 0.140625 0.525 0.20625 0.078125
2 0.4109375 0.49375 0.14375 0.05625
2 0.7171875 0.47578125 0.1234375 0.0359375
2 0.5890625 0.475 0.13125 0.0265625
2 0.70078125 0.52265625 0.1921875 0.0578125
2 0.7703125 0.4453125 0.0859375 0.053125
2 0.63046875 0.43203125 0.1359375 0.040625
2 0.5109375 0.40390625 0.0625 0.0234375
2 0.45078125 0.45546875 0.1796875 0.0765625
2 0.0375 0.42109375 0.0703125 0.0390625
2 0.109375 0.3359375 0.128125 0.14375
4 0.85234375 0.37265625 0.0078125 0.0171875
2 0.39140625 0.38984375 0.05 0.0234375
2 0.24765625 0.50078125 0.20625 0.0734375
3 0.0625 0.42890625 0.003125 0.00625
3 0.1 0.43515625 0.0046875 0.003125
3 0.0796875 0.39375 0.0046875 0.0046875
3 0.134375 0.39453125 0.003125 0.0046875
3 0.22734375 0.3828125 0.003125 0.00625
3 0.30859375 0.38828125 0.003125 0.0078125
3 0.26015625 0.384375 0.003125 0.003125
3 0.35078125 0.3875 0.0015625 0.003125
3 0.35703125 0.39375 0.003125 0.0015625
3 0.40078125 0.39765625 0.0046875 0.0046875
2 0.56484375 0.4015625 0.05 0.0203125
2 0.1265625 0.01328125 0.121875 0.0265625