2 0.38828125 0.32578125 0.1046875 0.0765625
2 0.65703125 0.37890625 0.0859375 0.0484375
2 0.9609375 0.45390625 0.078125 0.0609375
4 0.4109375 0.45234375 0.1140625 0.1828125
4 0.49453125 0.4765625 0.115625 0.18125
4 0.58515625 0.49296875 0.1140625 0.1734375
2 0.64453125 0.4046875 0.0578125 0.053125
2 0.2234375 0.309375 0.159375 0.0609375
2 0.475 0.35078125 0.09375 0.05625
2 0.54921875 0.3609375 0.0859375 0.0453125
2 0.0796875 0.2875 0.028125 0.0140625
2 0.7921875 0.40546875 0.1 0.0515625
2 0.74375 0.39765625 0.1078125 0.0515625
2 0.87890625 0.44453125 0.090625 0.0328125
2 0.4203125 0.121875 0.1046875 0.0765625
2 0.6921875 0.15390625 0.0859375 0.0484375
2 0.9828125 0.17578125 0.034375 0.0609375
4 0.475 0.05 0.103125 0.1
4 0.33125 0.9578125 0.09375 0.0546875
4 0.5609375 0.05 0.103125 0.1
4 0.41640625 0.9671875 0.096875 0.065625
4 0.653125 0.0609375 0.103125 0.096875
4 0.5078125 0.975 0.096875 0.05
2 0.6890625 0.1265625 0.0578125 0.053125
2 0.25859375 0.08671875 0.159375 0.0609375
2 0.51015625 0.125 0.09375 0.05625
2 0.584375 0.13828125 0.0859375 0.0453125
2 0.115625 0.0625 0.028125 0.0140625
2 0.82890625 0.17109375 0.1 0.0515625
2 0.78125 0.16328125 0.1078125 0.0515625
2 0.92421875 0.1609375 0.090625 0.0328125