2 0.48828125 0.7078125 0.9125 0.3375
2 0.565625 0.484375 0.86875 0.428125
2 0.09921875 0.415625 0.134375 0.05
4 0.24375 0.31953125 0.046875 0.0953125
4 0.48125 0.66171875 0.1265625 0.1296875
4 0.69921875 0.68046875 0.065625 0.071875
4 0.0640625 0.39140625 0.021875 0.0265625
4 0.10703125 0.4 0.0203125 0.0203125
4 0.1953125 0.4125 0.0125 0.0171875
2 0.196875 0.4234375 0.071875 0.0234375
4 0.69453125 0.48046875 0.021875 0.0296875
4 0.4234375 0.2734375 0.03125 0.0390625
4 0.459375 0.3171875 0.0546875 0.08125
4 0.703125 0.37265625 0.0421875 0.05
4 0.73515625 0.39453125 0.0375 0.071875
4 0.909375 0.4078125 0.0296875 0.0359375
4 0.934375 0.4203125 0.03125 0.0375