2 0.77890625 0.5765625 0.4421875 0.309375
2 0.10703125 0.74296875 0.103125 0.05625
2 0.4046875 0.65703125 0.353125 0.1390625
2 0.490625 0.6734375 0.2171875 0.1359375
2 0.31875 0.665625 0.1 0.0703125
2 0.19609375 0.7046875 0.125 0.0609375
2 0.20859375 0.65390625 0.171875 0.109375
2 0.2046875 0.7203125 0.08125 0.0515625
2 0.92265625 0.47890625 0.1546875 0.0921875
2 0.475 0.6 0.221875 0.1078125
2 0.48125 0.6328125 0.16875 0.071875
2 0.8203125 0.88203125 0.359375 0.1859375
2 0.55859375 0.9625 0.2078125 0.075