2 0.7 0.509375 0.1515625 0.0296875
2 0.31875 0.5421875 0.375 0.040625
2 0.096875 0.578125 0.19375 0.090625
2 0.934375 0.534375 0.1296875 0.040625
4 0.940625 0.35625 0.075 0.2125
4 0.91875 0.478125 0.0796875 0.1015625
4 0.9765625 0.478125 0.0453125 0.0671875
4 0.740625 0.4734375 0.04375 0.05
4 0.6921875 0.471875 0.0359375 0.0453125
2 0.51875 0.4890625 0.1 0.0296875
2 0.3875 0.4984375 0.04375 0.03125
4 0.671875 0.40625 0.0515625 0.19375
4 0.0625 0.4703125 0.1125 0.1265625
4 0.503125 0.43125 0.0375 0.06875
4 0.546875 0.4453125 0.01875 0.053125
4 0.7078125 0.4375 0.01875 0.0546875
4 0.1203125 0.459375 0.0265625 0.0265625
2 0.6125 0.478125 0.059375 0.0125
4 0.9796875 0.4421875 0.0234375 0.0171875
4 0.325 0.4671875 0.1078125 0.1125