4 0.503125 0.5921875 0.0375 0.0421875
2 0.7953125 0.5734375 0.059375 0.0234375
2 0.953125 0.6046875 0.0921875 0.0359375
2 0.85625 0.5953125 0.0890625 0.0109375
2 0.6765625 0.5671875 0.1 0.0203125
2 0.7015625 0.6 0.06875 0.015625
2 0.7421875 0.5953125 0.0453125 0.0109375
2 0.4640625 0.58125 0.0484375 0.025
2 0.54375 0.565625 0.115625 0.0171875
2 0.6296875 0.603125 0.0796875 0.01875
4 0.7640625 0.5703125 0.0125 0.0109375
2 0.396875 0.578125 0.11875 0.021875
2 0.7484375 0.58125 0.0515625 0.01875
2 0.3734375 0.584375 0.746875 0.0953125