2 0.484375 0.61328125 0.96875 0.3203125
2 0.4984375 0.3203125 0.925 0.3453125
4 0.421875 0.47734375 0.1765625 0.15
4 0.540625 0.5671875 0.2 0.215625
4 0.79765625 0.378125 0.1296875 0.128125
4 0.77421875 0.5984375 0.2203125 0.1984375
4 0.85625 0.38828125 0.065625 0.109375
4 0.2328125 0.46875 0.225 0.1890625
4 0.6359375 0.3421875 0.1125 0.103125
4 0.103125 0.4359375 0.20625 0.171875
4 0.51328125 0.3171875 0.1328125 0.096875
4 0.64765625 0.57421875 0.2625 0.2
4 0.35390625 0.50625 0.2234375 0.171875
4 0.1484375 0.4265625 0.1578125 0.2015625
4 0.24921875 0.22421875 0.1328125 0.0953125
4 0.5859375 0.4546875 0.828125 0.53125
2 0.45546875 0.853125 0.9109375 0.29375
2 0.53046875 0.1796875 0.925 0.3453125
4 0.525 0.03984375 0.165625 0.0796875
4 0.31484375 0.9390625 0.1625 0.09375
4 0.6609375 0.0453125 0.1671875 0.078125
4 0.4578125 0.91484375 0.19375 0.1703125
4 0.825 0.259375 0.1296875 0.128125
4 0.8875 0.103125 0.1953125 0.0921875
4 0.68203125 0.95703125 0.2109375 0.0859375
4 0.88203125 0.27578125 0.065625 0.109375
4 0.346875 0.01171875 0.203125 0.0234375
4 0.13984375 0.87265625 0.2171875 0.153125
4 0.6640625 0.2203125 0.1125 0.103125
4 0.0546875 0.846875 0.109375 0.140625
4 0.54296875 0.1890625 0.1328125 0.096875
4 0.76484375 0.06953125 0.2375 0.09375
4 0.5578125 0.9390625 0.25625 0.121875
4 0.47109375 0.01640625 0.2015625 0.0328125
4 0.26328125 0.9015625 0.2203125 0.153125
4 0.2515625 0.01484375 0.1375 0.0296875
4 0.059375 0.85546875 0.11875 0.1296875
4 0.26484375 0.15703125 0.1328125 0.0953125
4 0.62578125 0.18515625 0.7484375 0.3703125
4 0.49140625 0.90078125 0.8140625 0.1984375