2 0.49296875 0.5109375 0.075 0.046875
2 0.571875 0.50703125 0.0734375 0.053125
2 0.65859375 0.4921875 0.0609375 0.0421875
2 0.71015625 0.48671875 0.0703125 0.046875
2 0.815625 0.4765625 0.11875 0.05625
2 0.13984375 0.7609375 0.1890625 0.096875
2 0.196875 0.7765625 0.29375 0.134375
2 0.91640625 0.5234375 0.1671875 0.0875
2 0.9 0.63359375 0.2 0.1359375
2 0.253125 0.79296875 0.3734375 0.15
2 0.62265625 0.49765625 0.05625 0.0484375
2 0.93125 0.5765625 0.1375 0.103125
2 0.8421875 0.67109375 0.24375 0.1046875
2 0.25 0.5640625 0.1046875 0.05625
2 0.3671875 0.5484375 0.0828125 0.04375
2 0.07734375 0.64765625 0.1171875 0.0734375
2 0.09140625 0.68203125 0.125 0.053125
2 0.81328125 0.93515625 0.065625 0.025
2 0.91328125 0.90546875 0.1171875 0.0484375
2 0.18359375 0.95 0.1890625 0.096875
2 0.22734375 0.9109375 0.29375 0.134375
2 0.95 0.81875 0.1 0.0875
2 0.91015625 0.71953125 0.1796875 0.1359375
2 0.271875 0.871875 0.3734375 0.15
2 0.95234375 0.7609375 0.0953125 0.103125
2 0.8546875 0.72265625 0.24375 0.1046875