4 0.5265625 0.3203125 0.0078125 0.0125
4 0.7671875 0.30625 0.015625 0.021875
2 0.646875 0.5796875 0.70625 0.3140625
2 0.778125 0.471875 0.4421875 0.1046875
2 0.8765625 0.3515625 0.2453125 0.1375
2 0.5875 0.3265625 0.153125 0.05
2 0.1734375 0.453125 0.346875 0.11875
2 0.15625 0.3984375 0.3125 0.0796875
2 0.1 0.384375 0.2 0.053125
2 0.35625 0.3328125 0.0265625 0.0125
2 0.4078125 0.3296875 0.028125 0.0140625
2 0.6703125 0.590625 0.6578125 0.2328125
2 0.50625 0.3359375 0.0453125 0.0234375
2 0.5015625 0.6859375 0.9953125 0.265625
2 0.4359375 0.3296875 0.0296875 0.0140625
2 0.540625 0.321875 0.5234375 0.0484375
4 0.5265625 0.0109375 0.0078125 0.0125
4 0.7671875 0.025 0.015625 0.021875
2 0.646875 0.9640625 0.70625 0.071875
2 0.87578125 0.02421875 0.2453125 0.0484375
2 0.5875 0.01484375 0.153125 0.0296875
2 0.35546875 0.00234375 0.0265625 0.0046875
2 0.4078125 0.00390625 0.028125 0.0078125
2 0.50546875 0.003125 0.0453125 0.00625
2 0.50078125 0.9234375 0.9953125 0.153125
2 0.43515625 0.00390625 0.0296875 0.0078125
2 0.53984375 0.01640625 0.5234375 0.0328125