4 0.22890625 0.540625 0.0390625 0.0765625
4 0.47265625 0.34296875 0.0140625 0.015625
2 0.56640625 0.8875 0.3421875 0.1328125
2 0.58203125 0.8171875 0.3484375 0.0640625
2 0.5625 0.78828125 0.3359375 0.059375
2 0.53515625 0.74296875 0.33125 0.05625
2 0.50078125 0.709375 0.259375 0.06875
2 0.45703125 0.65546875 0.2484375 0.0453125
2 0.41875 0.60625 0.1984375 0.0375
2 0.4703125 0.66796875 0.2375 0.0515625
2 0.384375 0.57109375 0.1390625 0.059375
2 0.36171875 0.55703125 0.10625 0.0625
2 0.44296875 0.61640625 0.2171875 0.03125
2 0.4765625 0.69375 0.2625 0.0765625
4 0.48515625 0.3484375 0.0046875 0.0046875
4 0.45703125 0.34609375 0.009375 0.0125
2 0.41875 0.56875 0.1734375 0.0296875
4 0.63515625 0.29765625 0.0046875 0.0078125
4 0.590625 0.30625 0.00625 0.0078125
2 0.46953125 0.35234375 0.0421875 0.009375
4 0.10078125 0.53828125 0.0390625 0.0765625
2 0.95546875 0.89296875 0.0765625 0.128125
2 0.9484375 0.82265625 0.09375 0.059375