4 0.2484375 0.6640625 0.028125 0.059375
4 0.4578125 0.6296875 0.0125 0.0296875
2 0.5171875 0.675 0.0859375 0.0546875
2 0.690625 0.65 0.09375 0.040625
2 0.6390625 0.6125 0.06875 0.009375
2 0.278125 0.6375 0.04375 0.021875
2 0.25 0.6234375 0.028125 0.0125
2 0.578125 0.653125 0.08125 0.0515625
2 0.784375 0.61875 0.0390625 0.0109375
2 0.8109375 0.6796875 0.159375 0.0671875
2 0.4890625 0.6265625 0.0265625 0.01875
2 0.9359375 0.6609375 0.1265625 0.0484375
2 0.7234375 0.6203125 0.0390625 0.009375
2 0.6921875 0.61875 0.040625 0.0109375
2 0.5515625 0.6203125 0.0296875 0.0203125
4 0.2484375 0.9890625 0.028125 0.021875
2 0.51640625 0.984375 0.0859375 0.03125
2 0.8109375 0.97890625 0.159375 0.0421875
2 0.93515625 0.99296875 0.1265625 0.0140625