2 0.31875 0.6390625 0.196875 0.0453125
2 0.6546875 0.6421875 0.321875 0.1140625
2 0.7359375 0.6640625 0.2703125 0.1046875
2 0.821875 0.6859375 0.353125 0.1234375
2 0.171875 0.6265625 0.2703125 0.0515625
4 0.8078125 0.596875 0.0234375 0.04375
2 0.025 0.6265625 0.05 0.0234375
2 0.0875 0.5953125 0.175 0.040625
2 0.9578125 0.7109375 0.084375 0.0765625
2 0.6546875 0.9828125 0.321875 0.034375
2 0.73515625 0.97421875 0.2703125 0.0515625
2 0.821875 0.95859375 0.353125 0.0828125
2 0.9578125 0.9546875 0.084375 0.0765625