2 0.5 0.59609375 1 0.6234375
4 0.53125 0.365625 0.1421875 0.2453125
4 0.38359375 0.34140625 0.1125 0.140625
4 0.61328125 0.38046875 0.13125 0.2796875
4 0.7375 0.39296875 0.2125 0.3078125
4 0.8703125 0.325 0.021875 0.0296875
4 0.484375 0.3734375 0.078125 0.15
4 0.9765625 0.34296875 0.046875 0.1046875
2 0.4734375 0.884375 0.946875 0.23125
4 0.5765625 0.0390625 0.11875 0.078125
4 0.6578125 0.05859375 0.10625 0.09375
4 0.78125 0.08203125 0.1859375 0.1171875
4 0.903125 0.08984375 0.021875 0.0296875
4 0.99296875 0.1109375 0.0140625 0.090625