4 0.50625 0.5921875 0.0390625 0.04375
2 0.79765625 0.56328125 0.0609375 0.025
2 0.9546875 0.58828125 0.090625 0.0390625
2 0.859375 0.5828125 0.0890625 0.0140625
2 0.67890625 0.5609375 0.1 0.0234375
2 0.7046875 0.59296875 0.06875 0.01875
2 0.7453125 0.58671875 0.0453125 0.0125
2 0.4671875 0.5828125 0.05 0.0265625
2 0.54609375 0.5640625 0.115625 0.021875
2 0.63359375 0.5984375 0.0796875 0.021875
4 0.76640625 0.5609375 0.0125 0.0109375
2 0.4 0.58203125 0.11875 0.0265625
2 0.75078125 0.57265625 0.0515625 0.0203125
2 0.3765625 0.5890625 0.75 0.121875