2 0.340625 0.31953125 0.38125 0.18125
4 0.246875 0.33203125 0.021875 0.0296875
4 0.3625 0.33125 0.0109375 0.0140625
4 0.2171875 0.33671875 0.0296875 0.0375
4 0.18828125 0.32890625 0.0171875 0.0265625
4 0.17421875 0.33125 0.0203125 0.0234375
4 0.271875 0.3421875 0.0140625 0.021875
4 0.3234375 0.3265625 0.0140625 0.028125
4 0.3359375 0.3265625 0.0234375 0.03125
4 0.46328125 0.3203125 0.0125 0.015625
4 0.26015625 0.33671875 0.0171875 0.015625
4 0.27421875 0.3265625 0.015625 0.0234375
4 0.40078125 0.32578125 0.0140625 0.0171875
4 0.2859375 0.334375 0.0125 0.015625
2 0.39140625 0.02109375 0.3671875 0.0421875