2 0.30625 0.3421875 0.1625 0.1
2 0.7734375 0.3203125 0.21875 0.0890625
2 0.925 0.315625 0.1125 0.0375
2 0.1 0.30546875 0.0734375 0.01875
2 0.16328125 0.29921875 0.06875 0.0171875
2 0.19609375 0.26171875 0.040625 0.078125
2 0.93984375 0.3453125 0.109375 0.0328125
2 0.440625 0.50078125 0.315625 0.140625
2 0.98125 0.31328125 0.03125 0.03125
2 0.234375 0.5078125 0.2484375 0.1546875
2 0.30078125 0.0359375 0.1625 0.06875
2 0.7671875 0.03515625 0.21875 0.0703125
2 0.91953125 0.02578125 0.1125 0.0375
2 0.0953125 0.06484375 0.0734375 0.01875
2 0.159375 0.06875 0.06875 0.0171875
2 0.19296875 0.10546875 0.040625 0.078125
2 0.9328125 0.00546875 0.109375 0.0109375
2 0.9765625 0.02578125 0.03125 0.03125