2 0.6109375 0.63125 0.196875 0.078125
2 0.796875 0.6421875 0.146875 0.0640625
2 0.44375 0.6546875 0.0640625 0.0765625
2 0.3578125 0.584375 0.0796875 0.065625
2 0.0515625 0.571875 0.103125 0.034375
2 0.16875 0.7078125 0.125 0.0390625
2 0.5859375 0.525 0.0890625 0.0375
2 0.1296875 0.5234375 0.109375 0.025
2 0.353125 0.478125 0.0546875 0.0359375
2 0.0546875 0.55 0.1078125 0.03125
2 0.5671875 0.584375 0.071875 0.0375
2 0.4625 0.54375 0.078125 0.0640625
2 0.4046875 0.5171875 0.05 0.04375
2 0.9765625 0.53125 0.0453125 0.0203125
3 0.121875 0.6296875 0.00625 0.0046875
3 0.9875 0.5625 0.0125 0.0078125