2 0.6953125 0.721875 0.5265625 0.1609375
4 0.7515625 0.7640625 0.003125 0.0125
4 0.709375 0.765625 0.0078125 0.0109375
4 0.6828125 0.7328125 0.0078125 0.0109375
4 0.56875 0.725 0.0109375 0.00625
4 0.453125 0.715625 0.0140625 0.015625
4 0.5421875 0.7578125 0.003125 0.0125
4 0.6828125 0.7640625 0.00625 0.0109375
4 0.7296875 0.765625 0.0078125 0.0109375
4 0.7609375 0.7640625 0.0078125 0.0109375
4 0.7625 0.7296875 0.0125 0.0140625
4 0.5859375 0.728125 0.0125 0.0078125
2 0.69453125 0.9390625 0.5265625 0.121875
4 0.7515625 0.9171875 0.003125 0.0125
4 0.709375 0.915625 0.0078125 0.0109375
4 0.6828125 0.9484375 0.0078125 0.0109375
4 0.56875 0.95625 0.0109375 0.00625
4 0.453125 0.965625 0.0140625 0.015625
4 0.5421875 0.9234375 0.003125 0.0125
4 0.6828125 0.9171875 0.00625 0.0109375
4 0.7296875 0.915625 0.0078125 0.0109375
4 0.7609375 0.9171875 0.0078125 0.0109375
4 0.7625 0.9515625 0.0125 0.0140625
4 0.5859375 0.953125 0.0125 0.0078125