2 0.30546875 0.715625 0.5875 0.2453125
2 0.8390625 0.4125 0.2765625 0.18125
2 0.73046875 0.38203125 0.484375 0.1875
2 0.31796875 0.275 0.2625 0.1046875
4 0.30078125 0.2640625 0.0875 0.1046875
4 0.2359375 0.24375 0.0640625 0.084375
4 0.3359375 0.2328125 0.05625 0.0734375
2 0.2234375 0.6125 0.4203125 0.2078125
4 0.3921875 0.2265625 0.0703125 0.103125
2 0.11640625 0.54453125 0.1984375 0.103125
2 0.3078125 0.9578125 0.584375 0.084375
2 0.3125 0.0171875 0.2609375 0.0328125
4 0.2953125 0.0234375 0.0859375 0.0421875
4 0.23203125 0.03046875 0.0640625 0.053125
4 0.33125 0.03125 0.05625 0.0578125
4 0.3890625 0.0390625 0.0703125 0.0765625