2 0.37890625 0.74609375 0.4359375 0.290625
2 0.7703125 0.57265625 0.215625 0.246875
4 0.4484375 0.4671875 0.2265625 0.378125
4 0.24921875 0.5890625 0.20625 0.178125
4 0.2 0.54140625 0.121875 0.171875
4 0.6734375 0.3640625 0.359375 0.3203125
4 0.7953125 0.14765625 0.0515625 0.13125
4 0.50859375 0.2125 0.16875 0.16875
4 0.2390625 0.34609375 0.253125 0.2390625
4 0.3359375 0.0859375 0.115625 0.1453125
4 0.40859375 0.2578125 0.1015625 0.2796875
4 0.70234375 0.31796875 0.290625 0.35
4 0.65625 0.1078125 0.0859375 0.1390625
4 0.72890625 0.10703125 0.1234375 0.2140625
4 0.14140625 0.15859375 0.109375 0.2421875
2 0.10390625 0.77890625 0.1734375 0.2578125
2 0.925 0.5515625 0.15 0.240625
4 0.08203125 0.609375 0.1625 0.171875
4 0.09765625 0.55390625 0.121875 0.171875
4 0.9109375 0.33359375 0.1765625 0.2984375
4 0.83203125 0.14296875 0.0515625 0.13125
4 0.06875 0.36875 0.1375 0.228125
4 0.9078125 0.2921875 0.178125 0.3359375
4 0.93671875 0.0734375 0.0453125 0.134375
4 0.88203125 0.09765625 0.1234375 0.1953125
4 0.0609375 0.16796875 0.109375 0.2421875