2 0.5 0.6953125 0.99375 0.340625
4 0.240625 0.284375 0.0890625 0.11875
4 0.303125 0.28125 0.075 0.1234375
4 0.3703125 0.19375 0.05 0.10625
4 0.8203125 0.2390625 0.0640625 0.084375
4 0.8984375 0.2578125 0.0625 0.1171875
4 0.309375 0.6375 0.1515625 0.1828125
4 0.278125 0.2078125 0.040625 0.0875
4 0.69375 0.2703125 0.0703125 0.1109375
4 0.5625 0.159375 0.0359375 0.0328125
4 0.921875 0.14375 0.040625 0.0375
4 0.815625 0.153125 0.0328125 0.0359375
4 0.75 0.153125 0.0390625 0.0328125
4 0.4421875 0.159375 0.0203125 0.0203125
2 0.5 0.9421875 0.99375 0.115625
4 0.23984375 0.0125 0.0890625 0.025
4 0.303125 0.01484375 0.075 0.0296875
4 0.3703125 0.05625 0.05 0.10625
4 0.81953125 0.0265625 0.0640625 0.053125
4 0.8984375 0.025 0.0625 0.05
4 0.278125 0.04296875 0.040625 0.0859375
4 0.69296875 0.0171875 0.0703125 0.034375
4 0.5625 0.090625 0.0359375 0.0328125
4 0.921875 0.10625 0.040625 0.0375
4 0.815625 0.096875 0.0328125 0.0359375
4 0.75 0.096875 0.0390625 0.0328125
4 0.4421875 0.090625 0.0203125 0.0203125