4 0.19609375 0.74453125 0.034375 0.040625
4 0.17578125 0.7421875 0.0328125 0.04375
4 0.6546875 0.6890625 0.015625 0.0140625
4 0.5796875 0.7109375 0.01875 0.0421875
4 0.5328125 0.7078125 0.0171875 0.0296875
4 0.559375 0.69765625 0.0203125 0.0296875
2 0.8625 0.740625 0.0515625 0.0578125
2 0.8125 0.7375 0.059375 0.0578125
2 0.18671875 0.7734375 0.1046875 0.046875
2 0.68125 0.721875 0.040625 0.0546875
2 0.9046875 0.7453125 0.05 0.0546875
2 0.9484375 0.7484375 0.046875 0.05625
2 0.75234375 0.72890625 0.08125 0.0609375
2 0.71796875 0.72734375 0.046875 0.053125
2 0.41953125 0.71640625 0.0296875 0.021875
2 0.39765625 0.7125 0.01875 0.01875
2 0.37578125 0.71328125 0.03125 0.01875
4 0.34765625 0.67890625 0.025 0.021875
4 0.671875 0.690625 0.0109375 0.009375
2 0.44375 0.71875 0.028125 0.01875
2 0.34296875 0.709375 0.03125 0.01875
2 0.31171875 0.7078125 0.0296875 0.0203125
2 0.02265625 0.67890625 0.0453125 0.0234375
2 0.10625 0.68984375 0.0390625 0.01875
2 0.065625 0.68515625 0.0421875 0.021875
2 0.1421875 0.69296875 0.0359375 0.01875
2 0.1796875 0.6953125 0.0390625 0.0171875
2 0.21484375 0.70078125 0.0359375 0.01875
2 0.25078125 0.703125 0.034375 0.01875
2 0.28203125 0.7046875 0.03125 0.0203125
4 0.175 0.94375 0.034375 0.040625
4 0.15546875 0.94140625 0.0328125 0.04375
2 0.171875 0.91328125 0.1046875 0.046875