4 0.9265625 0.653125 0.0125 0.053125
4 0.9109375 0.665625 0.0171875 0.0515625
4 0.340625 0.6625 0.021875 0.0234375
2 0.746875 0.490625 0.1234375 0.0296875
2 0.646875 0.4734375 0.0625 0.09375
2 0.3609375 0.534375 0.0359375 0.03125
2 0.875 0.44375 0.0375 0.01875
2 0.8078125 0.4234375 0.025 0.0453125
2 0.434375 0.4421875 0.053125 0.0578125
2 0.5921875 0.4171875 0.015625 0.0109375
2 0.4859375 0.415625 0.04375 0.0390625
2 0.3640625 0.409375 0.0171875 0.0171875
2 0.428125 0.4140625 0.025 0.0109375
2 0.51875 0.4265625 0.009375 0.0109375
2 0.2953125 0.4125 0.0171875 0.0046875
2 0.3953125 0.415625 0.03125 0.0234375
4 0.9265625 0.99140625 0.0125 0.0171875
4 0.91015625 0.98515625 0.0171875 0.0296875
4 0.340625 0.99375 0.021875 0.0125