2 0.4171875 0.6953125 0.825 0.253125
4 0.653125 0.3890625 0.146875 0.315625
4 0.8078125 0.3625 0.021875 0.034375
4 0.1203125 0.3734375 0.021875 0.0703125
4 0.95625 0.40625 0.0421875 0.059375
4 0.5765625 0.403125 0.0234375 0.06875
2 0.8640625 0.4484375 0.146875 0.0578125
2 0.9640625 0.4453125 0.0703125 0.05625
2 0.540625 0.4078125 0.059375 0.046875
2 0.5125 0.4125 0.1828125 0.0921875
4 0.1625 0.596875 0.24375 0.2265625
2 0.215625 0.4546875 0.2109375 0.0859375
2 0.0671875 0.4046875 0.134375 0.2
2 0.784375 0.4359375 0.146875 0.028125
4 0.7921875 0.3671875 0.021875 0.0265625
4 0.4015625 0.384375 0.0296875 0.0421875
4 0.1984375 0.4078125 0.0421875 0.04375
4 0.9234375 0.371875 0.0453125 0.05
2 0.4171875 0.9203125 0.825 0.159375
4 0.653125 0.0515625 0.146875 0.103125
4 0.1625 0.97578125 0.24375 0.0484375