4 0.1625 0.50859375 0.121875 0.4140625
4 0.225 0.4609375 0.0828125 0.3015625
4 0.33203125 0.42734375 0.0515625 0.1171875
4 0.28984375 0.40234375 0.021875 0.0484375
4 0.30390625 0.38359375 0.009375 0.0234375
4 0.43515625 0.51796875 0.0875 0.3359375
4 0.31328125 0.396875 0.015625 0.028125
4 0.2625 0.45703125 0.0265625 0.0609375
2 0.7421875 0.30546875 0.0234375 0.0078125
4 0.32421875 0.384375 0.009375 0.0171875
4 0.0265625 0.67421875 0.053125 0.4203125
4 0.2046875 0.50546875 0.0828125 0.3109375
4 0.03515625 0.94921875 0.0453125 0.1015625