2 0.634375 0.2609375 0.04375 0.025
4 0.2265625 0.7390625 0.08125 0.0953125
4 0.278125 0.6453125 0.046875 0.053125
4 0.628125 0.2171875 0.0078125 0.0140625
4 0.6671875 0.221875 0.0109375 0.021875
4 0.6359375 0.25 0.0109375 0.0109375
4 0.3703125 0.6265625 0.0203125 0.0203125
4 0.3125 0.7078125 0.0625 0.053125
4 0.3546875 0.6203125 0.0171875 0.0171875
4 0.3390625 0.6 0.0171875 0.021875
4 0.3546875 0.684375 0.034375 0.03125
4 0.6484375 0.2 0.0140625 0.0234375
2 0.2765625 0.8 0.1234375 0.0796875
4 0.2609375 0.70625 0.0421875 0.1078125
4 0.35 0.640625 0.03125 0.028125
4 0.2265625 0.98125 0.08125 0.0375
4 0.628125 0.0328125 0.0078125 0.0140625
4 0.6671875 0.028125 0.0109375 0.021875
4 0.63515625 0.00234375 0.0109375 0.0046875
4 0.6484375 0.05 0.0140625 0.0234375
2 0.2765625 0.95 0.1234375 0.0796875