2 0.73671875 0.62265625 0.465625 0.128125
2 0.50234375 0.60078125 0.0546875 0.0234375
2 0.1921875 0.5421875 0.0515625 0.0703125
4 0.55546875 0.61484375 0.00625 0.009375
2 0.34609375 0.55546875 0.0609375 0.071875
2 0.02578125 0.521875 0.0515625 0.06875
2 0.53125 0.559375 0.0515625 0.0859375
2 0.234375 0.56015625 0.046875 0.0109375
2 0.43203125 0.57578125 0.0484375 0.01875
2 0.9640625 0.6296875 0.040625 0.0140625
2 0.8015625 0.6015625 0.0421875 0.0578125
2 0.846875 0.62109375 0.0578125 0.015625
2 0.21171875 0.5640625 0.05625 0.0109375
2 0.31484375 0.540625 0.040625 0.071875
2 0.8765625 0.60390625 0.2296875 0.05
2 0.70546875 0.9609375 0.4640625 0.078125
2 0.4703125 0.96796875 0.0546875 0.0234375
2 0.15546875 0.9546875 0.0484375 0.0375
4 0.525 0.96328125 0.00625 0.009375
2 0.309375 0.96796875 0.0578125 0.0390625
2 0.00625 0.94296875 0.0125 0.0328125
2 0.49375 0.98515625 0.046875 0.0296875
2 0.19921875 0.96171875 0.046875 0.0109375
2 0.396875 0.98046875 0.0484375 0.01875
2 0.765625 0.99453125 0.040625 0.0109375
2 0.178125 0.953125 0.05625 0.0109375
2 0.2765625 0.97109375 0.0359375 0.025