2 0.4078125 0.6125 0.6546875 0.5078125
2 0.36171875 0.18125 0.253125 0.103125
2 0.6015625 0.1984375 0.275 0.0953125
2 0.7078125 0.29375 0.0765625 0.08125
4 0.3796875 0.4390625 0.375 0.4140625
4 0.44765625 0.1234375 0.05625 0.0796875
4 0.625 0.14375 0.0890625 0.0859375
4 0.21484375 0.1203125 0.065625 0.090625
4 0.62265625 0.1640625 0.0796875 0.071875
2 0.29765625 0.1515625 0.2703125 0.0796875
4 0.45078125 0.03125 0.0546875 0.0625
4 0.63046875 0.034375 0.0875 0.0609375
4 0.21953125 0.0234375 0.0640625 0.046875
4 0.62890625 0.0203125 0.078125 0.0328125
2 0.3046875 0.009375 0.26875 0.01875