4 0.18828125 0.3453125 0.009375 0.0203125
4 0.41328125 0.37265625 0.01875 0.0375
4 0.3671875 0.3640625 0.0109375 0.009375
4 0.296875 0.36015625 0.015625 0.0203125
4 0.28125 0.35859375 0.015625 0.0203125
4 0.26796875 0.35 0.0125 0.009375
4 0.23359375 0.34921875 0.0109375 0.0140625
4 0.22109375 0.34609375 0.0078125 0.0140625
4 0.3078125 0.36171875 0.0140625 0.021875
4 0.27578125 0.3515625 0.0078125 0.0078125
2 0.23125 0.38046875 0.4453125 0.1625
4 0.38671875 0.37421875 0.0140625 0.034375
4 0.134375 0.33359375 0.0109375 0.0125
4 0.21484375 0.346875 0.0078125 0.009375