4 0.62421875 0.67890625 0.053125 0.0703125
2 0.63046875 0.7140625 0.3875 0.13125
2 0.23359375 0.48828125 0.2171875 0.0828125
2 0.6796875 0.41796875 0.065625 0.0234375
2 0.33203125 0.31953125 0.021875 0.0265625
4 0.7640625 0.52734375 0.0515625 0.025
4 0.69296875 0.48046875 0.040625 0.0203125
4 0.2328125 0.4734375 0.046875 0.0421875
4 0.56328125 0.4578125 0.028125 0.0140625
4 0.8609375 0.52578125 0.0375 0.01875
4 0.5265625 0.4453125 0.0328125 0.0203125
4 0.45390625 0.41953125 0.00625 0.009375
4 0.46796875 0.41640625 0.009375 0.00625
4 0.3875 0.39609375 0.0125 0.0078125
4 0.34375 0.396875 0.0515625 0.021875
2 0.8828125 0.77734375 0.128125 0.065625
2 0.06015625 0.4453125 0.1203125 0.059375
4 0.97578125 0.5796875 0.0390625 0.021875
4 0.02265625 0.4203125 0.0421875 0.040625
4 0.896875 0.534375 0.0375 0.01875