2 0.14375 0.2390625 0.24375 0.2296875
2 0.8421875 0.2359375 0.140625 0.04375
4 0.9171875 0.2390625 0.0140625 0.04375
4 0.796875 0.584375 0.4046875 0.54375
4 0.93125 0.240625 0.015625 0.0328125
2 0.38125 0.2859375 0.26875 0.096875
2 0.7015625 0.28125 0.259375 0.0484375
2 0.9390625 0.321875 0.121875 0.0640625
2 0.7921875 0.2125 0.1359375 0.175
3 0.6671875 0.3484375 0.0328125 0.0390625
3 0.8671875 0.328125 0.01875 0.025
2 0.14375 0.0625 0.24375 0.125
2 0.8421875 0.01796875 0.140625 0.0359375
4 0.91640625 0.01640625 0.0140625 0.0328125
4 0.93125 0.0125 0.015625 0.025
2 0.79140625 0.0625 0.1359375 0.125