2 0.465625 0.7015625 0.240625 0.0890625
2 0.5 0.6078125 0.04375 0.0171875
2 0.2671875 0.5859375 0.1078125 0.0578125
2 0.753125 0.596875 0.0453125 0.0359375
4 0.4328125 0.6796875 0.03125 0.071875
4 0.403125 0.675 0.03125 0.0734375
4 0.553125 0.6453125 0.021875 0.028125
4 0.4890625 0.6890625 0.0296875 0.0390625
4 0.525 0.625 0.01875 0.034375
2 0.85625 0.5734375 0.0265625 0.0203125
2 0.1796875 0.596875 0.0609375 0.0265625
2 0.5015625 0.575 0.05625 0.0234375
4 0.45625 0.684375 0.03125 0.040625
4 0.4484375 0.6734375 0.0140625 0.0296875
4 0.496875 0.6703125 0.0234375 0.0203125
4 0.5203125 0.671875 0.0171875 0.0546875
2 0.121875 0.63125 0.0375 0.0171875
2 0.9109375 0.56875 0.0125 0.00625
4 0.496875 0.6546875 0.0203125 0.025
4 0.4765625 0.6765625 0.021875 0.0390625
4 0.4640625 0.6671875 0.0078125 0.0109375
4 0.5234375 0.6453125 0.0171875 0.03125
2 0.38125 0.5765625 0.175 0.0484375
4 0.8 0.5828125 0.14375 0.0359375
2 0.465625 0.959375 0.240625 0.08125
4 0.4328125 0.975 0.03125 0.05
4 0.403125 0.9765625 0.03125 0.046875
4 0.4890625 0.9765625 0.0296875 0.0390625
4 0.45625 0.98046875 0.03125 0.0390625
4 0.44765625 0.98828125 0.0140625 0.0234375
4 0.49609375 0.9921875 0.0234375 0.015625
4 0.51953125 0.9828125 0.0171875 0.034375
4 0.4765625 0.984375 0.021875 0.03125
4 0.46328125 0.99609375 0.0078125 0.0078125