4 0.7390625 0.53828125 0.084375 0.09375
4 0.659375 0.56484375 0.1359375 0.134375
4 0.5609375 0.53671875 0.1359375 0.1390625
4 0.375 0.59140625 0.2734375 0.271875
4 0.14140625 0.62734375 0.2828125 0.4078125
4 0.9578125 0.534375 0.0578125 0.065625
4 0.9890625 0.525 0.021875 0.046875
4 0.9671875 0.44140625 0.0171875 0.028125
4 0.82890625 0.51640625 0.05625 0.071875
4 0.91328125 0.60078125 0.1140625 0.209375
4 0.78046875 0.5234375 0.053125 0.0703125
2 0.18828125 0.428125 0.0484375 0.0453125
4 0.978125 0.53203125 0.04375 0.0609375
4 0.8296875 0.6328125 0.1546875 0.265625
4 0.84609375 0.496875 0.20625 0.2109375
4 0.1140625 0.8875 0.228125 0.153125