2 0.4078125 0.74375 0.8140625 0.24375
2 0.1015625 0.625 0.0734375 0.0703125
2 0.4859375 0.51875 0.0890625 0.0765625
2 0.6140625 0.5 0.0546875 0.0421875
2 0.8828125 0.5609375 0.0921875 0.1
2 0.7640625 0.525 0.1578125 0.0953125
2 0.34375 0.4921875 0.1109375 0.05
2 0.48125 0.48125 0.053125 0.025
2 0.14375 0.5640625 0.153125 0.090625
2 0.809375 0.653125 0.14375 0.2328125
2 0.328125 0.5359375 0.0578125 0.059375
2 0.753125 0.5796875 0.1015625 0.0890625
2 0.034375 0.55625 0.06875 0.1046875
2 0.40703125 0.9421875 0.8140625 0.115625