2 0.56875 0.421875 0.703125 0.228125
4 0.4875 0.309375 0.0421875 0.1015625
4 0.05625 0.315625 0.05625 0.1390625
4 0.59375 0.2828125 0.0359375 0.034375
4 0.7359375 0.2953125 0.034375 0.0953125
4 0.696875 0.2921875 0.0421875 0.0765625
4 0.7890625 0.2578125 0.0171875 0.0140625
4 0.0890625 0.3203125 0.03125 0.1171875
4 0.290625 0.321875 0.0265625 0.053125
4 0.6171875 0.278125 0.021875 0.034375
4 0.48671875 0.0390625 0.0421875 0.078125
4 0.05625 0.0453125 0.05625 0.090625
4 0.59375 0.0546875 0.0359375 0.034375
4 0.7359375 0.04453125 0.034375 0.0890625
4 0.696875 0.0453125 0.0421875 0.0765625
4 0.7890625 0.0796875 0.0171875 0.0140625
4 0.0890625 0.0375 0.03125 0.075
4 0.28984375 0.02109375 0.0265625 0.0421875
4 0.6171875 0.059375 0.021875 0.034375