2 0.6828125 0.478125 0.35 0.0953125
2 0.7375 0.39765625 0.203125 0.0765625
2 0.59296875 0.378125 0.0765625 0.028125
2 0.540625 0.41484375 0.075 0.025
4 0.1953125 0.39296875 0.00625 0.0203125
2 0.06484375 0.6203125 0.121875 0.1359375
2 0.22421875 0.540625 0.1453125 0.0703125
2 0.11640625 0.5609375 0.2328125 0.18125
2 0.7296875 0.0328125 0.203125 0.065625
2 0.5875 0.053125 0.0765625 0.028125
2 0.53359375 0.01796875 0.075 0.025
4 0.1890625 0.05234375 0.00625 0.0203125
2 0.06875 0.94453125 0.121875 0.1109375
2 0.12265625 0.9609375 0.2328125 0.078125