2 0.45078125 0.5234375 0.7921875 0.190625
2 0.68984375 0.35078125 0.1625 0.0859375
2 0.2046875 0.32265625 0.24375 0.1828125
2 0.9125 0.35703125 0.1609375 0.0671875
4 0.4484375 0.45625 0.134375 0.1421875
2 0.45390625 0.3484375 0.15 0.09375
2 0.390625 0.27578125 0.15625 0.0578125
2 0.0609375 0.3515625 0.121875 0.059375
2 0.81796875 0.259375 0.1328125 0.0828125
2 0.63203125 0.2921875 0.1859375 0.0359375
2 0.534375 0.271875 0.1359375 0.0765625
2 0.6796875 0.0578125 0.1625 0.0859375
2 0.19765625 0.11953125 0.24375 0.1828125
2 0.9015625 0.0359375 0.1609375 0.0671875
4 0.4328125 0.0203125 0.13125 0.040625
2 0.44453125 0.0765625 0.15 0.09375
2 0.3859375 0.15390625 0.15625 0.0578125
2 0.05703125 0.1015625 0.1140625 0.059375
2 0.8140625 0.140625 0.1328125 0.0828125
2 0.62578125 0.1203125 0.1859375 0.0359375
2 0.5296875 0.146875 0.1359375 0.0765625