2 0.346875 0.7484375 0.1453125 0.1015625
2 0.45703125 0.7765625 0.1125 0.090625
2 0.56953125 0.7984375 0.1265625 0.0953125
2 0.7375 0.58125 0.2203125 0.5640625
2 0.9265625 0.71171875 0.1109375 0.18125
2 0.86953125 0.571875 0.1703125 0.4234375
2 0.54375 0.69140625 0.10625 0.0640625
2 0.45625 0.64140625 0.1140625 0.1421875
2 0.265625 0.41328125 0.1046875 0.0828125
2 0.35546875 0.64375 0.0984375 0.065625
2 0.23046875 0.73125 0.1640625 0.0875
2 0.23984375 0.68359375 0.121875 0.084375
2 0.72109375 0.72265625 0.11875 0.0796875
2 0.1171875 0.68359375 0.1046875 0.125
2 0.2734375 0.53515625 0.090625 0.071875
2 0.1796875 0.60625 0.115625 0.065625
2 0.1140625 0.5046875 0.1015625 0.0828125
2 0.3296875 0.834375 0.1453125 0.1015625
2 0.44296875 0.85 0.1125 0.090625
2 0.5546875 0.871875 0.1265625 0.0953125
2 0.66484375 0.9265625 0.1484375 0.146875
2 0.49140625 0.96171875 0.10625 0.0640625
2 0.39609375 0.95 0.1046875 0.0921875
2 0.29921875 0.93515625 0.0984375 0.065625
2 0.215625 0.8078125 0.1640625 0.0875
2 0.20625 0.85546875 0.121875 0.084375
2 0.6671875 0.9796875 0.11875 0.040625
2 0.09296875 0.809375 0.1046875 0.125
2 0.121875 0.90390625 0.115625 0.065625