2 0.53046875 0.52734375 0.0671875 0.059375
2 0.4609375 0.53828125 0.059375 0.0515625
2 0.35078125 0.61875 0.2453125 0.134375
2 0.60546875 0.51953125 0.0796875 0.065625
2 0.41328125 0.5359375 0.078125 0.0640625
2 0.68203125 0.5171875 0.071875 0.05625
2 0.88203125 0.4921875 0.1265625 0.0734375
2 0.26171875 0.634375 0.271875 0.1328125
2 0.13046875 0.61953125 0.2046875 0.0921875
2 0.78515625 0.584375 0.1859375 0.075
2 0.28515625 0.56640625 0.2109375 0.103125
2 0.9453125 0.4109375 0.109375 0.215625
2 0.75546875 0.50859375 0.0890625 0.059375
2 0.48046875 0.16796875 0.0671875 0.059375
2 0.56328125 0.759375 0.0671875 0.059375
2 0.41015625 0.1765625 0.059375 0.0515625
2 0.49375 0.76796875 0.059375 0.0515625
2 0.28203125 0.1296875 0.2453125 0.134375
2 0.365625 0.72109375 0.2453125 0.134375
2 0.27109375 0.053125 0.2375 0.0828125
2 0.55390625 0.1546875 0.0796875 0.065625
2 0.63671875 0.74609375 0.0796875 0.065625
2 0.365625 0.1921875 0.078125 0.0640625
2 0.4484375 0.78359375 0.078125 0.0640625
2 0.62890625 0.13671875 0.071875 0.05625
2 0.71171875 0.72734375 0.071875 0.05625
2 0.828125 0.10546875 0.1265625 0.0734375
2 0.9109375 0.69609375 0.1265625 0.0734375
2 0.1921875 0.1390625 0.271875 0.1328125
2 0.275 0.73046875 0.271875 0.1328125
2 0.18125 0.065625 0.265625 0.0875
2 0.0859375 0.18984375 0.171875 0.0921875
2 0.153125 0.78046875 0.2046875 0.0921875
2 0.70859375 0.04296875 0.1859375 0.075
2 0.7921875 0.634375 0.1859375 0.075
2 0.70078125 0.015625 0.1859375 0.03125
2 0.23359375 0.1984375 0.2109375 0.103125
2 0.31640625 0.7890625 0.2109375 0.103125
2 0.91328125 0.1640625 0.1140625 0.215625
2 0.96953125 0.7546875 0.0609375 0.215625
2 0.7015625 0.12421875 0.0890625 0.059375
2 0.784375 0.715625 0.0890625 0.059375