4 0.21640625 0.56640625 0.040625 0.0484375
4 0.3234375 0.425 0.0375 0.0453125
4 0.63984375 0.46328125 0.040625 0.0546875
4 0.43828125 0.43671875 0.0296875 0.0390625
4 0.2328125 0.5625 0.0265625 0.034375
4 0.5359375 0.60546875 0.08125 0.0234375
4 0.6375 0.6296875 0.0578125 0.0171875
4 0.6453125 0.59921875 0.0390625 0.0171875
4 0.784375 0.5984375 0.0203125 0.03125
4 0.7640625 0.6 0.0328125 0.028125
2 0.75625 0.58671875 0.109375 0.0796875
4 0.79453125 0.61171875 0.021875 0.0234375
2 0.1984375 0.57421875 0.1046875 0.034375