2 0.6046875 0.52734375 0.6609375 0.2890625
2 0.271875 0.51796875 0.4328125 0.1984375
4 0.0265625 0.4171875 0.021875 0.028125
4 0.06640625 0.4 0.0109375 0.0140625
4 0.096875 0.39296875 0.0109375 0.015625
4 0.13984375 0.3921875 0.015625 0.025
4 0.16015625 0.38828125 0.0125 0.0234375
4 0.36171875 0.39921875 0.021875 0.0359375
4 0.39296875 0.40625 0.01875 0.034375
4 0.4203125 0.40625 0.0296875 0.059375
4 0.44140625 0.41015625 0.03125 0.0640625
4 0.38046875 0.41640625 0.0265625 0.053125
2 0.07578125 0.45234375 0.1515625 0.0859375
4 0.34375 0.41328125 0.025 0.046875
4 0.309375 0.41796875 0.028125 0.0484375
4 0.3640625 0.42421875 0.0328125 0.0421875
4 0.01171875 0.08984375 0.0109375 0.0140625
4 0.04296875 0.0859375 0.0109375 0.015625
4 0.08359375 0.07421875 0.015625 0.01875
4 0.10390625 0.07109375 0.0125 0.01875