2 0.5703125 0.53515625 0.703125 0.228125
4 0.32421875 0.4953125 0.171875 0.209375
4 0.43125 0.5015625 0.1046875 0.13125
4 0.48828125 0.5046875 0.071875 0.0984375
4 0.7296875 0.43125 0.096875 0.1234375
4 0.40234375 0.51640625 0.065625 0.09375
4 0.58125 0.4828125 0.075 0.1
4 0.79453125 0.4125 0.075 0.1171875
4 0.80546875 0.3703125 0.1203125 0.1984375
4 0.53671875 0.49296875 0.0578125 0.103125
4 0.6234375 0.471875 0.06875 0.096875
4 0.66328125 0.4640625 0.06875 0.0984375
4 0.6921875 0.45078125 0.05625 0.084375
4 0.55703125 0.48359375 0.0328125 0.0625
2 0.459375 0.08515625 0.703125 0.1703125
2 0.6359375 0.81796875 0.703125 0.228125
4 0.25625 0.2 0.171875 0.209375
4 0.42890625 0.928125 0.1671875 0.14375
4 0.35 0.1484375 0.1046875 0.13125
4 0.52578125 0.909375 0.1046875 0.13125
4 0.39921875 0.1203125 0.071875 0.0984375
4 0.575 0.88203125 0.071875 0.0984375
4 0.6484375 0.08046875 0.096875 0.1234375
4 0.82421875 0.8421875 0.096875 0.1234375
4 0.31796875 0.14765625 0.065625 0.09375
4 0.49375 0.90859375 0.065625 0.09375
4 0.4921875 0.09921875 0.075 0.1
4 0.66796875 0.86015625 0.075 0.1
4 0.71484375 0.06875 0.075 0.1171875
4 0.890625 0.8296875 0.075 0.1171875
4 0.74296875 0.10234375 0.1203125 0.1984375
4 0.91484375 0.84375 0.1109375 0.1578125
4 0.4484375 0.109375 0.0578125 0.103125
4 0.62421875 0.8703125 0.0578125 0.103125
4 0.53515625 0.090625 0.06875 0.096875
4 0.7109375 0.85234375 0.06875 0.096875
4 0.575 0.08046875 0.06875 0.0984375
4 0.75078125 0.84140625 0.06875 0.0984375
4 0.60625 0.0796875 0.05625 0.084375
4 0.78203125 0.840625 0.05625 0.084375
4 0.4703125 0.109375 0.0328125 0.0625
4 0.64609375 0.8703125 0.0328125 0.0625