2 0.4703125 0.5640625 0.04375 0.015625
2 0.475 0.5859375 0.0546875 0.03125
2 0.878125 0.5671875 0.078125 0.090625
2 0.7421875 0.578125 0.078125 0.021875
2 0.6140625 0.5734375 0.0703125 0.0140625
2 0.28125 0.5875 0.05 0.0234375
2 0.3578125 0.515625 0.0453125 0.103125
2 0.965625 0.6046875 0.0671875 0.01875
2 0.9734375 0.55625 0.05 0.0234375
2 0.6859375 0.559375 0.0625 0.0234375
2 0.3234375 0.55 0.025 0.0296875
2 0.409375 0.5484375 0.046875 0.04375
2 0.1875 0.5734375 0.0328125 0.0203125
2 0.47421875 0.99453125 0.0546875 0.0109375
2 0.878125 0.9890625 0.078125 0.021875
2 0.28125 0.9953125 0.05 0.009375
2 0.965625 0.9859375 0.0671875 0.01875