2 0.178125 0.67109375 0.35625 0.0984375
2 0.2734375 0.66484375 0.14375 0.0578125
2 0.41796875 0.6421875 0.096875 0.1015625
2 0.9609375 0.6828125 0.0734375 0.1734375
2 0.909375 0.69140625 0.0859375 0.0515625
2 0.48984375 0.6546875 0.028125 0.0515625
2 0.76796875 0.6359375 0.034375 0.034375
2 0.39375 0.6828125 0.0390625 0.0265625
2 0.49921875 0.6421875 0.09375 0.0609375
2 0.81953125 0.65859375 0.03125 0.0078125
2 0.79921875 0.62578125 0.0390625 0.0671875
2 0.340625 0.6671875 0.0375 0.015625
2 0.50703125 0.6359375 0.084375 0.034375