2 0.41328125 0.5703125 0.2765625 0.1296875
2 0.8203125 0.66328125 0.0671875 0.0421875
2 0.55625 0.6109375 0.0546875 0.0328125
2 0.096875 0.50234375 0.078125 0.03125
2 0.65390625 0.63359375 0.0453125 0.0203125
2 0.60625 0.621875 0.059375 0.0296875
2 0.69609375 0.64375 0.025 0.0125
2 0.096875 0.48984375 0.0890625 0.046875
2 0.01171875 0.48359375 0.0234375 0.0171875
2 0.95234375 0.69375 0.034375 0.04375
2 0.53984375 0.0625 0.2765625 0.125
2 0.3734375 0.73125 0.2765625 0.1296875
2 0.94296875 0.16953125 0.0671875 0.0421875
2 0.77578125 0.8390625 0.0671875 0.0421875
2 0.68515625 0.0921875 0.0546875 0.0328125
2 0.51796875 0.7625 0.0546875 0.0328125
2 0.06171875 0.6421875 0.078125 0.03125
2 0.78203125 0.11796875 0.0453125 0.0203125
2 0.61484375 0.78828125 0.0453125 0.0203125
2 0.73515625 0.10625 0.059375 0.0296875
2 0.56796875 0.7765625 0.059375 0.0296875
2 0.82421875 0.128125 0.025 0.0125
2 0.6578125 0.7984375 0.025 0.0125
2 0.05625 0.653125 0.0890625 0.046875
2 0.90703125 0.875 0.034375 0.04375