2 0.4984375 0.8015625 0.6671875 0.36875
2 0.48125 0.540625 0.6328125 0.3109375
2 0.39921875 0.059375 0.1859375 0.11875
2 0.3546875 0.2125 0.3796875 0.1328125
2 0.7328125 0.1171875 0.196875 0.14375
2 0.3984375 0.340625 0.4671875 0.1921875
2 0.596875 0.0890625 0.2828125 0.1375
2 0.3671875 0.0453125 0.36875 0.090625
4 0.6703125 0.23125 0.0765625 0.246875
2 0.0828125 0.8015625 0.165625 0.36875
2 0.91640625 0.8015625 0.1671875 0.36875
2 0.0828125 0.53984375 0.165625 0.3109375
2 0.93359375 0.53984375 0.1328125 0.3109375
2 0.0828125 0.21171875 0.165625 0.1328125
2 0.9171875 0.1171875 0.165625 0.14375
2 0.0828125 0.33984375 0.165625 0.1921875
2 0.96328125 0.0890625 0.0734375 0.1375
2 0.07421875 0.0453125 0.1484375 0.090625
4 0.978125 0.23125 0.04375 0.246875