4 0.06953125 0.67578125 0.0875 0.1421875
4 0.18515625 0.63984375 0.0734375 0.1328125
4 0.2390625 0.63828125 0.0703125 0.1125
4 0.73515625 0.509375 0.0390625 0.078125
4 0.37578125 0.59609375 0.059375 0.1109375
4 0.41171875 0.59140625 0.05625 0.103125
4 0.45234375 0.5734375 0.0578125 0.1109375
4 0.51328125 0.5578125 0.0640625 0.103125
4 0.546875 0.55078125 0.0515625 0.0984375
4 0.33515625 0.60859375 0.065625 0.1171875
4 0.58515625 0.54375 0.05625 0.0921875
4 0.28984375 0.61484375 0.075 0.125
4 0.67734375 0.51640625 0.05 0.0921875
2 0.4328125 0.50390625 0.084375 0.259375
4 0.62421875 0.53046875 0.04375 0.090625
4 0.13046875 0.65546875 0.06875 0.13125
4 0.70625 0.5109375 0.040625 0.0875
4 0.7546875 0.49609375 0.0359375 0.0796875
4 0.7375 0.50703125 0.0375 0.078125
4 0.803125 0.4921875 0.053125 0.071875
4 0.859375 0.46953125 0.0375 0.0796875
4 0.8296875 0.471875 0.0421875 0.08125
4 0.8890625 0.46484375 0.0375 0.071875
2 0.9484375 0.4609375 0.103125 0.065625
2 0.153125 0.5328125 0.071875 0.1140625
2 0.096875 0.5421875 0.075 0.1234375
2 0.040625 0.54296875 0.08125 0.1546875
2 0.20625 0.49921875 0.084375 0.178125
2 0.26640625 0.50625 0.065625 0.1125
2 0.35390625 0.496875 0.0578125 0.10625
2 0.39140625 0.49375 0.059375 0.103125
2 0.4875 0.4671875 0.05625 0.0984375
2 0.5296875 0.4515625 0.059375 0.1109375
2 0.5734375 0.45703125 0.05625 0.0953125
2 0.61171875 0.4328125 0.0484375 0.1078125
2 0.65390625 0.4109375 0.0484375 0.121875
2 0.69296875 0.40703125 0.0515625 0.115625
2 0.71796875 0.4328125 0.0375 0.071875
2 0.77265625 0.4109375 0.0328125 0.1046875
2 0.734375 0.425 0.0328125 0.078125
2 0.83984375 0.3921875 0.0421875 0.0921875
2 0.8078125 0.4 0.0421875 0.075
2 0.940625 0.390625 0.0296875 0.0703125
2 0.9171875 0.38984375 0.03125 0.0609375
2 0.89140625 0.39140625 0.0296875 0.071875
2 0.871875 0.39609375 0.0359375 0.0734375