4 0.5078125 0.51328125 0.240625 0.3859375
4 0.471875 0.53828125 0.1890625 0.3328125
4 0.57265625 0.31171875 0.0984375 0.1765625
4 0.746875 0.403125 0.121875 0.23125
4 0.5328125 0.1625 0.059375 0.115625
4 0.36015625 0.0859375 0.028125 0.0515625
4 0.40703125 0.0953125 0.03125 0.0484375
4 0.82421875 0.20078125 0.03125 0.0375
4 0.60078125 0.1734375 0.0671875 0.1296875
2 0.3234375 0.29921875 0.3265625 0.1796875
2 0.85703125 0.29375 0.175 0.1703125
2 0.415625 0.1484375 0.2296875 0.1078125
4 0.6640625 0.17890625 0.0578125 0.125
4 0.23515625 0.09921875 0.084375 0.15
2 0.2203125 0.30234375 0.13125 0.1
2 0.6125 0.359375 0.2140625 0.09375
2 0.10703125 0.24921875 0.14375 0.1375
2 0.95625 0.3234375 0.0875 0.165625
4 0.18359375 0.08671875 0.084375 0.15
2 0.1078125 0.2765625 0.13125 0.1