4 0.13203125 0.746875 0.2640625 0.184375
4 0.09375 0.46484375 0.14375 0.0953125
4 0.17421875 0.4140625 0.04375 0.03125
4 0.1265625 0.37265625 0.015625 0.0140625
4 0.26796875 0.403125 0.015625 0.034375
4 0.16328125 0.3734375 0.0265625 0.021875
4 0.5 0.41015625 0.0125 0.028125
4 0.52734375 0.43359375 0.0140625 0.0359375
4 0.671875 0.63125 0.1078125 0.0640625
4 0.45234375 0.43359375 0.0109375 0.0140625
4 0.2265625 0.42578125 0.06875 0.0296875
4 0.41015625 0.42734375 0.015625 0.040625
2 0.66484375 0.44375 0.0296875 0.0109375
4 0.45390625 0.40390625 0.015625 0.0265625
4 0.1234375 0.903125 0.246875 0.14375