2 0.1546875 0.5171875 0.015625 0.00625
2 0.2421875 0.5140625 0.0109375 0.00625
2 0.20625 0.5328125 0.0140625 0.0078125
2 0.23125 0.51875 0.0125 0.0109375
2 0.2046875 0.5171875 0.0109375 0.00625
2 0.1453125 0.5109375 0.00625 0.0046875
4 0.6953125 0.7328125 0.2140625 0.06875
4 0.95 0.60625 0.0984375 0.140625
4 0.8734375 0.628125 0.078125 0.1015625
4 0.9359375 0.59375 0.05625 0.0796875
4 0.565625 0.5953125 0.04375 0.0546875
2 0.1546875 0.5140625 0.009375 0.0046875
4 0.6046875 0.553125 0.0359375 0.0359375
4 0.653125 0.734375 0.2234375 0.0609375
4 0.0890625 0.659375 0.1140625 0.0390625
4 0.1328125 0.6046875 0.0140625 0.0109375
4 0.2109375 0.5671875 0.0375 0.1046875
4 0.4625 0.6234375 0.090625 0.0734375
4 0.2765625 0.5484375 0.01875 0.0234375
4 0.3515625 0.5734375 0.03125 0.0625
4 0.69453125 0.99140625 0.2140625 0.0171875
4 0.65234375 0.9921875 0.2234375 0.015625