2 0.76015625 0.30078125 0.0125 0.0296875
4 0.64765625 0.39609375 0.0875 0.1515625
4 0.4109375 0.4125 0.1015625 0.09375
4 0.05703125 0.3828125 0.0703125 0.1203125
4 0.5890625 0.3671875 0.0796875 0.175
4 0.1671875 0.36328125 0.0609375 0.0609375
4 0.25078125 0.38828125 0.0765625 0.1203125
4 0.16953125 0.28671875 0.171875 0.1859375
4 0.32109375 0.3765625 0.071875 0.128125
4 0.26171875 0.33203125 0.0421875 0.1
4 0.1234375 0.39921875 0.078125 0.1125
4 0.69921875 0.39140625 0.0625 0.11875
2 0.76875 0.0515625 0.0125 0.0296875
4 0.6 0.03125 0.075 0.059375
4 0.17734375 0.0578125 0.1703125 0.115625
4 0.271875 0.0171875 0.040625 0.034375