4 0.9078125 0.3640625 0.025 0.053125
2 0.2609375 0.590625 0.4578125 0.0796875
2 0.3359375 0.51875 0.353125 0.0296875
2 0.4265625 0.503125 0.2953125 0.053125
2 0.475 0.4765625 0.2296875 0.040625
2 0.5671875 0.440625 0.19375 0.025
2 0.5875 0.4203125 0.125 0.025
2 0.6875 0.4 0.1328125 0.0125
2 0.34375 0.5515625 0.3796875 0.046875
2 0.65 0.409375 0.1265625 0.015625
4 0.9671875 0.334375 0.0046875 0.021875
4 0.9078125 0.1796875 0.025 0.053125
2 0.2609375 0.8640625 0.4578125 0.0796875
2 0.3359375 0.025 0.353125 0.0296875
2 0.3359375 0.9359375 0.353125 0.0296875
2 0.4265625 0.040625 0.2953125 0.053125
2 0.4265625 0.9515625 0.2953125 0.053125
2 0.475 0.0671875 0.2296875 0.040625
2 0.475 0.978125 0.2296875 0.040625
2 0.5671875 0.103125 0.19375 0.025
2 0.5875 0.1234375 0.125 0.025
2 0.6875 0.14375 0.1328125 0.0125
2 0.34296875 0.0078125 0.3796875 0.015625
2 0.34375 0.903125 0.3796875 0.046875
2 0.65 0.134375 0.1265625 0.015625
4 0.9671875 0.209375 0.0046875 0.021875