2 0.378125 0.36875 0.0984375 0.103125
2 0.4859375 0.3953125 0.0671875 0.0890625
2 0.9328125 0.434375 0.0625 0.0328125
2 0.5625 0.459375 0.0703125 0.075
2 0.7953125 0.3625 0.084375 0.0984375
2 0.5703125 0.3640625 0.06875 0.0546875
2 0.7109375 0.36875 0.1078125 0.1125
4 0.0453125 0.5484375 0.021875 0.0703125
4 0.0625 0.54375 0.0171875 0.075
2 0.853125 0.3703125 0.05625 0.0578125
2 0.378125 0.115625 0.0984375 0.103125
2 0.4859375 0.0890625 0.0671875 0.0890625
2 0.9328125 0.05 0.0625 0.0328125
2 0.56171875 0.03125 0.0703125 0.0625
2 0.7953125 0.121875 0.084375 0.0984375
2 0.5703125 0.1203125 0.06875 0.0546875
2 0.7109375 0.115625 0.1078125 0.1125
4 0.0453125 0.9640625 0.021875 0.0703125
4 0.06171875 0.965625 0.0171875 0.06875
2 0.853125 0.1140625 0.05625 0.0578125