2 0.5859375 0.5328125 0.5578125 0.084375
2 0.09375 0.54296875 0.1390625 0.0359375
4 0.48828125 0.51328125 0.0359375 0.04375
4 0.62265625 0.5078125 0.0390625 0.05
4 0.703125 0.496875 0.0375 0.0453125
4 0.7609375 0.48828125 0.0328125 0.0515625
4 0.52578125 0.5109375 0.040625 0.0453125
4 0.665625 0.50234375 0.0328125 0.046875
4 0.7375 0.49375 0.0328125 0.0453125
4 0.5375 0.50546875 0.0203125 0.0328125
4 0.65 0.503125 0.0203125 0.0453125
4 0.56015625 0.509375 0.0328125 0.0453125
4 0.5828125 0.496875 0.0234375 0.03125