2 0.4109375 0.728125 0.1703125 0.06875
2 0.759375 0.709375 0.103125 0.0546875
2 0.175 0.740625 0.14375 0.04375
2 0.9078125 0.7125 0.078125 0.0296875
2 0.7203125 0.690625 0.0875 0.028125
2 0.5171875 0.7015625 0.0640625 0.009375
2 0.83125 0.696875 0.0390625 0.053125
2 0.028125 0.728125 0.046875 0.040625
2 0.5140625 0.6890625 0.0640625 0.0203125
2 0.60625 0.7015625 0.1140625 0.0421875
2 0.9296875 0.671875 0.0140625 0.0078125
2 0.4453125 0.6828125 0.0953125 0.040625
2 0.9875 0.7125 0.025 0.0453125
2 0.5 0.7078125 0.996875 0.1
2 0.175 0.99375 0.14375 0.0125