2 0.74453125 0.715625 0.2203125 0.1609375
2 0.465625 0.67265625 0.1078125 0.0890625
2 0.38359375 0.615625 0.0953125 0.0390625
2 0.2046875 0.715625 0.13125 0.1578125
2 0.396875 0.5453125 0.0125 0.009375
2 0.42421875 0.565625 0.0078125 0.009375
4 0.7453125 0.7140625 0.015625 0.025
4 0.71328125 0.71796875 0.025 0.034375
4 0.46640625 0.66171875 0.0203125 0.0203125
4 0.97734375 0.590625 0.0234375 0.04375
2 0.24765625 0.64453125 0.1296875 0.0875
2 0.309375 0.5984375 0.0359375 0.021875
4 0.728125 0.71484375 0.0265625 0.0375
4 0.48984375 0.6671875 0.0203125 0.028125
4 0.365625 0.6109375 0.009375 0.0203125
4 0.25 0.6484375 0.009375 0.0109375
4 0.7546875 0.728125 0.021875 0.01875
2 0.496875 0.59921875 0.0421875 0.01875
2 0.55078125 0.61015625 0.0515625 0.028125
2 0.24609375 0.6 0.040625 0.0234375
4 0.60546875 0.60390625 0.0234375 0.0171875
2 0.33984375 0.55546875 0.0203125 0.0140625
4 0.19921875 0.73828125 0.009375 0.009375
4 0.68125 0.67265625 0.0296875 0.05
2 0.771875 0.87265625 0.2203125 0.1609375
2 0.52109375 0.98125 0.1015625 0.0375
2 0.25703125 0.9890625 0.1171875 0.021875
4 0.7734375 0.8734375 0.015625 0.025
4 0.74140625 0.88125 0.025 0.034375
4 0.75703125 0.878125 0.0265625 0.0375
4 0.54765625 0.99453125 0.0171875 0.0109375
4 0.77734375 0.85703125 0.021875 0.01875
4 0.72734375 0.934375 0.0296875 0.05