2 0.5890625 0.5890625 0.0890625 0.071875
2 0.7 0.6140625 0.0453125 0.028125
2 0.7 0.6390625 0.0421875 0.01875
2 0.6453125 0.6015625 0.034375 0.0375
2 0.834375 0.603125 0.059375 0.0390625
2 0.8671875 0.590625 0.05 0.021875
4 0.115625 0.59375 0.015625 0.0234375
2 0.7734375 0.60625 0.0859375 0.0859375
2 0.5328125 0.5796875 0.04375 0.03125
2 0.9578125 0.603125 0.0828125 0.0375
4 0.2390625 0.584375 0.0140625 0.0125
2 0.58828125 0.9921875 0.0890625 0.015625
2 0.69921875 0.990625 0.0453125 0.01875
2 0.7 0.9703125 0.0421875 0.01875
2 0.6453125 0.99453125 0.034375 0.0109375
2 0.834375 0.99296875 0.059375 0.0140625
2 0.77265625 0.9796875 0.0859375 0.040625
2 0.95703125 0.99375 0.0828125 0.0125