2 0.2484375 0.7 0.278125 0.29375
2 0.078125 0.665625 0.15 0.2546875
2 0.875 0.678125 0.25 0.259375
2 0.4375 0.65 0.1515625 0.2296875
2 0.8296875 0.71875 0.1890625 0.2421875
2 0.9859375 0.421875 0.0265625 0.021875
2 0.965625 0.3328125 0.0484375 0.0078125
4 0.6515625 0.575 0.571875 0.56875
2 0.2484375 0.9359375 0.278125 0.128125
2 0.078125 0.9625 0.15 0.075
2 0.875 0.95546875 0.25 0.0890625
2 0.43671875 0.9765625 0.1515625 0.046875
2 0.82890625 0.9390625 0.1890625 0.121875
4 0.6515625 0.9296875 0.571875 0.140625