4 0.903125 0.478125 0.01875 0.0390625
2 0.3125 0.6484375 0.1359375 0.0359375
2 0.465625 0.6046875 0.19375 0.0640625
2 0.5859375 0.5921875 0.1625 0.0890625
2 0.6390625 0.578125 0.175 0.071875
2 0.08125 0.68125 0.1546875 0.0546875
2 0.4609375 0.4609375 0.1546875 0.2109375
2 0.2421875 0.5578125 0.3765625 0.046875
2 0.3375 0.6109375 0.359375 0.09375
2 0.1265625 0.6515625 0.2453125 0.0515625
2 0.690625 0.5578125 0.0953125 0.05625
2 0.303125 0.5296875 0.16875 0.05
2 0.1125 0.65625 0.1515625 0.046875
2 0.209375 0.575 0.1625 0.0640625
2 0.08046875 0.9796875 0.1546875 0.040625
2 0.11171875 0.99453125 0.1515625 0.0109375