2 0.49765625 0.53046875 0.9953125 0.5171875
4 0.83671875 0.4796875 0.0640625 0.0734375
4 0.78359375 0.48671875 0.0578125 0.0671875
4 0.65625 0.4890625 0.0625 0.0859375
4 0.49140625 0.47421875 0.05625 0.0875
4 0.684375 0.48984375 0.03125 0.06875
4 0.609375 0.4921875 0.0390625 0.0625
4 0.5703125 0.48359375 0.0625 0.0828125
4 0.71640625 0.48828125 0.059375 0.078125
4 0.4515625 0.471875 0.0421875 0.0703125
4 0.53046875 0.48125 0.0390625 0.06875
4 0.74140625 0.48828125 0.0453125 0.071875
4 0.39609375 0.36796875 0.0765625 0.1390625
4 0.31015625 0.396875 0.0640625 0.075
4 0.8015625 0.43359375 0.1015625 0.10625