2 0.4390625 0.61015625 0.31875 0.25
4 0.3578125 0.48203125 0.1046875 0.1640625
4 0.28203125 0.55234375 0.0609375 0.228125
4 0.596875 0.496875 0.0671875 0.1484375
4 0.68515625 0.4546875 0.0421875 0.0421875
4 0.734375 0.48203125 0.071875 0.15
2 0.68046875 0.5625 0.2140625 0.171875
2 0.44296875 0.903125 0.3171875 0.19375
4 0.34921875 0.0328125 0.103125 0.0625
4 0.28828125 0.940625 0.0578125 0.11875
4 0.58671875 0.01640625 0.0640625 0.0328125
4 0.6046875 0.9828125 0.0640625 0.0328125
4 0.67578125 0.009375 0.0421875 0.01875
4 0.72578125 0.021875 0.0703125 0.04375
2 0.68671875 0.9421875 0.2125 0.1125