2 0.54140625 0.4078125 0.059375 0.075
2 0.59453125 0.4421875 0.0234375 0.009375
2 0.1015625 0.34609375 0.046875 0.0765625
4 0.5359375 0.4578125 0.0265625 0.0484375
4 0.48671875 0.57109375 0.128125 0.0625
4 0.32578125 0.53671875 0.0546875 0.0484375
4 0.0453125 0.571875 0.0515625 0.0453125
4 0.01796875 0.55859375 0.0359375 0.0640625
4 0.19609375 0.42578125 0.0453125 0.0515625
2 0.36796875 0.38671875 0.040625 0.0671875
4 0.396875 0.43671875 0.0125 0.015625
4 0.63828125 0.4578125 0.009375 0.01875
4 0.68984375 0.46484375 0.0078125 0.015625
4 0.86953125 0.5 0.0109375 0.0109375
4 0.2625 0.42734375 0.0109375 0.009375
4 0.33359375 0.440625 0.0078125 0.00625
4 0.3609375 0.43125 0.009375 0.009375