2 0.3234375 0.521875 0.1328125 0.03125
2 0.72421875 0.4375 0.078125 0.028125
2 0.20546875 0.44453125 0.0921875 0.1484375
2 0.3765625 0.4734375 0.0765625 0.0421875
2 0.61953125 0.60546875 0.390625 0.115625
2 0.459375 0.47578125 0.05 0.025
2 0.58359375 0.45546875 0.0703125 0.03125
2 0.64921875 0.45625 0.0828125 0.034375
2 0.33359375 0.475 0.0515625 0.0359375
2 0.525 0.425 0.0640625 0.0828125
2 0.81484375 0.43359375 0.0171875 0.00625
2 0.540625 0.49921875 0.15625 0.046875
2 0.40703125 0.57109375 0.26875 0.078125
2 0.0421875 0.55078125 0.0796875 0.025
2 0.9265625 0.415625 0.078125 0.028125
2 0.11484375 0.45390625 0.0921875 0.1484375
2 0.934375 0.5703125 0.13125 0.090625
2 0.97890625 0.4203125 0.034375 0.0296875
2 0.01015625 0.50859375 0.0203125 0.0328125
2 0.83671875 0.43125 0.0171875 0.00625
2 0.0421875 0.609375 0.071875 0.05625