2 0.36328125 0.571875 0.2640625 0.115625
4 0.2328125 0.59296875 0.0125 0.028125
4 0.2234375 0.59453125 0.015625 0.03125
4 0.27421875 0.5765625 0.009375 0.01875
4 0.25703125 0.58125 0.0140625 0.0140625
4 0.24609375 0.58125 0.009375 0.0140625
4 0.2 0.59921875 0.015625 0.028125
4 0.18203125 0.60546875 0.015625 0.0234375
4 0.52734375 0.521875 0.0203125 0.0296875
4 0.16328125 0.60703125 0.0125 0.0234375
4 0.1640625 0.60078125 0.0125 0.0125
4 0.2390625 0.5859375 0.0078125 0.015625
4 0.26640625 0.57890625 0.009375 0.0140625
4 0.28359375 0.5765625 0.0109375 0.0234375