2 0.49296875 0.5109375 0.0734375 0.0453125
2 0.571875 0.51015625 0.071875 0.0515625
2 0.65859375 0.49765625 0.0609375 0.040625
2 0.7109375 0.49375 0.06875 0.04375
2 0.815625 0.48828125 0.1171875 0.053125
2 0.13125 0.7484375 0.1890625 0.090625
2 0.1875 0.76640625 0.2921875 0.125
2 0.915625 0.53828125 0.16875 0.0828125
2 0.89765625 0.6484375 0.2046875 0.128125
2 0.24296875 0.78359375 0.3734375 0.1375
2 0.62265625 0.5015625 0.0546875 0.046875
2 0.9296875 0.59140625 0.140625 0.0984375
2 0.83671875 0.6828125 0.24375 0.096875
2 0.2484375 0.55546875 0.1046875 0.053125
2 0.365625 0.54375 0.08125 0.040625
2 0.071875 0.6328125 0.1171875 0.0703125
2 0.08515625 0.6671875 0.125 0.05
2 0.79765625 0.94609375 0.065625 0.0234375
2 0.89921875 0.91953125 0.1171875 0.0453125
2 0.16796875 0.93828125 0.1890625 0.090625
2 0.21328125 0.90078125 0.2921875 0.125
2 0.94453125 0.83671875 0.1109375 0.0828125
2 0.90625 0.734375 0.1875 0.128125
2 0.25859375 0.86328125 0.3734375 0.1375
2 0.94765625 0.77890625 0.1046875 0.0984375
2 0.846875 0.73515625 0.24375 0.096875