4 0.865625 0.325 0.0765625 0.0796875
4 0.909375 0.315625 0.0578125 0.0703125
4 0.87109375 0.23828125 0.025 0.0828125
4 0.084375 0.284375 0.0171875 0.0640625
4 0.05 0.29375 0.0359375 0.0546875
4 0.30703125 0.2578125 0.015625 0.025
4 0.375 0.27265625 0.0171875 0.01875
4 0.23359375 0.2515625 0.009375 0.015625
4 0.1671875 0.28203125 0.0328125 0.021875
4 0.95234375 0.253125 0.0265625 0.0375
4 0.17421875 0.2640625 0.0078125 0.028125
4 0.859375 0.225 0.0125 0.0546875
2 0.0875 0.43125 0.175 0.140625
4 0.86171875 0.0125 0.0234375 0.025
4 0.29765625 0.0125 0.0140625 0.0109375
4 0.225 0.0171875 0.009375 0.015625
4 0.165625 0.0171875 0.00625 0.0109375
4 0.85 0.01328125 0.0125 0.0265625