2 0.2234375 0.6375 0.175 0.228125
2 0.065625 0.5765625 0.13125 0.19375
2 0.5859375 0.60625 0.1890625 0.153125
2 0.42109375 0.58046875 0.1734375 0.1765625
2 0.85234375 0.54453125 0.1625 0.1421875
2 0.68203125 0.35 0.6359375 0.4125
2 0.68359375 0.571875 0.2078125 0.1484375
2 0.0421875 0.31640625 0.034375 0.0296875
3 0.0359375 0.33359375 0.0109375 0.009375
3 0.0765625 0.32734375 0.0078125 0.0078125
3 0.09140625 0.334375 0.0078125 0.009375
3 0.1125 0.3421875 0.009375 0.0078125
3 0.1265625 0.40859375 0.0140625 0.0109375
3 0.10625 0.4203125 0.015625 0.0125
3 0.06015625 0.43515625 0.01875 0.015625
3 0.01953125 0.43203125 0.021875 0.01875
3 0.028125 0.3796875 0.0140625 0.0140625
3 0.21015625 0.49296875 0.01875 0.0140625
3 0.4875 0.5328125 0.0171875 0.0125
3 0.3546875 0.51015625 0.01875 0.0125
3 0.76015625 0.54609375 0.0140625 0.0109375
2 0.175 0.8828125 0.1609375 0.15
2 0.03359375 0.86796875 0.0671875 0.1078125
2 0.709375 0.13359375 0.58125 0.2671875