2 0.1734375 0.584375 0.103125 0.075
4 0.5921875 0.590625 0.0078125 0.028125
4 0.1875 0.58125 0.0109375 0.009375
4 0.5515625 0.590625 0.0109375 0.0265625
4 0.5796875 0.5890625 0.0109375 0.028125
4 0.9375 0.5640625 0.009375 0.0328125
4 0.93125 0.5671875 0.0046875 0.0265625
4 0.1625 0.5765625 0.0125 0.0234375
2 0.1734375 0.0109375 0.103125 0.021875
2 0.1734375 0.84375 0.103125 0.075
4 0.5921875 0.8375 0.0078125 0.028125
4 0.1875 0.846875 0.0109375 0.009375
4 0.5515625 0.8375 0.0109375 0.0265625
4 0.5796875 0.8390625 0.0109375 0.028125
4 0.9375 0.01015625 0.009375 0.0203125
4 0.9375 0.8640625 0.009375 0.0328125
4 0.93046875 0.00703125 0.0046875 0.0140625
4 0.93125 0.8609375 0.0046875 0.0265625
4 0.1625 0.8515625 0.0125 0.0234375