2 0.315625 0.5953125 0.0703125 0.0640625
2 0.1546875 0.6125 0.0421875 0.0140625
4 0.4734375 0.70625 0.0578125 0.125
4 0.303125 0.6375 0.0203125 0.0484375
4 0.896875 0.6578125 0.090625 0.1171875
4 0.7765625 0.671875 0.0328125 0.1296875
4 0.29375 0.765625 0.0875 0.18125
4 0.0671875 0.7015625 0.0421875 0.125
4 0.2015625 0.6546875 0.034375 0.0671875
4 0.3953125 0.7140625 0.05 0.1546875
4 0.49375 0.6578125 0.028125 0.0875
4 0.51875 0.65625 0.040625 0.0921875
4 0.3515625 0.6953125 0.0421875 0.1375
2 0.178125 0.5609375 0.028125 0.0078125
2 0.4578125 0.5703125 0.0765625 0.028125
2 0.44375 0.6 0.165625 0.025
2 0.415625 0.5671875 0.0546875 0.0265625
2 0.1109375 0.553125 0.0203125 0.0046875
2 0.353125 0.571875 0.01875 0.003125
2 0.203125 0.5484375 0.0109375 0.0046875
2 0.146875 0.5546875 0.015625 0.009375
2 0.2421875 0.5421875 0.009375 0.0046875
2 0.25 0.553125 0.0140625 0.0109375
4 0.846875 0.63125 0.05625 0.146875
4 0.659375 0.66875 0.06875 0.175
4 0.47265625 0.971875 0.0578125 0.05625
4 0.29375 0.928125 0.0875 0.14375
4 0.06640625 0.97421875 0.0421875 0.0515625
4 0.3953125 0.96015625 0.05 0.0796875
4 0.35078125 0.97421875 0.0421875 0.0515625
4 0.659375 0.978125 0.06875 0.04375