2 0.49453125 0.56328125 0.9890625 0.3078125
4 0.13203125 0.4265625 0.1203125 0.1140625
4 0.284375 0.47890625 0.08125 0.0953125
4 0.77890625 0.5734375 0.1 0.096875
4 0.82734375 0.5671875 0.0984375 0.1171875
2 0.54453125 0.0921875 0.9109375 0.184375
2 0.4671875 0.83984375 0.934375 0.3078125
4 0.21015625 0.040625 0.1203125 0.08125
4 0.05625 0.83515625 0.1125 0.1140625
4 0.3703125 0.040625 0.08125 0.08125
4 0.21328125 0.84375 0.08125 0.0953125
4 0.86484375 0.13125 0.1 0.096875
4 0.70703125 0.94140625 0.1 0.096875
4 0.9078125 0.15546875 0.0984375 0.1171875
4 0.74921875 0.953125 0.0984375 0.09375