4 0.678125 0.3859375 0.0234375 0.0546875
4 0.6515625 0.38828125 0.01875 0.0578125
4 0.91015625 0.34765625 0.0140625 0.021875
4 0.89140625 0.3484375 0.028125 0.0234375
2 0.73203125 0.31953125 0.028125 0.0109375
2 0.50546875 0.33203125 0.0171875 0.0125
2 0.790625 0.30859375 0.00625 0.0046875
2 0.85 0.303125 0.0078125 0.0046875
2 0.8859375 0.3015625 0.00625 0.003125
2 0.20390625 0.35625 0.0125 0.00625
4 0.86171875 0.36796875 0.034375 0.0203125
2 0.9609375 0.296875 0.0203125 0.0125
2 0.14296875 0.36171875 0.0109375 0.0046875
4 0.59921875 0.3953125 0.0171875 0.025
4 0.88203125 0.36640625 0.0109375 0.0125
4 0.85703125 0.3640625 0.0484375 0.028125
2 0.4765625 0.0015625 0.015625 0.003125
2 0.175 0.02734375 0.0125 0.003125
2 0.11328125 0.0328125 0.0109375 0.003125