2 0.5703125 0.7890625 0.059375 0.0265625
2 0.17734375 0.76796875 0.0328125 0.0484375
2 0.40078125 0.728125 0.0640625 0.034375
2 0.53671875 0.70625 0.05 0.01875
2 0.6203125 0.71328125 0.040625 0.015625
2 0.80234375 0.68203125 0.0359375 0.0125
2 0.86015625 0.675 0.0421875 0.0171875
2 0.92421875 0.684375 0.05625 0.0203125
2 0.96171875 0.65703125 0.0390625 0.015625
2 0.80390625 0.6953125 0.05 0.015625
2 0.53125 0.7578125 0.075 0.0328125
2 0.1015625 0.77890625 0.040625 0.009375
2 0.74609375 0.66953125 0.0234375 0.0078125
2 0.57890625 0.86328125 0.059375 0.0265625
2 0.20234375 0.97734375 0.0328125 0.0453125
2 0.4296875 0.96328125 0.0640625 0.034375
2 0.56640625 0.9515625 0.05 0.01875
2 0.646875 0.92421875 0.040625 0.015625
2 0.83046875 0.9109375 0.0359375 0.0125
2 0.88828125 0.90390625 0.0421875 0.0171875
2 0.94765625 0.8796875 0.05625 0.0203125
2 0.98515625 0.8953125 0.0296875 0.015625
2 0.82890625 0.896875 0.05 0.015625
2 0.54921875 0.903125 0.075 0.0328125
2 0.1265625 0.98671875 0.040625 0.009375
2 0.77890625 0.93671875 0.0234375 0.0078125