4 0.3546875 0.46796875 0.4453125 0.6546875
4 0.36484375 0.39375 0.0375 0.0515625
4 0.05625 0.346875 0.0953125 0.0375
4 0.0515625 0.28203125 0.0453125 0.0421875
2 0.525 0.18203125 0.015625 0.0296875
4 0.6 0.325 0.0234375 0.0515625
4 0.1421875 0.378125 0.0984375 0.05625
4 0.05703125 0.3828125 0.0875 0.0390625
2 0.503125 0.18359375 0.0125 0.0265625
2 0.9375 0.196875 0.0234375 0.0375
2 0.6640625 0.1875 0.028125 0.03125
2 0.4703125 0.18125 0.0125 0.03125
2 0.196875 0.178125 0.0171875 0.03125
2 0.0734375 0.17265625 0.0109375 0.021875
2 0.8703125 0.19375 0.0125 0.0328125
2 0.70078125 0.20078125 0.015625 0.0125
2 0.2890625 0.1765625 0.015625 0.0328125
2 0.53671875 0.01015625 0.015625 0.01875
2 0.51484375 0.00625 0.0125 0.0125
2 0.94765625 0.04765625 0.0234375 0.0359375
2 0.675 0.021875 0.028125 0.0234375
2 0.48125 0.00625 0.0125 0.0125
2 0.88046875 0.04140625 0.0125 0.03125