2 0.61328125 0.62265625 0.146875 0.0953125
4 0.66875 0.53125 0.0703125 0.1
4 0.9359375 0.56796875 0.0109375 0.0296875
4 0.9765625 0.559375 0.009375 0.0125
4 0.98828125 0.5609375 0.0078125 0.009375
4 0.96640625 0.5609375 0.0125 0.0203125
4 0.9515625 0.56875 0.0171875 0.0265625
4 0.91875 0.571875 0.009375 0.009375
4 0.996875 0.5546875 0.00625 0.0125
4 0.7703125 0.6515625 0.0546875 0.0625
4 0.971875 0.55546875 0.0078125 0.0125
4 0.99296875 0.56015625 0.0125 0.0203125
4 0.9453125 0.56015625 0.00625 0.0109375
4 0.8109375 0.9359375 0.053125 0.05625