2 0.23046875 0.528125 0.1484375 0.065625
2 0.67109375 0.678125 0.3390625 0.140625
2 0.91953125 0.709375 0.0421875 0.0234375
4 0.79765625 0.66953125 0.0578125 0.0734375
4 0.53671875 0.60390625 0.03125 0.03125
4 0.21875 0.5171875 0.0078125 0.009375
4 0.290625 0.525 0.03125 0.0421875
4 0.70859375 0.684375 0.040625 0.0453125
4 0.56640625 0.56796875 0.0125 0.0203125
4 0.92578125 0.703125 0.03125 0.01875
4 0.1953125 0.5140625 0.01875 0.0265625
4 0.6421875 0.58828125 0.0171875 0.0265625
4 0.753125 0.68515625 0.0296875 0.0359375
4 0.6859375 0.671875 0.0296875 0.040625
4 0.60546875 0.65859375 0.04375 0.05
4 0.6578125 0.66640625 0.040625 0.05