2 0.7203125 0.55234375 0.4046875 0.1984375
2 0.4328125 0.7296875 0.803125 0.36875
2 0.146875 0.6734375 0.2375 0.121875
2 0.65078125 0.4578125 0.059375 0.0484375
2 0.43125 0.51484375 0.1359375 0.071875
4 0.54765625 0.7203125 0.053125 0.0859375
4 0.48828125 0.76796875 0.0515625 0.0625
4 0.69765625 0.665625 0.0671875 0.0734375
4 0.884375 0.71484375 0.0625 0.0953125
4 0.91875 0.6890625 0.0546875 0.071875
4 0.92578125 0.72421875 0.0421875 0.0671875
4 0.95234375 0.7078125 0.0484375 0.0875
4 0.18359375 0.8640625 0.071875 0.0625
2 0.5359375 0.4625 0.015625 0.0125
2 0.57265625 0.44921875 0.0078125 0.00625
2 0.5953125 0.45 0.06875 0.0203125
4 0.25078125 0.76640625 0.0578125 0.1109375
4 0.1765625 0.74609375 0.021875 0.034375
4 0.2 0.7765625 0.040625 0.0984375
4 0.22109375 0.7671875 0.0484375 0.08125
2 0.465625 0.4859375 0.0234375 0.01875
4 0.32421875 0.74296875 0.05 0.096875
2 0.471875 0.890625 0.790625 0.21875
4 0.5890625 0.93125 0.053125 0.0859375
4 0.515625 0.909375 0.0515625 0.0625
4 0.7484375 0.92578125 0.0671875 0.0734375
4 0.90234375 0.81015625 0.0625 0.0953125
4 0.94453125 0.82109375 0.0546875 0.071875
4 0.9375 0.7859375 0.0421875 0.0671875
4 0.96875 0.790625 0.0484375 0.0875
4 0.19765625 0.934375 0.071875 0.0625
4 0.2953125 0.971875 0.05625 0.05625
4 0.2453125 0.9796875 0.040625 0.040625
4 0.26796875 0.984375 0.0484375 0.03125
4 0.37109375 0.97265625 0.0484375 0.0546875