4 0.47265625 0.58984375 0.0859375 0.159375
4 0.73125 0.59296875 0.0421875 0.06875
4 0.265625 0.59453125 0.1453125 0.096875
4 0.41328125 0.628125 0.059375 0.0515625
4 0.41640625 0.603125 0.071875 0.05
4 0.79296875 0.534375 0.0203125 0.0328125
4 0.8203125 0.53984375 0.015625 0.03125
4 0.77421875 0.51015625 0.009375 0.0109375
4 0.353125 0.6046875 0.0421875 0.0390625
4 0.71640625 0.49765625 0.015625 0.028125
2 0.59609375 0.52109375 0.0421875 0.0265625
2 0.3328125 0.3375 0.0140625 0.01875
4 0.37578125 0.6234375 0.0484375 0.0609375
4 0.90078125 0.63515625 0.0421875 0.06875
4 0.0421875 0.53359375 0.084375 0.0890625
4 0.87421875 0.5546875 0.0203125 0.0328125
4 0.84765625 0.54609375 0.015625 0.03125
4 0.9015625 0.5421875 0.009375 0.0109375
4 0.95859375 0.5578125 0.015625 0.028125
2 0.075 0.2734375 0.0140625 0.01875