4 0.740625 0.5203125 0.2921875 0.5671875
4 0.22109375 0.5796875 0.3890625 0.578125
4 0.796875 0.27265625 0.028125 0.03125
4 0.63671875 0.2890625 0.0125 0.021875
2 0.82890625 0.146875 0.225 0.10625
2 0.14375 0.33984375 0.14375 0.034375
4 0.37734375 0.30703125 0.0125 0.0203125
4 0.2640625 0.315625 0.009375 0.028125
4 0.40078125 0.315625 0.021875 0.0359375
2 0.53984375 0.20546875 0.159375 0.053125
4 0.66171875 0.29140625 0.0078125 0.0125
4 0.659375 0.178125 0.01875 0.0328125
4 0.415625 0.3078125 0.009375 0.0125
4 0.76171875 0.16171875 0.4078125 0.096875
2 0.81875 0.05 0.225 0.1
2 0.5234375 0.05 0.159375 0.053125
4 0.64609375 0.05078125 0.01875 0.0328125
4 0.74921875 0.046875 0.4078125 0.09375