4 0.53359375 0.52890625 0.0203125 0.0234375
4 0.7859375 0.53515625 0.0265625 0.0390625
4 0.853125 0.421875 0.01875 0.0328125
4 0.865625 0.44140625 0.0171875 0.01875
4 0.834375 0.440625 0.0046875 0.0109375
4 0.321875 0.4140625 0.0125 0.0171875
4 0.890625 0.37734375 0.0171875 0.0234375
4 0.9125 0.37734375 0.01875 0.0203125
4 0.303125 0.41796875 0.028125 0.0203125
2 0.67734375 0.59375 0.23125 0.08125
2 0.41640625 0.534375 0.321875 0.1015625
2 0.78203125 0.3875 0.1 0.03125
2 0.3015625 0.41796875 0.2203125 0.1359375
2 0.37578125 0.49140625 0.0484375 0.0390625
2 0.15078125 0.46015625 0.2375 0.13125
2 0.0578125 0.53515625 0.115625 0.0703125
2 0.88671875 0.40390625 0.225 0.1546875
2 0.1828125 0.534375 0.1421875 0.034375
2 0.3203125 0.4890625 0.071875 0.0640625
4 0.20859375 0.453125 0.0296875 0.0328125
2 0.721875 0.4703125 0.2328125 0.13125
4 0.2921875 0.44375 0.0125 0.025
2 0.5109375 0.2515625 0.1046875 0.0375
4 0.7578125 0.53671875 0.0296875 0.04375
4 0.0984375 0.4890625 0.0203125 0.0265625
3 0.73046875 0.6546875 0.0484375 0.040625
2 0.35078125 0.27421875 0.140625 0.046875
2 0.1328125 0.2875 0.05625 0.0328125
2 0.59140625 0.22109375 0.0640625 0.0359375
2 0.76640625 0.18671875 0.0484375 0.040625
3 0.1484375 0.51015625 0.01875 0.0171875
3 0.24453125 0.52578125 0.0171875 0.0171875
3 0.21015625 0.521875 0.0171875 0.0125
2 0.38046875 0.20625 0.04375 0.021875
2 0.05078125 0.27734375 0.1015625 0.0453125
2 0.1765625 0.240625 0.078125 0.0359375
2 0.2984375 0.22109375 0.04375 0.040625
2 0.25390625 0.22421875 0.046875 0.0390625
2 0.21484375 0.23515625 0.0328125 0.0203125
2 0.45390625 0.22265625 0.053125 0.021875
2 0.45859375 0.18203125 0.0703125 0.021875
2 0.7078125 0.1734375 0.046875 0.034375
2 0.60703125 0.17109375 0.0515625 0.028125
2 0.55703125 0.175 0.0390625 0.0296875
2 0.959375 0.1734375 0.0375 0.0296875
2 0.91875 0.1484375 0.0359375 0.025
2 0.14921875 0.209375 0.034375 0.0203125
2 0.49921875 0.08046875 0.1046875 0.0375
3 0.7515625 0.971875 0.046875 0.0265625
2 0.3375 0.08046875 0.140625 0.046875
2 0.11953125 0.09765625 0.05625 0.0328125
2 0.5828125 0.09921875 0.0640625 0.0359375
2 0.7609375 0.10859375 0.0484375 0.040625
2 0.3765625 0.14375 0.04375 0.021875
2 0.0453125 0.11796875 0.090625 0.0453125
2 0.16953125 0.1375 0.078125 0.0359375
2 0.29296875 0.13984375 0.04375 0.040625
2 0.24765625 0.14296875 0.046875 0.0390625
2 0.20859375 0.13828125 0.0328125 0.0203125
2 0.446875 0.1171875 0.053125 0.021875
2 0.45703125 0.15703125 0.0703125 0.021875
2 0.7046875 0.13046875 0.046875 0.034375
2 0.60546875 0.14609375 0.0515625 0.028125
2 0.55546875 0.15 0.0390625 0.0296875
2 0.95390625 0.0953125 0.0375 0.0296875
2 0.9171875 0.1265625 0.0359375 0.025
2 0.146875 0.17265625 0.034375 0.0203125