4 0.46953125 0.68046875 0.084375 0.153125
4 0.42265625 0.68203125 0.075 0.1359375
4 0.38515625 0.66953125 0.028125 0.053125
4 0.21796875 0.61171875 0.0546875 0.1046875
4 0.16171875 0.59765625 0.0328125 0.0546875
4 0.12421875 0.59140625 0.0375 0.0578125
4 0.70234375 0.72265625 0.0140625 0.025
4 0.73359375 0.72578125 0.025 0.0359375
4 0.26796875 0.61796875 0.028125 0.0515625
4 0.79609375 0.73984375 0.025 0.034375
4 0.8703125 0.7453125 0.040625 0.0671875
2 0.27265625 0.53515625 0.015625 0.0125
4 0.54921875 0.6890625 0.015625 0.0171875
4 0.33828125 0.62421875 0.0359375 0.059375