2 0.58359375 0.4375 0.7359375 0.36875
4 0.52734375 0.3109375 0.0625 0.1078125
4 0.10390625 0.22734375 0.084375 0.1484375
4 0.63671875 0.30703125 0.0421875 0.040625
4 0.7734375 0.34921875 0.053125 0.1
4 0.7359375 0.3375 0.0578125 0.084375
4 0.8328125 0.3234375 0.0203125 0.0171875
4 0.13515625 0.2390625 0.0546875 0.121875
4 0.33203125 0.28203125 0.0375 0.0578125
4 0.6609375 0.30703125 0.028125 0.0375
4 0.5828125 0.04609375 0.0578125 0.0859375
4 0.684375 0.08359375 0.0421875 0.040625
4 0.82578125 0.10390625 0.0515625 0.09375
4 0.78671875 0.09609375 0.0578125 0.084375
4 0.8703125 0.14921875 0.0203125 0.0171875
4 0.39375 0.00546875 0.034375 0.0109375
4 0.70625 0.09375 0.028125 0.0375