4 0.921875 0.7578125 0.01875 0.025
4 0.8578125 0.765625 0.01875 0.03125
4 0.909375 0.75625 0.009375 0.0171875
4 0.8953125 0.765625 0.0171875 0.0328125
2 0.5609375 0.8546875 0.2625 0.0375
4 0.946875 0.7578125 0.0171875 0.0296875
4 0.9734375 0.746875 0.03125 0.046875
4 0.765625 0.771875 0.0171875 0.015625
4 0.7265625 0.7828125 0.015625 0.025
4 0.990625 0.740625 0.0171875 0.04375
4 0.7921875 0.7765625 0.0171875 0.0359375
4 0.8375 0.7671875 0.015625 0.025
4 0.821875 0.76875 0.0046875 0.0109375
4 0.921875 0.98984375 0.01875 0.0203125
4 0.8578125 0.984375 0.01875 0.03125
4 0.909375 0.9921875 0.009375 0.015625
4 0.89453125 0.98359375 0.0171875 0.0328125
2 0.5609375 0.8953125 0.2625 0.0375
4 0.94609375 0.98828125 0.0171875 0.0234375
4 0.9734375 0.98984375 0.03125 0.0203125
4 0.765625 0.978125 0.0171875 0.015625
4 0.7265625 0.9671875 0.015625 0.025
4 0.98984375 0.99375 0.0171875 0.0125
4 0.7921875 0.9734375 0.0171875 0.0359375
4 0.8375 0.9828125 0.015625 0.025
4 0.821875 0.98125 0.0046875 0.0109375