2 0.2546875 0.6875 0.1390625 0.2046875
2 0.0703125 0.6625 0.140625 0.1703125
2 0.6046875 0.5875 0.16875 0.1234375
2 0.4375 0.59375 0.146875 0.1515625
2 0.8546875 0.4765625 0.1421875 0.1171875
2 0.6765625 0.3125 0.6453125 0.2953125
2 0.69375 0.5359375 0.1890625 0.1140625
2 0.015625 0.40703125 0.03125 0.0234375
3 0.0125 0.425 0.009375 0.0078125
3 0.0515625 0.4109375 0.00625 0.00625
3 0.0671875 0.415625 0.00625 0.0078125
3 0.0890625 0.41875 0.0078125 0.00625
3 0.115625 0.48125 0.0125 0.009375
3 0.0984375 0.496875 0.0140625 0.009375
3 0.05625 0.5203125 0.0171875 0.0125
3 0.015625 0.525 0.01875 0.015625
3 0.0140625 0.471875 0.0125 0.0125
3 0.2140625 0.5484375 0.0171875 0.0109375
3 0.49375 0.534375 0.015625 0.009375
3 0.359375 0.5375 0.0171875 0.009375
3 0.7640625 0.4953125 0.0125 0.009375
2 0.25390625 0.9375 0.1390625 0.125
2 0.0703125 0.95859375 0.140625 0.0828125
2 0.67578125 0.0828125 0.6453125 0.165625