4 0.23203125 0.43828125 0.4328125 0.60625
4 0.6578125 0.4875 0.35625 0.5171875
2 0.17265625 0.43203125 0.3453125 0.6671875
2 0.66640625 0.54375 0.6671875 0.78125
2 0.31328125 0.33125 0.0921875 0.10625
4 0.41953125 0.4109375 0.2640625 0.2359375
4 0.68515625 0.69296875 0.38125 0.4421875
4 0.94453125 0.64296875 0.0828125 0.0875
4 0.14453125 0.86328125 0.2890625 0.1859375
4 0.75234375 0.10703125 0.2703125 0.1734375
2 0.09765625 0.81484375 0.1953125 0.2265625
2 0.74609375 0.14765625 0.5078125 0.2953125
2 0.59609375 0.9046875 0.6109375 0.190625
4 0.61796875 0.9203125 0.3296875 0.159375