2 0.2875 0.66875 0.3265625 0.1671875
2 0.8359375 0.6984375 0.303125 0.2546875
2 0.5859375 0.5515625 0.159375 0.03125
4 0.2875 0.659375 0.0484375 0.0578125
4 0.3046875 0.6546875 0.040625 0.0546875
4 0.2109375 0.6671875 0.03125 0.0671875
4 0.340625 0.64375 0.0359375 0.0484375
4 0.3625 0.6171875 0.0203125 0.0234375
4 0.375 0.6296875 0.025 0.0453125
4 0.390625 0.6109375 0.0171875 0.034375
4 0.403125 0.6171875 0.0296875 0.0453125
4 0.9234375 0.5078125 0.0203125 0.0359375
4 0.325 0.6359375 0.0234375 0.04375
2 0.803125 0.5546875 0.0375 0.028125
4 0.5765625 0.546875 0.0078125 0.0125
4 0.5734375 0.5515625 0.0125 0.0125
2 0.6046875 0.503125 0.025 0.0109375
2 0.6296875 0.496875 0.0140625 0.0046875
2 0.7640625 0.5 0.0140625 0.0078125
2 0.64375 0.4921875 0.0140625 0.009375
2 0.7546875 0.4890625 0.0125 0.0109375
2 0.6703125 0.4859375 0.0109375 0.00625
2 0.6921875 0.4828125 0.009375 0.009375
4 0.609375 0.5359375 0.009375 0.0140625
2 0.28671875 0.9578125 0.3265625 0.084375
2 0.8359375 0.92109375 0.303125 0.1578125
4 0.28671875 0.98984375 0.0484375 0.0203125
4 0.3046875 0.99296875 0.040625 0.0140625
4 0.2109375 0.98359375 0.03125 0.0328125