2 0.15546875 0.42890625 0.0609375 0.059375
2 0.33828125 0.465625 0.1125 0.0359375
2 0.43671875 0.47109375 0.065625 0.0390625
2 0.20234375 0.4328125 0.0359375 0.0421875
4 0.76484375 0.58125 0.0421875 0.06875
4 0.721875 0.528125 0.0125 0.0125
2 0.19765625 0.02578125 0.0609375 0.0515625
2 0.10078125 0.95234375 0.0578125 0.0234375
2 0.38515625 0.02421875 0.1125 0.0359375
2 0.28515625 0.9703125 0.1125 0.03125
2 0.4828125 0.0390625 0.065625 0.0390625
2 0.38359375 0.98046875 0.0640625 0.0265625
2 0.24453125 0.02890625 0.0359375 0.0421875
2 0.146875 0.9609375 0.0328125 0.0125
4 0.7265625 0.94765625 0.0421875 0.06875
4 0.77265625 0.04296875 0.0125 0.0125
4 0.6734375 0.99140625 0.0125 0.0125