2 0.49453125 0.7109375 0.0828125 0.075
2 0.2234375 0.753125 0.078125 0.075
2 0.73203125 0.67109375 0.0984375 0.078125
4 0.73203125 0.66953125 0.0234375 0.0203125
4 0.2109375 0.74296875 0.0171875 0.0296875
4 0.48046875 0.7203125 0.015625 0.015625
4 0.4875 0.70234375 0.0203125 0.0296875
4 0.7140625 0.675 0.021875 0.025
2 0.5296875 0.9578125 0.0828125 0.075
2 0.25625 0.9765625 0.078125 0.046875
2 0.76875 0.93046875 0.0984375 0.078125
4 0.76875 0.93203125 0.0234375 0.0203125
4 0.24765625 0.9953125 0.0171875 0.009375
4 0.51328125 0.95234375 0.015625 0.015625
4 0.525 0.96796875 0.0203125 0.0296875
4 0.75 0.93203125 0.021875 0.025