2 0.2421875 0.59296875 0.103125 0.05625
2 0.3890625 0.53359375 0.075 0.0984375
2 0.440625 0.521875 0.08125 0.1015625
2 0.49296875 0.52421875 0.0578125 0.0625
2 0.56328125 0.5796875 0.065625 0.0625
2 0.1375 0.609375 0.084375 0.0546875
2 0.3109375 0.5640625 0.0515625 0.0515625
2 0.35 0.56015625 0.0453125 0.05
2 0.51953125 0.52890625 0.0234375 0.0296875
2 0.52578125 0.50859375 0.0578125 0.0484375
2 0.08203125 0.621875 0.078125 0.0375
2 0.2890625 0.56015625 0.05625 0.0453125
2 0.19609375 0.60234375 0.053125 0.0390625
2 0.62265625 0.490625 0.0625 0.0484375
2 0.1265625 0.090625 0.1015625 0.0546875
2 0.32890625 0.96796875 0.103125 0.05625
2 0.284375 0.08046875 0.0734375 0.096875
2 0.4859375 0.95390625 0.075 0.0921875
2 0.3359375 0.06875 0.0796875 0.0984375
2 0.53828125 0.94453125 0.08125 0.1015625
2 0.38203125 0.04296875 0.0578125 0.0625
2 0.584375 0.9203125 0.0578125 0.0625
2 0.6234375 0.8390625 0.065625 0.0625
2 0.03359375 0.12109375 0.0671875 0.0546875
2 0.2265625 0.9859375 0.084375 0.028125
2 0.20078125 0.08671875 0.0515625 0.0515625
2 0.403125 0.96328125 0.0515625 0.0515625
2 0.2375 0.07265625 0.0453125 0.05
2 0.440625 0.95 0.0453125 0.05
2 0.40390625 0.0265625 0.0234375 0.0296875
2 0.60625 0.90390625 0.0234375 0.0296875
2 0.41875 0.0421875 0.0578125 0.0484375
2 0.62109375 0.91953125 0.0578125 0.0484375
2 0.171875 0.99609375 0.078125 0.0078125
2 0.1828125 0.1 0.05625 0.0453125
2 0.3859375 0.97734375 0.05625 0.0453125
2 0.08125 0.103125 0.053125 0.0390625
2 0.28359375 0.9796875 0.053125 0.0390625
2 0.5125 0.01953125 0.0625 0.0390625
2 0.715625 0.89296875 0.0625 0.0484375