2 0.5609375 0.55 0.7046875 0.071875
4 0.3296875 0.45625 0.134375 0.184375
4 0.4328125 0.4859375 0.08125 0.115625
4 0.4875 0.5015625 0.053125 0.0890625
4 0.7390625 0.484375 0.0734375 0.109375
4 0.4015625 0.49375 0.046875 0.0859375
4 0.5828125 0.5015625 0.05625 0.0890625
4 0.80625 0.48125 0.0515625 0.1078125
4 0.8265625 0.4421875 0.08125 0.184375
4 0.5375 0.5015625 0.0375 0.096875
4 0.6265625 0.5 0.05 0.0875
4 0.6671875 0.5015625 0.05 0.0890625
4 0.6984375 0.4953125 0.040625 0.0765625
4 0.559375 0.496875 0.0203125 0.059375
2 0.5609375 0.059375 0.7046875 0.071875
2 0.5609375 0.840625 0.7046875 0.071875
4 0.3296875 0.153125 0.134375 0.184375
4 0.3296875 0.92109375 0.134375 0.1578125
4 0.4328125 0.1234375 0.08125 0.115625
4 0.4328125 0.9046875 0.08125 0.115625
4 0.4875 0.1078125 0.053125 0.0890625
4 0.4875 0.8890625 0.053125 0.0890625
4 0.7390625 0.125 0.0734375 0.109375
4 0.7390625 0.90625 0.0734375 0.109375
4 0.4015625 0.115625 0.046875 0.0859375
4 0.4015625 0.896875 0.046875 0.0859375
4 0.5828125 0.1078125 0.05625 0.0890625
4 0.5828125 0.8890625 0.05625 0.0890625
4 0.80625 0.128125 0.0515625 0.1078125
4 0.80625 0.909375 0.0515625 0.1078125
4 0.8265625 0.1671875 0.08125 0.184375
4 0.8265625 0.928125 0.08125 0.14375
4 0.5375 0.1078125 0.0375 0.096875
4 0.5375 0.8890625 0.0375 0.096875
4 0.6265625 0.109375 0.05 0.0875
4 0.6265625 0.890625 0.05 0.0875
4 0.6671875 0.1078125 0.05 0.0890625
4 0.6671875 0.8890625 0.05 0.0890625
4 0.6984375 0.1140625 0.040625 0.0765625
4 0.6984375 0.8953125 0.040625 0.0765625
4 0.559375 0.1125 0.0203125 0.059375
4 0.559375 0.89375 0.0203125 0.059375