4 0.51328125 0.61484375 0.1390625 0.3796875
4 0.63046875 0.6671875 0.209375 0.253125
4 0.69296875 0.5390625 0.0390625 0.0578125
4 0.30703125 0.61015625 0.06875 0.1046875
4 0.93046875 0.496875 0.0359375 0.0578125
4 0.31953125 0.66640625 0.0984375 0.10625
4 0.2734375 0.690625 0.046875 0.1015625
4 0.03828125 0.66796875 0.059375 0.1328125
4 0.85 0.64375 0.065625 0.14375
4 0.95703125 0.57890625 0.0859375 0.1296875
4 0.44765625 0.6734375 0.16875 0.215625
2 0.58046875 0.46015625 0.01875 0.0171875
4 0.12734375 0.66484375 0.071875 0.19375
4 0.6015625 0.55390625 0.025 0.053125
4 0.6609375 0.9625 0.1890625 0.065625