2 0.23046875 0.546875 0.0984375 0.040625
2 0.38515625 0.5140625 0.0609375 0.090625
2 0.43828125 0.5109375 0.0671875 0.0921875
2 0.48828125 0.52265625 0.05 0.05625
2 0.5484375 0.58984375 0.0578125 0.0546875
2 0.1234375 0.54453125 0.0796875 0.0421875
2 0.303125 0.53046875 0.04375 0.0453125
2 0.3421875 0.53359375 0.0390625 0.04375
2 0.5140625 0.53203125 0.01875 0.028125
2 0.52421875 0.5125 0.0515625 0.040625
2 0.0671875 0.54765625 0.0765625 0.025
2 0.28203125 0.52265625 0.0515625 0.0375
2 0.18359375 0.54765625 0.05 0.0328125
2 0.62265625 0.5125 0.05625 0.040625
2 0.203125 0.03203125 0.0984375 0.0390625
2 0.25 0.93046875 0.0984375 0.040625
2 0.3609375 0.05 0.0609375 0.0890625
2 0.4078125 0.94765625 0.0609375 0.090625
2 0.41328125 0.046875 0.0671875 0.0890625
2 0.4609375 0.94453125 0.0671875 0.0921875
2 0.4625 0.0296875 0.05 0.05625
2 0.51015625 0.928125 0.05 0.05625
2 0.5625 0.8546875 0.0578125 0.0546875
2 0.09765625 0.0453125 0.0796875 0.0421875
2 0.14453125 0.94453125 0.0796875 0.0421875
2 0.27734375 0.040625 0.04375 0.0453125
2 0.32421875 0.93984375 0.04375 0.0453125
2 0.315625 0.034375 0.0390625 0.04375
2 0.36328125 0.9328125 0.0390625 0.04375
2 0.4875 0.0171875 0.01875 0.028125
2 0.534375 0.915625 0.01875 0.028125
2 0.49921875 0.03515625 0.0515625 0.040625
2 0.54609375 0.934375 0.0515625 0.040625
2 0.04140625 0.0484375 0.0765625 0.025
2 0.08828125 0.946875 0.0765625 0.025
2 0.2578125 0.05078125 0.0515625 0.0375
2 0.3046875 0.95 0.0515625 0.0375
2 0.15625 0.0359375 0.05 0.0328125
2 0.20390625 0.93515625 0.05 0.0328125
2 0.596875 0.02578125 0.05625 0.040625
2 0.64453125 0.92421875 0.05625 0.040625