2 0.5125 0.43125 0.7359375 0.4421875
2 0.68984375 0.20078125 0.3015625 0.1953125
2 0.2375 0.28984375 0.1 0.065625
2 0.62734375 0.27578125 0.3609375 0.2140625
4 0.6078125 0.63046875 0.2265625 0.36875
4 0.41796875 0.5015625 0.3546875 0.875
2 0.16484375 0.3234375 0.1609375 0.1359375
2 0.71640625 0.25078125 0.1875 0.0734375
2 0.73046875 0.16796875 0.15 0.0984375
2 0.890625 0.16953125 0.146875 0.1703125
2 0.921875 0.22890625 0.10625 0.1734375
2 0.05078125 0.34296875 0.1015625 0.1328125
2 0.91328125 0.21875 0.1015625 0.059375
2 0.8984375 0.140625 0.1109375 0.0921875