2 0.52265625 0.52734375 0.1515625 0.09375
4 0.91328125 0.3875 0.0140625 0.015625
4 0.6078125 0.37421875 0.0078125 0.0109375
4 0.584375 0.3703125 0.0140625 0.0140625
4 0.55625 0.3671875 0.009375 0.009375
4 0.5296875 0.36796875 0.00625 0.0171875
4 0.5015625 0.3640625 0.0109375 0.0171875
4 0.48125 0.36796875 0.0109375 0.0234375
4 0.89453125 0.390625 0.0109375 0.0109375
4 0.6921875 0.375 0.0125 0.0140625
4 0.546875 0.3734375 0.0109375 0.0234375
4 0.5234375 0.37265625 0.0078125 0.01875
4 0.465625 0.359375 0.0046875 0.009375