4 0.375 0.59375 0.1640625 0.2484375
4 0.2421875 0.634375 0.19375 0.2171875
2 0.4296875 0.25 0.165625 0.1140625
2 0.8734375 0.3984375 0.15625 0.0734375
2 0.1375 0.2953125 0.2609375 0.1984375
2 0.7546875 0.2296875 0.115625 0.0390625
4 0.55 0.2125 0.0234375 0.0375
4 0.56875 0.2359375 0.05625 0.0828125
4 0.671875 0.209375 0.0375 0.0328125
4 0.7078125 0.2234375 0.0453125 0.0578125
4 0.6546875 0.2125 0.040625 0.0375
4 0.7921875 0.2171875 0.0484375 0.0546875
4 0.85625 0.371875 0.0703125 0.1203125
2 0.2890625 0.2671875 0.1109375 0.153125
2 0.6296875 0.2484375 0.1609375 0.053125
2 0.3484375 0.7359375 0.459375 0.075
4 0.596875 0.2453125 0.059375 0.071875
4 0.6203125 0.209375 0.01875 0.034375
4 0.6421875 0.215625 0.0203125 0.040625
4 0.6 0.2125 0.0546875 0.04375
4 0.4875 0.2875 0.8828125 0.1953125
3 0.478125 0.2890625 0.0171875 0.03125
3 0.4953125 0.2859375 0.01875 0.034375
4 0.37421875 0.95 0.1640625 0.1
4 0.2421875 0.9375 0.19375 0.125
2 0.4296875 0.13125 0.165625 0.1140625
2 0.8734375 0.009375 0.15625 0.01875
2 0.13671875 0.0921875 0.2609375 0.184375
2 0.7546875 0.1515625 0.115625 0.0390625
4 0.55 0.16875 0.0234375 0.0375
4 0.56875 0.1453125 0.05625 0.0828125
4 0.671875 0.171875 0.0375 0.0328125
4 0.7078125 0.1578125 0.0453125 0.0578125
4 0.6546875 0.16875 0.040625 0.0375
4 0.7921875 0.1640625 0.0484375 0.0546875
4 0.85546875 0.034375 0.0703125 0.06875
2 0.2890625 0.1140625 0.1109375 0.153125
2 0.6296875 0.1328125 0.1609375 0.053125
2 0.3484375 0.8828125 0.459375 0.075
4 0.596875 0.1359375 0.059375 0.071875
4 0.6203125 0.171875 0.01875 0.034375
4 0.6421875 0.165625 0.0203125 0.040625
4 0.6 0.16875 0.0546875 0.04375
4 0.48671875 0.0953125 0.8828125 0.190625
3 0.478125 0.0921875 0.0171875 0.03125
3 0.4953125 0.0953125 0.01875 0.034375