2 0.734375 0.478125 0.303125 0.3953125
2 0.21640625 0.48046875 0.1953125 0.2515625
4 0.53359375 0.3421875 0.034375 0.096875
2 0.34453125 0.33828125 0.3 0.1125
2 0.26875 0.3734375 0.253125 0.1609375
4 0.5046875 0.325 0.03125 0.0859375
4 0.55546875 0.33515625 0.021875 0.0859375
2 0.3078125 0.37421875 0.3578125 0.1703125
2 0.42421875 0.31015625 0.159375 0.08125
4 0.3734375 0.7046875 0.3296875 0.3015625
2 0.9328125 0.4875 0.134375 0.3875
2 0.065625 0.47109375 0.13125 0.2484375
2 0.0390625 0.32265625 0.065625 0.1
2 0.0609375 0.36171875 0.1171875 0.1546875
2 0.06875 0.3609375 0.13125 0.1578125