4 0.48515625 0.50625 0.0453125 0.0921875
4 0.39765625 0.521875 0.0453125 0.0859375
4 0.5921875 0.48828125 0.0953125 0.0953125
4 0.6828125 0.4640625 0.046875 0.09375
4 0.83046875 0.45546875 0.0609375 0.0875
4 0.35546875 0.53515625 0.046875 0.0875
4 0.146875 0.5671875 0.0296875 0.0796875
4 0.221875 0.559375 0.0390625 0.0859375
4 0.16875 0.565625 0.04375 0.08125
4 0.196875 0.5625 0.040625 0.08125
4 0.25703125 0.553125 0.0390625 0.075
2 0.20859375 0.61796875 0.240625 0.090625
4 0.2859375 0.5453125 0.05625 0.0828125
4 0.52265625 0.4859375 0.0328125 0.028125
2 0.69375 0.45703125 0.1125 0.0640625
2 0.59140625 0.48046875 0.0765625 0.034375
2 0.49765625 0.49765625 0.1046875 0.040625
2 0.35546875 0.52578125 0.0953125 0.04375
2 0.2921875 0.54296875 0.09375 0.040625