2 0.4546875 0.4390625 0.09375 0.028125
4 0.5546875 0.66875 0.4046875 0.2859375
4 0.378125 0.4890625 0.00625 0.0109375
4 0.3609375 0.4921875 0.00625 0.0140625
4 0.34375 0.490625 0.00625 0.01875
4 0.3140625 0.4875 0.00625 0.0171875
4 0.2171875 0.49375 0.0078125 0.0078125
4 0.2671875 0.4953125 0.0078125 0.0203125
4 0.33125 0.4890625 0.0046875 0.0109375
4 0.196875 0.4984375 0.009375 0.009375
4 0.1703125 0.496875 0.009375 0.0125
4 0.1484375 0.49375 0.0078125 0.015625
4 0.3390625 0.490625 0.00625 0.0109375
2 0.29375 0.44375 0.0046875 0.00625
4 0.4234375 0.5453125 0.0109375 0.0140625
4 0.0734375 0.49375 0.0078125 0.0078125
4 0.0234375 0.4953125 0.0078125 0.0203125
4 0.09375 0.4984375 0.009375 0.009375
4 0.1203125 0.496875 0.009375 0.0125
4 0.1421875 0.49375 0.0078125 0.015625