4 0.703125 0.7921875 0.0140625 0.046875
4 0.8453125 0.625 0.009375 0.0328125
4 0.846875 0.5953125 0.0078125 0.0125
4 0.8640625 0.5953125 0.00625 0.015625
4 0.8453125 0.575 0.00625 0.0296875
4 0.7296875 0.6890625 0.015625 0.04375
2 0.0421875 0.703125 0.0828125 0.03125
2 0.8515625 0.2265625 0.2953125 0.0671875
4 0.6875 0.775 0.015625 0.0265625
4 0.853125 0.6109375 0.009375 0.034375
4 0.66875 0.796875 0.015625 0.05
4 0.840625 0.596875 0.0078125 0.0046875
4 0.840625 0.55 0.0078125 0.025
4 0.6171875 0.653125 0.0125 0.0359375
4 0.603125 0.690625 0.0125 0.0109375
4 0.703125 0.8953125 0.0140625 0.046875
4 0.7296875 0.98828125 0.015625 0.0234375
2 0.0421875 0.984375 0.0828125 0.03125
2 0.8515625 0.0859375 0.2953125 0.0671875
4 0.6875 0.9125 0.015625 0.0265625
4 0.66875 0.890625 0.015625 0.05
4 0.603125 0.9953125 0.0125 0.009375