4 0.44140625 0.5796875 0.446875 0.603125
4 0.6890625 0.46796875 0.384375 0.3703125
4 0.7453125 0.3203125 0.1703125 0.228125
4 0.840625 0.2703125 0.115625 0.171875
4 0.9140625 0.21484375 0.0734375 0.0875
4 0.93046875 0.35625 0.1390625 0.2375
4 0.871875 0.2453125 0.08125 0.1359375
4 0.94453125 0.27421875 0.1109375 0.1859375
4 0.42109375 0.93046875 0.4234375 0.1390625
4 0.76015625 0.0390625 0.1625 0.059375
4 0.8515625 0.0578125 0.1109375 0.084375
4 0.92109375 0.07734375 0.0734375 0.0875
4 0.88125 0.0640625 0.0796875 0.0921875
4 0.95078125 0.0671875 0.0984375 0.09375