2 0.1125 0.6984375 0.0671875 0.03125
2 0.584375 0.690625 0.0875 0.053125
2 0.30625 0.6375 0.078125 0.240625
4 0.1390625 0.6796875 0.0109375 0.0171875
4 0.2921875 0.715625 0.021875 0.0296875
2 0.065625 0.6140625 0.0265625 0.0234375
4 0.415625 0.684375 0.0078125 0.028125
4 0.61875 0.6734375 0.009375 0.01875
4 0.565625 0.6765625 0.0109375 0.015625
4 0.4546875 0.6890625 0.0109375 0.0109375
4 0.471875 0.6890625 0.0078125 0.0296875
4 0.609375 0.678125 0.009375 0.028125
4 0.1 0.6796875 0.0078125 0.0171875
4 0.1140625 0.6796875 0.0078125 0.0171875
4 0.2796875 0.71875 0.0125 0.021875
2 0.4390625 0.6140625 0.0875 0.2859375
2 0.0453125 0.61875 0.021875 0.0140625
4 0.465625 0.69375 0.0125 0.01875
4 0.58125 0.675 0.01875 0.0140625
2 0.1125 0.9703125 0.0671875 0.03125
2 0.584375 0.97578125 0.0875 0.0484375
2 0.30625 0.95546875 0.078125 0.0890625
4 0.1390625 0.9890625 0.0109375 0.0171875
4 0.2921875 0.953125 0.021875 0.0296875
4 0.415625 0.984375 0.0078125 0.028125
4 0.61875 0.99296875 0.009375 0.0140625
4 0.565625 0.9921875 0.0109375 0.015625
4 0.4546875 0.9796875 0.0109375 0.0109375
4 0.471875 0.9796875 0.0078125 0.0296875
4 0.609375 0.98828125 0.009375 0.0234375
4 0.1 0.9890625 0.0078125 0.0171875
4 0.1140625 0.9890625 0.0078125 0.0171875
4 0.2796875 0.95 0.0125 0.021875
2 0.4390625 0.95546875 0.0875 0.0890625
4 0.465625 0.975 0.0125 0.01875
4 0.58125 0.99296875 0.01875 0.0140625