2 0.49609375 0.690625 0.80625 0.221875
2 0.2875 0.47265625 0.121875 0.03125
4 0.37109375 0.59296875 0.0828125 0.16875
4 0.25234375 0.4546875 0.025 0.0234375
4 0.31640625 0.45703125 0.0234375 0.03125
4 0.31484375 0.615625 0.05625 0.1453125
4 0.4078125 0.5640625 0.053125 0.134375
4 0.71171875 0.60859375 0.0703125 0.0828125
4 0.503125 0.58828125 0.0765625 0.1890625
4 0.28203125 0.4546875 0.025 0.028125
4 0.86015625 0.5953125 0.05625 0.190625
2 0.478125 0.93125 0.803125 0.1375
4 0.28984375 0.96953125 0.0484375 0.0375