4 0.425 0.5703125 0.103125 0.2953125
4 0.5046875 0.6390625 0.071875 0.178125
4 0.340625 0.4515625 0.01875 0.0453125
2 0.9484375 0.7375 0.1015625 0.1734375
2 0.7921875 0.6046875 0.4140625 0.10625
2 0.6671875 0.5328125 0.3140625 0.0875
2 0.1296875 0.4984375 0.040625 0.03125
2 0.0390625 0.540625 0.078125 0.03125
2 0.9390625 0.509375 0.1203125 0.0234375
2 0.840625 0.4765625 0.31875 0.040625
2 0.078125 0.5234375 0.090625 0.021875
2 0.146875 0.465625 0.0734375 0.0234375
2 0.1765625 0.45625 0.0578125 0.01875
4 0.8875 0.5484375 0.0078125 0.015625
2 0.01875 0.59375 0.0375 0.0421875
2 0.94765625 0.9625 0.1015625 0.075