2 0.81875 0.39609375 0.3625 0.4109375
2 0.69453125 0.50390625 0.1625 0.11875
2 0.5828125 0.5375 0.0796875 0.059375
2 0.16875 0.72734375 0.31875 0.321875
2 0.45546875 0.5296875 0.0609375 0.0296875
2 0.15859375 0.66171875 0.2328125 0.2125
2 0.15 0.6375 0.084375 0.0671875
2 0.18125 0.5796875 0.18125 0.1203125
2 0.32109375 0.5203125 0.059375 0.0421875
2 0.503125 0.5359375 0.0921875 0.040625
2 0.6328125 0.53828125 0.0375 0.05
2 0.225 0.5625 0.0375 0.0328125
2 0.4328125 0.5171875 0.065625 0.053125
2 0.7671875 0.028125 0.334375 0.05625
2 0.20234375 0.9328125 0.3015625 0.134375