2 0.0546875 0.4 0.109375 0.10625
4 0.46328125 0.61796875 0.2265625 0.4046875
4 0.26328125 0.671875 0.2171875 0.4171875
4 0.6234375 0.559375 0.1921875 0.334375
4 0.72421875 0.47890625 0.1765625 0.2578125
4 0.76171875 0.45234375 0.1 0.1875
4 0.85625 0.39453125 0.0921875 0.1453125
4 0.9046875 0.3203125 0.04375 0.053125
4 0.934375 0.3171875 0.03125 0.0484375
4 0.94140625 0.371875 0.06875 0.096875
4 0.86015625 0.3578125 0.0578125 0.0875
2 0.81484375 0.2125 0.0484375 0.0765625
2 0.77734375 0.24375 0.059375 0.0328125
2 0.409375 0.35 0.015625 0.009375
4 0.89140625 0.30703125 0.025 0.046875
2 0.85546875 0.28828125 0.2375 0.125
2 0.23671875 0.39765625 0.0265625 0.0140625
2 0.0296875 0.09765625 0.059375 0.0671875
4 0.51328125 0.925 0.1890625 0.15
4 0.30625 0.928125 0.18125 0.14375
4 0.6828125 0.93984375 0.1546875 0.0953125
2 0.78359375 0.028125 0.0484375 0.05625
2 0.7390625 0.0078125 0.059375 0.015625