2 0.2859375 0.5875 0.234375 0.409375
4 0.5078125 0.54375 0.15625 0.165625
4 0.2953125 0.3828125 0.04375 0.140625
4 0.7875 0.753125 0.0265625 0.021875
4 0.2359375 0.3765625 0.046875 0.1453125
4 0.190625 0.321875 0.0484375 0.0828125
4 0.2640625 0.3734375 0.046875 0.1515625
4 0.65 0.7609375 0.05 0.03125
4 0.1953125 0.3453125 0.034375 0.0828125
2 0.08125 0.5875 0.1625 0.409375
4 0.0359375 0.3828125 0.04375 0.140625
4 0.878125 0.753125 0.0265625 0.021875
4 0.0953125 0.3765625 0.046875 0.1453125
4 0.140625 0.321875 0.0484375 0.0828125
4 0.0671875 0.3734375 0.046875 0.1515625
4 0.1359375 0.3453125 0.034375 0.0828125