2 0.24453125 0.48359375 0.0703125 0.0203125
2 0.03671875 0.4484375 0.028125 0.0125
4 0.3359375 0.6 0.0984375 0.1828125
4 0.43125 0.58984375 0.109375 0.1921875
4 0.53984375 0.58359375 0.0765625 0.1421875
4 0.63671875 0.5703125 0.0546875 0.109375
4 0.696875 0.59375 0.0546875 0.1375
4 0.4765625 0.56875 0.0375 0.115625
4 0.17734375 0.5875 0.03125 0.1390625
4 0.57421875 0.56953125 0.025 0.1109375
4 0.6734375 0.5796875 0.046875 0.090625
4 0.9328125 0.57265625 0.0578125 0.0890625
4 0.8796875 0.55234375 0.0203125 0.046875
2 0.0203125 0.4421875 0.0203125 0.0171875
4 0.76484375 0.5765625 0.0625 0.1
4 0.8125 0.60546875 0.084375 0.15625