2 0.5609375 0.58984375 0.6890625 0.2984375
2 0.10390625 0.52421875 0.2078125 0.1046875
4 0.834375 0.6078125 0.0578125 0.1265625
4 0.2921875 0.48671875 0.040625 0.0671875
4 0.78125 0.59921875 0.065625 0.13125
4 0.1484375 0.4890625 0.0375 0.0609375
4 0.8484375 0.6140625 0.046875 0.1140625
4 0.0875 0.459375 0.0515625 0.0625
4 0.60390625 0.56484375 0.05625 0.1078125
4 0.8046875 0.5796875 0.034375 0.0453125
4 0.6453125 0.57265625 0.0328125 0.084375
2 0.4859375 0.9375 0.66875 0.125
2 0.06640625 0.896875 0.1328125 0.078125