2 0.5359375 0.23203125 0.328125 0.1296875
4 0.3421875 0.415625 0.1046875 0.19375
4 0.58359375 0.24453125 0.0109375 0.0140625
4 0.840625 0.2640625 0.009375 0.009375
4 0.828125 0.2625 0.0078125 0.0078125
2 0.8359375 0.26484375 0.08125 0.0375
2 0.29453125 0.21171875 0.028125 0.015625
2 0.20390625 0.1953125 0.1 0.0484375
2 0.271875 0.20703125 0.03125 0.0171875
2 0.18359375 0.20625 0.0625 0.028125
4 0.6671875 0.2234375 0.00625 0.0046875
4 0.96171875 0.2765625 0.009375 0.009375
4 0.97421875 0.278125 0.0078125 0.0078125
2 0.9625 0.278125 0.075 0.0375
2 0.10703125 0.18515625 0.1 0.0484375
2 0.04140625 0.18203125 0.0234375 0.015625
2 0.125 0.2 0.0625 0.028125