2 0.67734375 0.5625 0.028125 0.0328125
4 0.16171875 0.90546875 0.0703125 0.1234375
4 0.38515625 0.95078125 0.0453125 0.0515625
4 0.4078125 0.94765625 0.025 0.034375
4 0.32109375 0.94765625 0.0375 0.0421875
2 0.6140625 0.70859375 0.0390625 0.059375
4 0.33828125 0.95078125 0.0140625 0.03125
4 0.80703125 0.98125 0.0453125 0.0375
4 0.44609375 0.95703125 0.04375 0.0390625
4 0.77109375 0.98671875 0.0359375 0.0265625
4 0.0328125 0.89609375 0.065625 0.1234375
4 0.87265625 0.98359375 0.0453125 0.0328125
4 0.90859375 0.99140625 0.0359375 0.0171875