4 0.421875 0.903125 0.0671875 0.0859375
2 0.228125 0.95703125 0.19375 0.059375
2 0.634375 0.73203125 0.034375 0.021875
2 0.65703125 0.82578125 0.1953125 0.05
2 0.5984375 0.8671875 0.2796875 0.090625
2 0.5421875 0.93671875 0.41875 0.1265625
2 0.34921875 0.9328125 0.3703125 0.1109375
2 0.77265625 0.77109375 0.0875 0.0671875
2 0.74453125 0.80703125 0.071875 0.025
2 0.6296875 0.84453125 0.2359375 0.0484375
2 0.7078125 0.815625 0.2015625 0.0609375
4 0.60625 0.6875 0.0046875 0.00625
4 0.3859375 0.696875 0.00625 0.0125
4 0.38515625 0.709375 0.009375 0.015625
4 0.2671875 0.6984375 0.0125 0.0125
4 0.30234375 0.71015625 0.0140625 0.015625
4 0.25078125 0.6984375 0.0140625 0.028125
4 0.23203125 0.70234375 0.0125 0.0140625
4 0.20859375 0.69765625 0.009375 0.0265625
2 0.0671875 0.94453125 0.134375 0.0578125
2 0.921875 0.84375 0.1125 0.04375
2 0.9265625 0.88984375 0.1 0.078125
2 0.9109375 0.9546875 0.121875 0.090625
2 0.05390625 0.91015625 0.1078125 0.0953125
2 0.85625 0.77734375 0.0875 0.0671875
2 0.87890625 0.81640625 0.071875 0.025
2 0.9234375 0.8640625 0.10625 0.040625
2 0.89609375 0.828125 0.1671875 0.0578125
4 0.0359375 0.68203125 0.0125 0.0125
4 0.003125 0.6890625 0.00625 0.015625
4 0.0515625 0.68515625 0.0140625 0.028125
4 0.0703125 0.690625 0.0125 0.0140625
4 0.09375 0.6890625 0.009375 0.0265625