2 0.74609375 0.28359375 0.0125 0.0296875
4 0.63984375 0.3859375 0.0875 0.1515625
4 0.4046875 0.41875 0.1015625 0.09375
4 0.05 0.4140625 0.0703125 0.1203125
4 0.5796875 0.3609375 0.0796875 0.175
4 0.15859375 0.38671875 0.0609375 0.0609375
4 0.24375 0.40546875 0.0765625 0.1203125
4 0.15546875 0.31015625 0.171875 0.1859375
4 0.31328125 0.3890625 0.071875 0.128125
4 0.25078125 0.34921875 0.0421875 0.1
4 0.1171875 0.42578125 0.078125 0.1125
4 0.69140625 0.37734375 0.0625 0.11875
2 0.73671875 0.03359375 0.0125 0.0296875
4 0.5671875 0.02734375 0.075 0.0546875
4 0.14765625 0.07421875 0.1703125 0.13125
4 0.2390625 0.0296875 0.040625 0.04375