4 0.06328125 0.3625 0.0328125 0.0375
4 0.1796875 0.35078125 0.0125 0.0140625
4 0.2796875 0.3703125 0.0125 0.0140625
4 0.11484375 0.35 0.0125 0.0140625
4 0.12265625 0.36171875 0.0234375 0.0296875
2 0.59296875 0.51953125 0.09375 0.090625
2 0.70390625 0.5265625 0.0546875 0.06875
2 0.48984375 0.521875 0.096875 0.06875
2 0.953125 0.6078125 0.075 0.0546875
2 0.5703125 0.4796875 0.0578125 0.0578125
2 0.5984375 0.46796875 0.034375 0.0390625
2 0.76953125 0.5203125 0.0640625 0.065625
2 0.8515625 0.5828125 0.115625 0.0671875
2 0.67578125 0.50234375 0.059375 0.065625
2 0.63203125 0.48359375 0.0453125 0.05
2 0.9015625 0.6234375 0.0796875 0.0359375
4 0.2375 0.371875 0.0703125 0.0765625
4 0.096875 0.35078125 0.0140625 0.0109375
4 0.16796875 0.34765625 0.0171875 0.0140625
2 0.50703125 0.446875 0.0296875 0.04375
4 0.46640625 0.4921875 0.0171875 0.028125