2 0.88984375 0.38125 0.2 0.0578125
2 0.3609375 0.46953125 0.2265625 0.084375
4 0.42265625 0.5265625 0.0328125 0.0421875
4 0.7546875 0.521875 0.065625 0.0859375
4 0.71953125 0.490625 0.028125 0.046875
4 0.20234375 0.58828125 0.175 0.2484375
4 0.371875 0.57421875 0.0703125 0.096875
4 0.42265625 0.57578125 0.0765625 0.0953125
4 0.89765625 0.496875 0.0578125 0.0875
4 0.93828125 0.490625 0.0484375 0.0890625
4 0.52890625 0.50625 0.0296875 0.0484375
4 0.8015625 0.51015625 0.053125 0.065625
4 0.60390625 0.5015625 0.021875 0.046875
4 0.57890625 0.5125 0.0375 0.0578125