2 0.7859375 0.47734375 0.3171875 0.4765625
2 0.36484375 0.55625 0.296875 0.490625
2 0.1828125 0.4796875 0.2015625 0.315625
2 0.8203125 0.30234375 0.05 0.0734375
2 0.05234375 0.490625 0.1046875 0.16875
2 0.4484375 0.453125 0.2265625 0.3421875
4 0.47734375 0.571875 0.0265625 0.025
4 0.4390625 0.575 0.040625 0.034375
4 0.24375 0.58671875 0.025 0.025
4 0.03046875 0.546875 0.01875 0.0234375
4 0.88984375 0.634375 0.0453125 0.05
4 0.46015625 0.71015625 0.0484375 0.040625
2 0.87265625 0.8859375 0.2453125 0.1375
2 0.103125 0.10546875 0.153125 0.090625
4 0.93984375 0.86953125 0.0453125 0.05
4 0.51640625 0.97578125 0.0484375 0.040625