2 0.434375 0.5671875 0.0375 0.009375
2 0.6515625 0.5203125 0.10625 0.065625
2 0.321875 0.5515625 0.1671875 0.0578125
2 0.528125 0.5421875 0.096875 0.0375
2 0.778125 0.51875 0.0609375 0.04375
2 0.878125 0.50625 0.0390625 0.0578125
2 0.9171875 0.5 0.04375 0.0640625
2 0.1890625 0.5609375 0.1125 0.0890625
2 0.7234375 0.525 0.0609375 0.0390625
2 0.83125 0.51875 0.05625 0.0375
2 0.353125 0.5359375 0.1625 0.0515625
2 0.028125 0.575 0.05625 0.065625
2 0.5640625 0.5296875 0.0921875 0.03125
2 0.2171875 0.55 0.0921875 0.0578125