4 0.63203125 0.65390625 0.09375 0.15625
4 0.1328125 0.56484375 0.1078125 0.1859375
2 0.828125 0.396875 0.0203125 0.0125
2 0.884375 0.425 0.009375 0.00625
2 0.15 0.25625 0.0265625 0.0109375
2 0.853125 0.403125 0.01875 0.009375
2 0.9328125 0.42421875 0.0203125 0.0125
2 0.98828125 0.42578125 0.0234375 0.0453125
2 0.97109375 0.41953125 0.0265625 0.0421875
2 0.40078125 0.29140625 0.009375 0.00625
2 0.88203125 0.40078125 0.0296875 0.0359375
2 0.46953125 0.30703125 0.034375 0.015625
2 0.11875 0.64140625 0.1171875 0.0671875
2 0.62578125 0.71796875 0.1953125 0.0765625
4 0.05703125 0.865625 0.084375 0.090625
2 0.903125 0.096875 0.0203125 0.0125
2 0.92734375 0.10234375 0.01875 0.009375
2 0.95234375 0.11875 0.0296875 0.0359375
2 0.54375 0.00703125 0.034375 0.0140625
2 0.06953125 0.8390625 0.1171875 0.0671875
2 0.55234375 0.98515625 0.1953125 0.0296875