4 0.6875 0.4015625 0.01875 0.053125
4 0.6609375 0.4015625 0.0140625 0.05625
4 0.921875 0.384375 0.0125 0.0203125
4 0.903125 0.3828125 0.0265625 0.021875
2 0.746875 0.340625 0.028125 0.0078125
2 0.5203125 0.3328125 0.015625 0.0109375
2 0.80625 0.334375 0.00625 0.0046875
2 0.865625 0.334375 0.0078125 0.0046875
2 0.9015625 0.3359375 0.00625 0.003125
2 0.2171875 0.33125 0.0125 0.0046875
4 0.871875 0.4 0.0328125 0.0171875
2 0.9765625 0.3375 0.01875 0.0109375
2 0.15625 0.33125 0.0109375 0.003125
4 0.6078125 0.4046875 0.015625 0.0234375
4 0.8921875 0.4 0.009375 0.0125
4 0.8671875 0.3953125 0.046875 0.0234375
2 0.5203125 0.0015625 0.015625 0.003125
2 0.2171875 0.00078125 0.0125 0.0015625
2 0.15546875 0.00078125 0.0109375 0.0015625