2 0.1359375 0.61875 0.271875 0.0734375
2 0.5328125 0.559375 0.140625 0.059375
2 0.8078125 0.525 0.1140625 0.0390625
2 0.8296875 0.4640625 0.084375 0.03125
4 0.3125 0.640625 0.1015625 0.3265625
4 0.8578125 0.5796875 0.1046875 0.128125
4 0.928125 0.5421875 0.0625 0.078125
4 0.2203125 0.559375 0.034375 0.040625
4 0.084375 0.590625 0.0703125 0.0703125
4 0.1875 0.571875 0.0609375 0.0578125
4 0.0421875 0.5890625 0.0578125 0.0875
4 0.253125 0.5625 0.0375 0.04375
4 0.396875 0.515625 0.05625 0.0640625
4 0.5125 0.5375 0.0484375 0.05
4 0.0359375 0.7609375 0.071875 0.2234375
4 0.1609375 0.578125 0.04375 0.065625
4 0.1625 0.453125 0.0328125 0.084375
2 0.9203125 0.45625 0.0328125 0.028125
4 0.0359375 0.93828125 0.071875 0.1234375