2 0.35625 0.3171875 0.546875 0.2578125
2 0.721875 0.45625 0.3515625 0.0515625
2 0.2421875 0.4859375 0.3671875 0.053125
4 0.571875 0.5984375 0.0703125 0.1453125
4 0.1859375 0.609375 0.0515625 0.121875
4 0.415625 0.4828125 0.0140625 0.0421875
4 0.6203125 0.6125 0.0421875 0.1109375
2 0.0828125 0.4046875 0.165625 0.1078125
2 0.0671875 0.3109375 0.134375 0.11875
2 0.7921875 0.3640625 0.34375 0.125
2 0.35625 0.07109375 0.546875 0.1421875
2 0.0671875 0.03984375 0.134375 0.0796875
2 0.7921875 0.01484375 0.34375 0.0296875