2 0.93359375 0.61875 0.1328125 0.190625
4 0.284375 0.59609375 0.009375 0.015625
2 0.7640625 0.53828125 0.2609375 0.265625
4 0.309375 0.596875 0.0109375 0.021875
2 0.50390625 0.5453125 0.34375 0.3296875
2 0.27890625 0.55234375 0.271875 0.34375
3 0.36171875 0.659375 0.0171875 0.015625
3 0.70078125 0.590625 0.0140625 0.021875
3 0.73125 0.59921875 0.0140625 0.021875
3 0.76328125 0.60078125 0.0125 0.0234375
3 0.79453125 0.6 0.0125 0.0234375
3 0.82578125 0.5984375 0.0125 0.021875
3 0.85859375 0.59765625 0.0125 0.021875
2 0.9484375 0.91953125 0.103125 0.0921875