2 0.40625 0.365625 0.0140625 0.0171875
2 0.434375 0.36640625 0.009375 0.0078125
2 0.35 0.36796875 0.0109375 0.0203125
2 0.634375 0.3578125 0.00625 0.00625
2 0.2640625 0.3796875 0.0140625 0.0046875
4 0.49609375 0.559375 0.034375 0.0640625
4 0.38203125 0.61328125 0.0703125 0.209375
4 0.07265625 0.53828125 0.0359375 0.1125
4 0.61484375 0.47265625 0.04375 0.084375
4 0.5859375 0.4890625 0.025 0.084375
4 0.32265625 0.51875 0.0390625 0.1375
4 0.21015625 0.52578125 0.0421875 0.128125
4 0.53046875 0.52578125 0.0609375 0.1265625
4 0.48671875 0.48828125 0.0453125 0.1140625
4 0.459375 0.49375 0.0421875 0.121875
4 0.75859375 0.5171875 0.2 0.3390625
2 0.54375 0.3625 0.0203125 0.0046875
4 0.02890625 0.71171875 0.05 0.1734375
4 0.25546875 0.52265625 0.046875 0.1140625
4 0.15703125 0.53515625 0.0625 0.0671875
4 0.39453125 0.97890625 0.0640625 0.0421875
4 0.0375 0.9515625 0.046875 0.096875