4 0.7578125 0.596875 0.015625 0.0140625
2 0.2921875 0.621875 0.153125 0.0421875
2 0.6546875 0.5875 0.0859375 0.0390625
2 0.7921875 0.6078125 0.165625 0.053125
2 0.3859375 0.5265625 0.0796875 0.0171875
2 0.5875 0.50625 0.046875 0.0171875
2 0.85625 0.5484375 0.04375 0.0234375
2 0.959375 0.56875 0.0546875 0.01875
2 0.5265625 0.565625 0.071875 0.021875
2 0.40625 0.5125 0.06875 0.015625
2 0.534375 0.50625 0.059375 0.015625
2 0.753125 0.56875 0.0796875 0.0203125
2 0.115625 0.515625 0.05 0.015625
4 0.65 0.5828125 0.0078125 0.0078125
2 0.95625 0.5921875 0.0625 0.0203125