2 0.3640625 0.5390625 0.465625 0.11875
4 0.44375 0.478125 0.0125 0.021875
4 0.4578125 0.4796875 0.0171875 0.021875
4 0.3984375 0.4984375 0.0265625 0.0390625
4 0.365625 0.4765625 0.0140625 0.021875
2 0.0359375 0.45 0.053125 0.2125
2 0.16875 0.534375 0.1171875 0.0453125
4 0.48125 0.4796875 0.0140625 0.015625
4 0.346875 0.4828125 0.0171875 0.025
4 0.3125 0.5 0.0171875 0.0359375
4 0.378125 0.4984375 0.0296875 0.040625
4 0.39375 0.4828125 0.009375 0.00625
4 0.3296875 0.4828125 0.0125 0.0109375
4 0.4359375 0.496875 0.015625 0.0421875
2 0.6703125 0.64375 0.24375 0.153125
4 0.853125 0.665625 0.1875 0.4328125
4 0.853125 0.94140625 0.1875 0.1171875