2 0.2390625 0.4234375 0.0359375 0.025
4 0.1609375 0.478125 0.1359375 0.2296875
4 0.12890625 0.515625 0.1453125 0.21875
4 0.41328125 0.3703125 0.15625 0.2625
4 0.69140625 0.375 0.078125 0.1390625
4 0.840625 0.41875 0.096875 0.175
4 0.71953125 0.32890625 0.0359375 0.05625
4 0.80859375 0.315625 0.090625 0.115625
4 0.63671875 0.33203125 0.0578125 0.0640625
4 0.534375 0.42421875 0.05625 0.096875
4 0.27890625 0.4328125 0.0796875 0.0953125
4 0.19921875 0.46875 0.034375 0.0578125
4 0.8921875 0.39921875 0.1046875 0.1671875
4 0.4859375 0.42421875 0.0515625 0.0828125
4 0.23125 0.4609375 0.0578125 0.0734375
4 0.33984375 0.0765625 0.121875 0.121875