2 0.70625 0.59375 0.3875 0.1265625
2 0.390625 0.7125 0.775 0.225
2 0.1203125 0.603125 0.2265625 0.0796875
2 0.65625 0.4875 0.053125 0.0390625
2 0.4296875 0.5015625 0.1296875 0.0484375
4 0.5046875 0.725 0.0390625 0.0796875
4 0.4375 0.7609375 0.0421875 0.0546875
4 0.6625 0.7 0.05625 0.0640625
4 0.8359375 0.784375 0.046875 0.0875
4 0.875 0.765625 0.0421875 0.065625
4 0.875 0.8015625 0.03125 0.0625
4 0.9046875 0.790625 0.0328125 0.0828125
4 0.1203125 0.796875 0.0625 0.0515625
2 0.5421875 0.4703125 0.0140625 0.009375
2 0.58125 0.4640625 0.0078125 0.0046875
2 0.603125 0.46875 0.06875 0.0078125
4 0.2046875 0.7140625 0.0375 0.10625
4 0.1359375 0.6796875 0.015625 0.03125
4 0.153125 0.7140625 0.0234375 0.0953125
4 0.175 0.709375 0.034375 0.0765625
2 0.46875 0.4796875 0.0203125 0.015625
4 0.28125 0.7046875 0.0328125 0.0921875
2 0.390625 0.9203125 0.775 0.159375
4 0.5046875 0.940625 0.0390625 0.0796875
4 0.4375 0.9046875 0.0421875 0.0546875
4 0.6625 0.965625 0.05625 0.0640625
4 0.8359375 0.88125 0.046875 0.0875
4 0.875 0.9 0.0421875 0.065625
4 0.875 0.8640625 0.03125 0.0625
4 0.9046875 0.875 0.0328125 0.0828125
4 0.1203125 0.86875 0.0625 0.0515625
4 0.2046875 0.94921875 0.0375 0.1015625
4 0.1359375 0.98515625 0.015625 0.0296875
4 0.153125 0.9515625 0.0234375 0.0953125
4 0.175 0.95625 0.034375 0.0765625
4 0.28046875 0.95703125 0.0328125 0.0859375