4 0.36796875 0.7484375 0.0546875 0.1
4 0.346875 0.74921875 0.05 0.1
4 0.33203125 0.77265625 0.0265625 0.0515625
4 0.27734375 0.76796875 0.03125 0.0421875
4 0.10234375 0.771875 0.021875 0.0484375
4 0.59140625 0.7046875 0.0421875 0.028125
4 0.1125 0.76640625 0.021875 0.04375
4 0.121875 0.76796875 0.0203125 0.04375
4 0.30078125 0.75546875 0.03125 0.028125
4 0.54140625 0.690625 0.021875 0.0390625
4 0.68515625 0.6765625 0.028125 0.0296875
4 0.73046875 0.671875 0.015625 0.01875
4 0.8984375 0.6515625 0.025 0.0234375
4 0.38828125 0.865625 0.0546875 0.1
4 0.36875 0.871875 0.05 0.1
4 0.346875 0.85546875 0.0265625 0.0515625
4 0.296875 0.878125 0.03125 0.0421875
4 0.13046875 0.93515625 0.021875 0.0484375
4 0.6140625 0.83046875 0.0421875 0.028125
4 0.1421875 0.9359375 0.021875 0.04375
4 0.15078125 0.93125 0.0203125 0.04375
4 0.32265625 0.88203125 0.03125 0.028125
4 0.57109375 0.86015625 0.021875 0.0390625
4 0.7109375 0.82421875 0.028125 0.0296875
4 0.75546875 0.81328125 0.015625 0.01875
4 0.91953125 0.775 0.025 0.0234375