2 0.4890625 0.771875 0.3609375 0.1640625
2 0.6640625 0.709375 0.11875 0.1078125
2 0.778125 0.67421875 0.071875 0.0671875
2 0.3109375 0.75390625 0.1921875 0.071875
2 0.7109375 0.68203125 0.328125 0.11875
2 0.43515625 0.465625 0.2703125 0.5703125
2 0.73046875 0.6890625 0.1203125 0.0890625
2 0.53984375 0.68828125 0.065625 0.021875
2 0.10234375 0.8546875 0.0921875 0.1078125
2 0.9640625 0.63359375 0.071875 0.0671875
2 0.13515625 0.790625 0.16875 0.0671875
2 0.93203125 0.6296875 0.1359375 0.0875
2 0.9765625 0.63203125 0.046875 0.0828125