2 0.7 0.56640625 0.178125 0.0796875
2 0.89140625 0.49453125 0.065625 0.0375
4 0.33203125 0.6203125 0.0109375 0.01875
4 0.3609375 0.6265625 0.0078125 0.0140625
4 0.34296875 0.6390625 0.0171875 0.01875
4 0.38203125 0.6203125 0.0203125 0.034375
4 0.2625 0.65078125 0.028125 0.05625
4 0.19453125 0.65703125 0.040625 0.01875
4 0.084375 0.68125 0.021875 0.0234375
4 0.8953125 0.4890625 0.009375 0.0125
4 0.34609375 0.64609375 0.0125 0.0109375
4 0.86328125 0.525 0.009375 0.0109375
4 0.32578125 0.621875 0.0125 0.01875
4 0.20390625 0.6421875 0.0234375 0.015625