4 0.65078125 0.49453125 0.075 0.10625
4 0.42578125 0.45703125 0.053125 0.1328125
4 0.53671875 0.48984375 0.06875 0.0609375
4 0.59140625 0.51171875 0.0640625 0.0671875
4 0.4625 0.48984375 0.0765625 0.09375
2 0.5703125 0.53125 0.225 0.0875
2 0.734375 0.55546875 0.1453125 0.0765625
2 0.43984375 0.49765625 0.1421875 0.0765625
2 0.23359375 0.43828125 0.315625 0.1234375
2 0.1203125 0.35625 0.1703125 0.0953125
2 0.04453125 0.35234375 0.05625 0.05
4 0.646875 0.521875 0.0703125 0.0734375
4 0.45625 0.4296875 0.03125 0.0453125
4 0.65078125 0.51640625 0.028125 0.034375