2 0.7296875 0.25625 0.346875 0.171875
2 0.21328125 0.315625 0.13125 0.0625
2 0.18125 0.27421875 0.0546875 0.0328125
2 0.65 0.19140625 0.0375 0.01875
4 0.840625 0.5046875 0.090625 0.140625
4 0.21015625 0.2953125 0.0296875 0.0390625
2 0.14140625 0.27578125 0.0390625 0.025
2 0.26796875 0.24453125 0.08125 0.09375
4 0.7796875 0.51875 0.1 0.1921875
3 0.1359375 0.83828125 0.046875 0.05
2 0.68515625 0.03984375 0.3421875 0.0796875
2 0.178125 0.115625 0.13125 0.0625
2 0.16171875 0.16640625 0.0546875 0.0328125
2 0.63125 0.08359375 0.0375 0.01875
4 0.18203125 0.1359375 0.0296875 0.0390625
2 0.12421875 0.17734375 0.0390625 0.025
2 0.25390625 0.1640625 0.08125 0.09375
3 0.15703125 0.95703125 0.046875 0.05