4 0.48359375 0.49453125 0.003125 0.0046875
4 0.44140625 0.5 0.009375 0.0109375
4 0.4484375 0.49375 0.009375 0.0203125
4 0.45546875 0.48828125 0.00625 0.0078125
4 0.38125 0.68984375 0.01875 0.01875
4 0.07578125 0.6 0.0203125 0.025
2 0.10859375 0.75625 0.0640625 0.0484375
2 0.20078125 0.70859375 0.1 0.159375
2 0.3203125 0.734375 0.15625 0.1109375
2 0.45546875 0.72890625 0.15 0.1078125
2 0.76640625 0.66328125 0.34375 0.1625
2 0.63359375 0.49296875 0.03125 0.015625
2 0.559375 0.45390625 0.025 0.0078125
2 0.44453125 0.540625 0.0328125 0.0125
2 0.41015625 0.55234375 0.0234375 0.0125
2 0.175 0.675 0.0546875 0.065625
2 0.23828125 0.68671875 0.040625 0.0296875
4 0.465625 0.50078125 0.00625 0.0078125
4 0.49296875 0.49453125 0.003125 0.003125
4 0.2890625 0.54453125 0.0046875 0.0078125
4 0.3984375 0.5078125 0.00625 0.0140625
4 0.51953125 0.471875 0.0046875 0.009375
2 0.65546875 0.48515625 0.034375 0.015625
4 0.50390625 0.47265625 0.00625 0.0109375
2 0.9296875 0.528125 0.03125 0.0171875
4 0.51640625 0.48125 0.0078125 0.0171875
2 0.2546875 0.61015625 0.084375 0.059375
2 0.2484375 0.98515625 0.0875 0.0296875
2 0.36015625 0.9671875 0.1546875 0.065625
2 0.490625 0.95 0.15 0.1
2 0.8046875 0.91015625 0.340625 0.14375