2 0.09609375 0.43046875 0.1921875 0.0734375
4 0.6578125 0.58125 0.3546875 0.56875
4 0.2484375 0.4609375 0.0203125 0.0296875
4 0.02421875 0.484375 0.0375 0.1171875
4 0.86796875 0.45390625 0.03125 0.04375
4 0.85546875 0.4265625 0.021875 0.0203125
4 0.87578125 0.4046875 0.0125 0.015625
4 0.3734375 0.43984375 0.021875 0.025
4 0.39921875 0.44296875 0.01875 0.0140625
4 0.1921875 0.48515625 0.025 0.0390625
4 0.12734375 0.38984375 0.0109375 0.0125
4 0.27578125 0.3828125 0.0046875 0.0046875
4 0.68125 0.9296875 0.325 0.1390625