2 0.321875 0.50625 0.13125 0.01875
2 0.72890625 0.45703125 0.0765625 0.021875
2 0.2109375 0.41875 0.08125 0.1421875
2 0.37890625 0.46328125 0.0734375 0.0359375
2 0.61015625 0.615625 0.3859375 0.0828125
2 0.46171875 0.47265625 0.0484375 0.021875
2 0.58671875 0.4625 0.06875 0.025
2 0.65234375 0.46953125 0.08125 0.028125
2 0.33671875 0.4609375 0.0484375 0.0328125
2 0.53125 0.42734375 0.0578125 0.0796875
2 0.81953125 0.46171875 0.0171875 0.0046875
2 0.540625 0.50234375 0.153125 0.034375
2 0.40078125 0.5625 0.2671875 0.0546875
2 0.0390625 0.51015625 0.078125 0.01875
2 0.93203125 0.453125 0.0765625 0.021875
2 0.1203125 0.4203125 0.08125 0.1421875
2 0.93203125 0.60859375 0.1359375 0.0796875
2 0.98359375 0.4625 0.03125 0.0265625
2 0.009375 0.465625 0.01875 0.03125
2 0.84140625 0.4609375 0.0171875 0.0046875
2 0.034375 0.56875 0.06875 0.0515625