2 0.3140625 0.346875 0.365625 0.125
4 0.2234375 0.3734375 0.0171875 0.028125
4 0.3375 0.3546875 0.009375 0.0125
4 0.1953125 0.3828125 0.025 0.034375
4 0.165625 0.3796875 0.0140625 0.025
4 0.1515625 0.384375 0.0171875 0.0203125
4 0.25 0.3796875 0.0109375 0.0203125
4 0.2984375 0.35625 0.009375 0.0265625
4 0.3109375 0.3546875 0.01875 0.028125
4 0.4359375 0.328125 0.0109375 0.0140625
4 0.2375 0.3765625 0.015625 0.0140625
4 0.25 0.3640625 0.0125 0.021875
4 0.375 0.34375 0.0125 0.015625
4 0.2625 0.3703125 0.0109375 0.0140625
2 0.3140625 0.01875 0.365625 0.0375