4 0.53359375 0.45625 0.0359375 0.03125
2 0.29296875 0.66640625 0.03125 0.021875
2 0.8703125 0.56640625 0.0421875 0.025
2 0.93515625 0.57734375 0.0421875 0.015625
2 0.440625 0.66328125 0.0421875 0.0171875
2 0.4546875 0.61640625 0.025 0.01875
2 0.09296875 0.70390625 0.03125 0.025
2 0.2125 0.66328125 0.0484375 0.071875
2 0.053125 0.7109375 0.034375 0.0140625
2 0.15078125 0.675 0.0421875 0.025
2 0.26875 0.684375 0.04375 0.0171875
2 0.325 0.66953125 0.0296875 0.0140625
4 0.72734375 0.33203125 0.0515625 0.05
4 0.46875 0.5046875 0.0125 0.015625
2 0.7640625 0.5921875 0.0703125 0.0328125
2 0.3765625 0.6671875 0.0328125 0.009375
2 0.6140625 0.6 0.771875 0.18125
4 0.4953125 0.18671875 0.0359375 0.03125
4 0.59296875 0.8796875 0.0359375 0.03125
2 0.20625 0.05078125 0.03125 0.021875
2 0.30390625 0.74375 0.03125 0.021875
2 0.88671875 0.68046875 0.0421875 0.025
2 0.94609375 0.6515625 0.0421875 0.015625
2 0.446875 0.70625 0.0421875 0.0171875
2 0.37578125 0.05390625 0.025 0.01875
2 0.4734375 0.746875 0.025 0.01875
2 0.009375 0.071875 0.01875 0.01875
2 0.1015625 0.7625 0.03125 0.025
2 0.12890625 0.078125 0.046875 0.065625
2 0.2265625 0.76875 0.0484375 0.071875
2 0.0609375 0.7671875 0.034375 0.0140625
2 0.0671875 0.08125 0.0421875 0.025
2 0.16484375 0.77421875 0.0421875 0.025
2 0.178125 0.04296875 0.0421875 0.0109375
2 0.27578125 0.73359375 0.04375 0.0171875
2 0.2359375 0.03828125 0.0296875 0.0140625
2 0.33359375 0.73203125 0.0296875 0.0140625
4 0.715625 0.2515625 0.0515625 0.05
4 0.8125 0.9421875 0.05 0.04375
4 0.4203125 0.1578125 0.0125 0.015625
4 0.51796875 0.85078125 0.0125 0.015625
2 0.67890625 0.00390625 0.0703125 0.0078125
2 0.7765625 0.68515625 0.0703125 0.0328125
2 0.2859375 0.0265625 0.0328125 0.0078125
2 0.384375 0.71953125 0.0328125 0.009375
2 0.53671875 0.05703125 0.7765625 0.1140625
2 0.62265625 0.7171875 0.7546875 0.18125