2 0.64375 0.3515625 0.3796875 0.4171875
2 0.8859375 0.284375 0.2265625 0.2859375
2 0.684375 0.7421875 0.2421875 0.109375
4 0.4734375 0.2296875 0.0671875 0.0859375
4 0.6328125 0.7015625 0.1296875 0.10625
4 0.0953125 0.353125 0.0421875 0.0984375
4 0.13125 0.33125 0.028125 0.0375
4 0.5234375 0.15625 0.0296875 0.0296875
4 0.546875 0.1515625 0.025 0.01875
2 0.2734375 0.4734375 0.50625 0.525
2 0.64296875 0.0703125 0.3796875 0.140625
2 0.88515625 0.07109375 0.2265625 0.1421875
2 0.68359375 0.959375 0.2421875 0.08125
4 0.4734375 0.0546875 0.0671875 0.0859375
4 0.63203125 0.98046875 0.1296875 0.0390625
4 0.5234375 0.128125 0.0296875 0.0296875
4 0.546875 0.1328125 0.025 0.01875