2 0.46015625 0.6265625 0.91875 0.45625
4 0.2890625 0.634375 0.40625 0.590625
4 0.06640625 0.58359375 0.1328125 0.2359375
4 0.1046875 0.53671875 0.1203125 0.1921875
4 0.41953125 0.47734375 0.16875 0.21875
4 0.50625 0.453125 0.0921875 0.178125
4 0.78984375 0.36015625 0.0671875 0.0890625
4 0.63984375 0.365625 0.0296875 0.05
4 0.0640625 0.49296875 0.05 0.0765625
4 0.82890625 0.3484375 0.0515625 0.0796875
4 0.88359375 0.55859375 0.2328125 0.5140625
4 0.67578125 0.38359375 0.05 0.08125
4 0.34765625 0.94453125 0.3328125 0.1109375
4 0.9265625 0.86328125 0.146875 0.1578125