2 0.86015625 0.325 0.1296875 0.184375
2 0.065625 0.215625 0.084375 0.1375
2 0.51875 0.28046875 0.1078125 0.15
2 0.6921875 0.29375 0.103125 0.1546875
2 0.7875 0.30234375 0.103125 0.15
2 0.3640625 0.25 0.1125 0.1703125
2 0.2734375 0.2546875 0.159375 0.190625
2 0.19609375 0.2296875 0.1234375 0.14375
2 0.13828125 0.21640625 0.1390625 0.1296875
2 0.45 0.265625 0.1578125 0.178125
2 0.89140625 0.07109375 0.115625 0.065625
2 0.55078125 0.02421875 0.0953125 0.0484375
2 0.721875 0.0484375 0.090625 0.059375
2 0.815625 0.0609375 0.0921875 0.0609375
2 0.3921875 0.025 0.1 0.05
2 0.303125 0.0171875 0.14375 0.034375
2 0.225 0.0078125 0.1125 0.015625
2 0.47890625 0.0296875 0.1453125 0.059375