2 0.7875 0.53125 0.115625 0.0328125
2 0.49375 0.528125 0.0765625 0.021875
2 0.4296875 0.53125 0.0640625 0.015625
2 0.66875 0.51875 0.0421875 0.015625
2 0.6125 0.515625 0.021875 0.0046875
2 0.9390625 0.49375 0.0671875 0.08125
2 0.8859375 0.51875 0.0421875 0.0171875
2 0.74375 0.521875 0.0546875 0.0140625
2 0.5515625 0.5203125 0.03125 0.0125
2 0.45 0.51875 0.0296875 0.003125
2 0.4921875 0.484375 0.0734375 0.078125
2 0.2125 0.503125 0.05625 0.06875
2 0.5828125 0.5171875 0.0234375 0.0046875
2 0.7875 0.975 0.115625 0.0328125
2 0.49375 0.978125 0.0765625 0.021875
2 0.4296875 0.975 0.0640625 0.015625
2 0.66875 0.9875 0.0421875 0.015625
2 0.6125 0.990625 0.021875 0.0046875
2 0.93828125 0.01875 0.0671875 0.0375
2 0.93828125 0.9859375 0.0671875 0.028125
2 0.8859375 0.9875 0.0421875 0.0171875
2 0.74375 0.984375 0.0546875 0.0140625
2 0.5515625 0.9859375 0.03125 0.0125
2 0.45 0.9875 0.0296875 0.003125
2 0.49140625 0.02265625 0.0734375 0.0453125
2 0.49140625 0.99140625 0.0734375 0.0171875
2 0.2125 0.0109375 0.05625 0.021875
2 0.2125 0.984375 0.05625 0.03125
2 0.5828125 0.9890625 0.0234375 0.0046875