2 0.7078125 0.58984375 0.3890625 0.1328125
2 0.39453125 0.7140625 0.778125 0.2390625
2 0.121875 0.609375 0.228125 0.084375
2 0.65625 0.48515625 0.053125 0.040625
2 0.4296875 0.503125 0.13125 0.05
4 0.50859375 0.725 0.040625 0.0796875
4 0.4421875 0.76171875 0.04375 0.0546875
4 0.665625 0.696875 0.0578125 0.065625
4 0.840625 0.778125 0.0484375 0.0890625
4 0.8796875 0.759375 0.04375 0.065625
4 0.88046875 0.7953125 0.0328125 0.0625
4 0.909375 0.78359375 0.034375 0.0828125
4 0.12578125 0.803125 0.0640625 0.053125
2 0.54140625 0.46953125 0.0140625 0.009375
2 0.58046875 0.4625 0.0078125 0.0046875
2 0.60234375 0.4671875 0.06875 0.009375
4 0.20859375 0.71953125 0.0390625 0.10625
4 0.1390625 0.6859375 0.015625 0.03125
4 0.15703125 0.7203125 0.025 0.0953125
4 0.17890625 0.71484375 0.0359375 0.0765625
2 0.46875 0.48046875 0.0203125 0.015625
4 0.28515625 0.70859375 0.034375 0.0921875
2 0.396875 0.9171875 0.778125 0.165625
4 0.5125 0.940625 0.040625 0.0796875
4 0.44453125 0.90546875 0.04375 0.0546875
4 0.6703125 0.9625 0.0578125 0.065625
4 0.8421875 0.875 0.0484375 0.0890625
4 0.88203125 0.89375 0.04375 0.065625
4 0.88125 0.8578125 0.0328125 0.0625
4 0.9109375 0.86796875 0.034375 0.0828125
4 0.1265625 0.875 0.0640625 0.053125
4 0.21171875 0.9515625 0.0390625 0.096875
4 0.14375 0.98828125 0.015625 0.0234375
4 0.1609375 0.9546875 0.025 0.090625
4 0.1828125 0.96171875 0.0359375 0.0765625
4 0.2875 0.95859375 0.034375 0.0828125