2 0.496875 0.55234375 0.125 0.078125
2 0.384375 0.5578125 0.1375 0.096875
2 0.6203125 0.53984375 0.1421875 0.071875
4 0.43046875 0.5015625 0.00625 0.00625
4 0.4625 0.49453125 0.0078125 0.0078125
4 0.45234375 0.4984375 0.0078125 0.00625
2 0.26796875 0.5921875 0.1390625 0.0578125
2 0.94765625 0.44140625 0.1046875 0.1578125
2 0.74765625 0.50546875 0.1421875 0.0984375
2 0.14921875 0.59375 0.125 0.0875
2 0.0578125 0.603125 0.1046875 0.0890625
2 0.5078125 0.51015625 0.125 0.0890625
2 0.85859375 0.4984375 0.1265625 0.0765625