2 0.41875 0.4578125 0.1671875 0.075
2 0.2546875 0.303125 0.4609375 0.2109375
2 0.6265625 0.2796875 0.31875 0.1625
2 0.1640625 0.55625 0.1921875 0.0921875
2 0.6625 0.6890625 0.6171875 0.2375
2 0.8953125 0.421875 0.209375 0.153125
2 0.5640625 0.709375 0.63125 0.225
2 0.9546875 0.35 0.090625 0.0625
2 0.8421875 0.5671875 0.3140625 0.134375
2 0.365625 0.284375 0.50625 0.2375
2 0.7203125 0.653125 0.559375 0.2265625
2 0.1140625 0.5328125 0.2140625 0.14375
2 0.528125 0.2890625 0.3421875 0.18125
3 0.7328125 0.40625 0.0296875 0.0265625
2 0.25390625 0.06640625 0.4609375 0.1328125
2 0.6265625 0.06640625 0.31875 0.1328125
2 0.66171875 0.92890625 0.6171875 0.1421875
2 0.5640625 0.921875 0.63125 0.15625
2 0.9546875 0.00625 0.090625 0.0125
2 0.365625 0.0828125 0.50625 0.165625
2 0.7203125 0.94921875 0.559375 0.1015625
2 0.52734375 0.06640625 0.3421875 0.1328125