2 0.3265625 0.6546875 0.35 0.25
2 0.2953125 0.39296875 0.06875 0.03125
2 0.84609375 0.6703125 0.278125 0.159375
2 0.92109375 0.7296875 0.1109375 0.121875
2 0.87421875 0.49609375 0.1265625 0.0390625
2 0.37578125 0.4171875 0.1390625 0.046875
4 0.36875 0.3984375 0.0265625 0.025
4 0.31875 0.3765625 0.0203125 0.021875
4 0.91875 0.4828125 0.0390625 0.0453125
4 0.28828125 0.3671875 0.0390625 0.0359375
4 0.3953125 0.39296875 0.03125 0.0328125
4 0.89140625 0.4875 0.0296875 0.028125
2 0.28359375 0.92890625 0.33125 0.134375