2 0.6109375 0.303125 0.125 0.0640625
2 0.2953125 0.32890625 0.1234375 0.0453125
2 0.26328125 0.56484375 0.303125 0.125
2 0.19375 0.6140625 0.3875 0.3
2 0.4625 0.32265625 0.0390625 0.025
2 0.70703125 0.29921875 0.0421875 0.04375
2 0.3890625 0.33671875 0.0890625 0.0109375
2 0.1796875 0.29921875 0.0546875 0.11875
2 0.43828125 0.27578125 0.04375 0.115625
2 0.04453125 0.28125 0.075 0.0515625
2 0.6140625 0.1375 0.125 0.0640625
2 0.29921875 0.10078125 0.1234375 0.0453125
2 0.25546875 0.9625 0.303125 0.071875
2 0.190625 0.89140625 0.38125 0.2109375
2 0.46640625 0.11328125 0.0390625 0.025
2 0.709375 0.14609375 0.0421875 0.04375
2 0.39296875 0.096875 0.0890625 0.0109375
2 0.1828125 0.12734375 0.0546875 0.11875
2 0.440625 0.16015625 0.04375 0.115625
2 0.046875 0.140625 0.075 0.0515625