2 0.3265625 0.46015625 0.4859375 0.3140625
4 0.1171875 0.6109375 0.09375 0.1984375
4 0.03359375 0.5890625 0.0671875 0.1125
4 0.15078125 0.58671875 0.05625 0.1328125
4 0.05859375 0.57109375 0.034375 0.08125
4 0.165625 0.55703125 0.040625 0.0921875
4 0.29765625 0.521875 0.0484375 0.0625
2 0.2640625 0.14375 0.48125 0.2875
2 0.42890625 0.9546875 0.4546875 0.090625
4 0.02890625 0.125 0.0578125 0.090625
4 0.18984375 0.95390625 0.0859375 0.0921875
4 0.0578125 0.1109375 0.0453125 0.071875
4 0.23125 0.975 0.053125 0.05
4 0.078125 0.11015625 0.0375 0.0765625
4 0.2125 0.0859375 0.0484375 0.0625
4 0.39140625 0.9953125 0.0453125 0.009375