4 0.2234375 0.590625 0.0375 0.0453125
4 0.3171875 0.440625 0.034375 0.0421875
4 0.6359375 0.4515625 0.0359375 0.0515625
4 0.4328125 0.4421875 0.0265625 0.0375
4 0.2390625 0.5859375 0.0234375 0.0328125
4 0.5453125 0.6015625 0.0796875 0.0171875
4 0.6484375 0.6171875 0.05625 0.0125
4 0.653125 0.5859375 0.0375 0.0140625
4 0.7921875 0.5734375 0.0171875 0.0296875
4 0.771875 0.5765625 0.03125 0.025
2 0.7625 0.5640625 0.103125 0.0703125
4 0.803125 0.5859375 0.0203125 0.021875
2 0.20625 0.6 0.103125 0.025