2 0.25 0.81640625 0.2859375 0.1390625
2 0.3265625 0.65625 0.3125 0.096875
2 0.284375 0.5625 0.3046875 0.0984375
2 0.48515625 0.51875 0.3515625 0.1125
2 0.63125 0.41796875 0.228125 0.071875
2 0.51640625 0.36171875 0.2625 0.075
2 0.596875 0.353125 0.190625 0.0640625
2 0.54765625 0.23984375 0.3 0.1078125
2 0.25078125 0.03203125 0.1328125 0.0640625
2 0.60703125 0.33046875 0.2390625 0.06875
3 0.27734375 0.4828125 0.05625 0.0421875
3 0.1390625 0.64296875 0.040625 0.0515625
3 0.2640625 0.36953125 0.0421875 0.034375
3 0.2296875 0.309375 0.0484375 0.040625
3 0.53359375 0.06015625 0.0390625 0.0359375
3 0.28046875 0.22890625 0.046875 0.0390625
3 0.44609375 0.415625 0.0390625 0.040625
2 0.03125 0.78984375 0.0625 0.1203125
2 0.04609375 0.53515625 0.0921875 0.0765625
2 0.096875 0.0234375 0.103125 0.046875
3 0.06484375 0.63515625 0.040625 0.0515625
3 0.04609375 0.290625 0.0484375 0.040625