2 0.4046875 0.75234375 0.6125 0.2609375
2 0.43828125 0.73984375 0.5859375 0.3046875
2 0.30234375 0.53515625 0.6046875 0.2453125
2 0.93671875 0.5609375 0.1265625 0.078125
2 0.6234375 0.50078125 0.0859375 0.040625
2 0.32265625 0.503125 0.3484375 0.1484375
4 0.2328125 0.3671875 0.015625 0.03125
4 0.2 0.3546875 0.009375 0.015625
3 0.325 0.6640625 0.028125 0.01875
3 0.34140625 0.69453125 0.0234375 0.01875
3 0.3359375 0.675 0.0234375 0.0203125
3 0.3671875 0.6515625 0.0234375 0.01875
3 0.31796875 0.68984375 0.01875 0.01875
3 0.30078125 0.66796875 0.015625 0.015625
3 0.39453125 0.77734375 0.034375 0.0265625
3 0.41953125 0.7875 0.01875 0.01875
3 0.4390625 0.79375 0.0296875 0.01875
3 0.4390625 0.7734375 0.028125 0.015625
3 0.36328125 0.76484375 0.0203125 0.01875
3 0.33984375 0.7625 0.0265625 0.028125
3 0.3171875 0.7734375 0.03125 0.0234375
3 0.30546875 0.7875 0.034375 0.01875
2 0.37734375 0.903125 0.6078125 0.19375
2 0.40859375 0.90234375 0.5734375 0.1953125
3 0.29765625 0.96953125 0.0234375 0.0125
3 0.27421875 0.965625 0.0171875 0.0109375
3 0.3734375 0.91015625 0.034375 0.0265625
3 0.40078125 0.90859375 0.01875 0.01875
3 0.42109375 0.90859375 0.0296875 0.01875
3 0.41484375 0.928125 0.028125 0.015625
3 0.33984375 0.9125 0.0203125 0.01875
3 0.31640625 0.9078125 0.0265625 0.028125
3 0.29921875 0.890625 0.03125 0.0234375
3 0.2921875 0.8734375 0.034375 0.01875