2 0.8609375 0.71171875 0.2640625 0.225
2 0.7234375 0.41875 0.553125 0.35625
2 0.50078125 0.3734375 0.334375 0.2515625
2 0.34140625 0.37578125 0.09375 0.1546875
4 0.2328125 0.3296875 0.0484375 0.146875
2 0.3765625 0.290625 0.2109375 0.0453125
4 0.38359375 0.37109375 0.0515625 0.065625
4 0.46953125 0.38046875 0.0484375 0.071875
4 0.6609375 0.375 0.05625 0.0640625
2 0.28828125 0.38984375 0.0640625 0.05625
2 0.28515625 0.3453125 0.0734375 0.034375
2 0.98671875 0.45546875 0.0265625 0.0390625
2 0.296875 0.31484375 0.0578125 0.0484375