2 0.7 0.50625 0.1515625 0.0328125
2 0.31953125 0.5453125 0.375 0.046875
2 0.0984375 0.58515625 0.1953125 0.09375
2 0.93515625 0.5265625 0.1296875 0.0421875
4 0.93828125 0.3484375 0.078125 0.2140625
4 0.91796875 0.47109375 0.08125 0.103125
4 0.97578125 0.46953125 0.046875 0.0671875
4 0.73984375 0.46953125 0.0453125 0.05
4 0.69140625 0.46875 0.0375 0.0453125
2 0.51875 0.4890625 0.1 0.03125
2 0.3875 0.50078125 0.04375 0.03125
4 0.6703125 0.403125 0.0546875 0.1953125
4 0.06171875 0.478125 0.1140625 0.128125
4 0.5015625 0.43125 0.0390625 0.06875
4 0.54609375 0.44453125 0.0203125 0.053125
4 0.70703125 0.43359375 0.0203125 0.0546875
4 0.11953125 0.465625 0.0265625 0.0265625
2 0.61171875 0.47578125 0.059375 0.0140625
4 0.97890625 0.43359375 0.0234375 0.0171875
4 0.32421875 0.4703125 0.109375 0.1140625