2 0.18046875 0.77109375 0.2953125 0.2328125
2 0.5203125 0.784375 0.615625 0.203125
4 0.103125 0.6703125 0.1953125 0.253125
4 0.18671875 0.56484375 0.0609375 0.0890625
4 0.15546875 0.5015625 0.0484375 0.1015625
4 0.48125 0.6015625 0.5484375 0.559375
4 0.665625 0.5125 0.0515625 0.053125
4 0.76875 0.4953125 0.0484375 0.040625
4 0.646875 0.521875 0.0234375 0.03125
4 0.7015625 0.52421875 0.0328125 0.0484375
2 0.68046875 0.55078125 0.065625 0.05625
2 0.7484375 0.5203125 0.1046875 0.0546875
2 0.23046875 0.9578125 0.2828125 0.084375
2 0.54140625 0.8828125 0.615625 0.203125
4 0.5484375 0.89296875 0.484375 0.2140625