2 0.5921875 0.5859375 0.815625 0.546875
2 0.33359375 0.6171875 0.6671875 0.509375
2 0.19296875 0.49296875 0.3859375 0.2734375
2 0.6421875 0.3453125 0.225 0.171875
2 0.45 0.3421875 0.1984375 0.128125
2 0.82890625 0.29921875 0.1953125 0.115625
2 0.94921875 0.33203125 0.0859375 0.153125
2 0.125 0.28046875 0.1109375 0.06875
2 0.1796875 0.34921875 0.359375 0.1390625
2 0.0984375 0.384375 0.196875 0.115625
2 0.61640625 0.8875 0.7671875 0.225
2 0.36171875 0.9109375 0.6484375 0.178125
2 0.60625 0.02421875 0.215625 0.0484375
2 0.41796875 0.03515625 0.1921875 0.0703125
2 0.7953125 0.01328125 0.190625 0.0265625
2 0.109375 0.134375 0.1109375 0.06875
2 0.1640625 0.06953125 0.328125 0.1078125
2 0.0796875 0.06484375 0.159375 0.0640625