4 0.6234375 0.409375 0.0984375 0.1265625
4 0.234375 0.3796875 0.0609375 0.2828125
4 0.5703125 0.4 0.0921875 0.1140625
4 0.578125 0.3140625 0.078125 0.1390625
4 0.625 0.309375 0.0609375 0.16875
4 0.48125 0.378125 0.1265625 0.26875
4 0.35 0.3546875 0.071875 0.2640625
4 0.2859375 0.36875 0.078125 0.278125
4 0.29375 0.2328125 0.021875 0.021875
4 0.2203125 0.253125 0.0265625 0.034375
4 0.7234375 0.45 0.18125 0.1578125
4 0.2015625 0.2984375 0.0140625 0.025
2 0.5625 0.453125 0.5109375 0.6375
4 0.25 0.2375 0.0265625 0.0203125
4 0.62421875 0.0203125 0.0609375 0.040625
4 0.29375 0.0328125 0.021875 0.021875
4 0.21953125 0.01484375 0.0265625 0.0296875
2 0.56171875 0.065625 0.5109375 0.13125
4 0.25 0.028125 0.0265625 0.0203125