2 0.76875 0.48828125 0.4625 0.4140625
2 0.2265625 0.6171875 0.453125 0.35625
4 0.2359375 0.59296875 0.1875 0.3484375
4 0.65 0.38515625 0.1375 0.2125
4 0.51640625 0.459375 0.1421875 0.2359375
4 0.321875 0.51875 0.1515625 0.23125
2 0.8203125 0.8515625 0.359375 0.240625
2 0.309375 0.9421875 0.428125 0.115625
4 0.125 0.11015625 0.128125 0.0953125
4 0.32578125 0.953125 0.1421875 0.09375
4 0.5671875 0.046875 0.11875 0.09375
4 0.41953125 0.04921875 0.1109375 0.0984375
4 0.22109375 0.08515625 0.11875 0.0875