2 0.64921875 0.74375 0.015625 0.0078125
2 0.9515625 0.7265625 0.01875 0.00625
2 0.9890625 0.7234375 0.0203125 0.0078125
2 0.7734375 0.7359375 0.021875 0.0125
2 0.60078125 0.75 0.0171875 0.0078125
2 0.6234375 0.7375 0.015625 0.025
2 0.86875 0.728125 0.0140625 0.0171875
2 0.88203125 0.74453125 0.009375 0.015625
2 0.65703125 0.903125 0.015625 0.0078125
2 0.96015625 0.8890625 0.01875 0.00625
2 0.99375 0.88828125 0.0125 0.0078125
2 0.78203125 0.8984375 0.021875 0.0125
2 0.60859375 0.90234375 0.0171875 0.0078125
2 0.6328125 0.9125 0.015625 0.025
2 0.87734375 0.89609375 0.0140625 0.0171875
2 0.8890625 0.87890625 0.009375 0.015625