2 0.5765625 0.5890625 0.575 0.271875
2 0.2078125 0.4234375 0.153125 0.0609375
4 0.7 0.4359375 0.128125 0.275
4 0.5078125 0.3578125 0.034375 0.0890625
4 0.6234375 0.3078125 0.0453125 0.0546875
2 0.6796875 0.4140625 0.640625 0.225
4 0.5578125 0.325 0.040625 0.0515625
2 0.5765625 0.91875 0.575 0.1625
2 0.2078125 0.021875 0.153125 0.04375
4 0.7 0.06953125 0.128125 0.1390625
4 0.5078125 0.0796875 0.034375 0.0890625
4 0.6234375 0.1296875 0.0453125 0.0546875
2 0.6796875 0.06796875 0.640625 0.1359375
4 0.5578125 0.1125 0.040625 0.0515625