4 0.2 0.52578125 0.0875 0.25625
4 0.48515625 0.4765625 0.0390625 0.084375
4 0.440625 0.46484375 0.0046875 0.00625
2 0.4390625 0.45859375 0.040625 0.0203125
2 0.51953125 0.4703125 0.021875 0.0109375
2 0.4953125 0.46484375 0.028125 0.0171875
4 0.14140625 0.5453125 0.165625 0.3703125
2 0.3203125 0.453125 0.0140625 0.0078125
2 0.015625 0.4234375 0.021875 0.0109375
2 0.55 0.46953125 0.04375 0.0203125
2 0.3890625 0.45546875 0.01875 0.0125
2 0.25390625 0.4421875 0.01875 0.0171875
2 0.28046875 0.44296875 0.0328125 0.0234375
4 0.32578125 0.57265625 0.1140625 0.1734375
4 0.10859375 0.9203125 0.1421875 0.1046875