2 0.31328125 0.52109375 0.071875 0.028125
2 0.53125 0.540625 0.0453125 0.0265625
2 0.8578125 0.5859375 0.0875 0.05
2 0.4421875 0.534375 0.05 0.0390625
2 0.7515625 0.5671875 0.053125 0.034375
2 0.259375 0.50546875 0.05625 0.025
2 0.715625 0.5640625 0.065625 0.0421875
2 0.4734375 0.55078125 0.040625 0.0296875
2 0.359375 0.53125 0.03125 0.0140625
2 0.2015625 0.50703125 0.0609375 0.0234375
2 0.065625 0.503125 0.028125 0.025
4 0.96015625 0.56875 0.0078125 0.01875
2 0.35390625 0.0515625 0.071875 0.028125
2 0.28515625 0.8390625 0.071875 0.028125
2 0.571875 0.0703125 0.0453125 0.0265625
2 0.503125 0.8578125 0.0453125 0.0265625
2 0.90234375 0.08203125 0.0875 0.05
2 0.8328125 0.86953125 0.0875 0.05
2 0.48359375 0.0609375 0.05 0.0390625
2 0.41484375 0.8484375 0.05 0.0390625
2 0.79375 0.08203125 0.053125 0.034375
2 0.725 0.86953125 0.053125 0.034375
2 0.2984375 0.05703125 0.05625 0.025
2 0.2296875 0.8453125 0.05625 0.025
2 0.7578125 0.07890625 0.065625 0.0421875
2 0.6890625 0.86640625 0.065625 0.0421875
2 0.5171875 0.05 0.040625 0.0296875
2 0.4484375 0.8375 0.040625 0.0296875
2 0.4015625 0.04921875 0.03125 0.0140625
2 0.3328125 0.83671875 0.03125 0.0140625
2 0.24140625 0.04609375 0.0609375 0.0234375
2 0.17265625 0.83359375 0.0609375 0.0234375
2 0.10703125 0.0265625 0.028125 0.025
2 0.03828125 0.8140625 0.028125 0.025
4 0.99765625 0.1171875 0.0046875 0.01875
4 0.93046875 0.9046875 0.0078125 0.01875