4 0.0328125 0.6328125 0.034375 0.08125
4 0.53359375 0.52734375 0.01875 0.0234375
4 0.55859375 0.52734375 0.0234375 0.0328125
4 0.07265625 0.56015625 0.021875 0.04375
2 0.2 0.6484375 0.171875 0.103125
2 0.11484375 0.59453125 0.11875 0.046875
2 0.0484375 0.45 0.0796875 0.0515625
2 0.45625 0.53984375 0.3171875 0.1359375
2 0.63984375 0.42109375 0.046875 0.046875
2 0.24375 0.71875 0.3265625 0.11875
2 0.5828125 0.46796875 0.1078125 0.0921875
4 0.04921875 0.60859375 0.0171875 0.0453125
4 0.03046875 0.575 0.025 0.0359375
4 0.015625 0.590625 0.0125 0.021875
4 0.7375 0.446875 0.021875 0.0375
4 0.6828125 0.39921875 0.0125 0.025
4 0.0171875 0.6296875 0.0171875 0.0609375
2 0.23984375 0.76640625 0.325 0.115625
2 0.8578125 0.64375 0.159375 0.1546875
2 0.0625 0.47734375 0.125 0.0921875
2 0.090625 0.57578125 0.075 0.0265625
2 0.3578125 0.446875 0.0890625 0.071875
2 0.03125 0.5265625 0.0625 0.01875
4 0.640625 0.41328125 0.0203125 0.0328125
2 0.27734375 0.975 0.3234375 0.05
2 0.2640625 0.953125 0.325 0.09375
2 0.890625 0.9109375 0.153125 0.10625