2 0.4375 0.609375 0.3140625 0.2453125
4 0.3578125 0.4796875 0.1015625 0.1625
4 0.28125 0.5484375 0.05625 0.2265625
4 0.596875 0.4984375 0.0640625 0.146875
4 0.6859375 0.4578125 0.0421875 0.0421875
4 0.734375 0.4859375 0.06875 0.1484375
2 0.6796875 0.565625 0.2109375 0.16875
2 0.43671875 0.90390625 0.3140625 0.1921875
4 0.35703125 0.03046875 0.1015625 0.0609375
4 0.28125 0.9390625 0.05625 0.121875
4 0.59609375 0.0171875 0.0640625 0.034375
4 0.59609375 0.984375 0.0640625 0.03125
4 0.68515625 0.0109375 0.0421875 0.021875
4 0.734375 0.0234375 0.06875 0.046875
2 0.67890625 0.9453125 0.2109375 0.109375