2 0.08828125 0.19296875 0.0546875 0.0328125
2 0.759375 0.4296875 0.015625 0.0140625
4 0.31796875 0.46875 0.48125 0.76875
4 0.1296875 0.33828125 0.1390625 0.134375
4 0.15 0.303125 0.0421875 0.0734375
4 0.4796875 0.40625 0.040625 0.05
4 0.85703125 0.578125 0.0796875 0.1296875
4 0.759375 0.4921875 0.05625 0.0546875
4 0.81328125 0.5171875 0.0375 0.04375
4 0.90625 0.54453125 0.0421875 0.071875
4 0.41875 0.3875 0.053125 0.09375
4 0.91640625 0.56171875 0.0421875 0.05
4 0.18671875 0.321875 0.05 0.090625
4 0.8546875 0.52421875 0.015625 0.0203125
4 0.84609375 0.5328125 0.01875 0.0265625