2 0.14921875 0.734375 0.134375 0.0921875
2 0.296875 0.68515625 0.1234375 0.0703125
4 0.73359375 0.60546875 0.0625 0.090625
4 0.75859375 0.5984375 0.04375 0.084375
4 0.821875 0.60078125 0.0546875 0.096875
4 0.85234375 0.5515625 0.0484375 0.09375
4 0.78203125 0.65390625 0.0734375 0.090625
4 0.896875 0.5421875 0.065625 0.11875
4 0.9171875 0.5390625 0.04375 0.1015625
4 0.328125 0.7890625 0.053125 0.096875
4 0.8515625 0.4921875 0.0171875 0.028125
4 0.79765625 0.49609375 0.015625 0.015625
4 0.46953125 0.74765625 0.0515625 0.1
4 0.16640625 0.86796875 0.0453125 0.05625
2 0.20859375 0.70859375 0.071875 0.059375
4 0.71875 0.62890625 0.028125 0.0484375
4 0.56484375 0.76875 0.053125 0.1015625
4 0.27890625 0.79609375 0.0515625 0.1046875
4 0.37109375 0.771875 0.04375 0.096875
4 0.403125 0.77109375 0.04375 0.0859375
4 0.4390625 0.76328125 0.046875 0.0875
4 0.19609375 0.85078125 0.03125 0.0421875
4 0.79375 0.7234375 0.0828125 0.0921875
4 0.92890625 0.5859375 0.065625 0.090625
4 0.93984375 0.534375 0.0484375 0.109375
4 0.63515625 0.61796875 0.025 0.0484375
4 0.653125 0.6109375 0.0265625 0.05
4 0.665625 0.67890625 0.0390625 0.06875
4 0.66875 0.7453125 0.0609375 0.0890625
4 0.62890625 0.74765625 0.05 0.09375
4 0.65390625 0.72890625 0.0359375 0.053125
4 0.8359375 0.9109375 0.06875 0.0671875
4 0.36875 0.96796875 0.053125 0.0640625
4 0.51328125 0.95703125 0.0515625 0.0859375
4 0.18984375 0.975 0.0453125 0.05
4 0.59453125 0.90625 0.053125 0.1015625
4 0.32109375 0.97265625 0.0515625 0.0546875
4 0.415625 0.9671875 0.04375 0.065625
4 0.4453125 0.96328125 0.04375 0.0734375
4 0.48125 0.959375 0.046875 0.08125
4 0.2234375 0.98046875 0.03125 0.0390625
4 0.82109375 0.8546875 0.0828125 0.0921875
4 0.98359375 0.89375 0.0328125 0.03125
4 0.7203125 0.93984375 0.0359375 0.053125
4 0.6984375 0.8859375 0.0609375 0.0890625
4 0.66171875 0.9 0.05 0.09375
4 0.6921875 0.90625 0.0359375 0.053125