2 0.5 0.596875 1 0.4890625
4 0.5125 0.3625 0.1109375 0.2328125
4 0.3625 0.359375 0.0953125 0.128125
4 0.5953125 0.365625 0.0953125 0.26875
4 0.7203125 0.3609375 0.175 0.2859375
4 0.8421875 0.275 0.01875 0.028125
4 0.4671875 0.3765625 0.059375 0.14375
4 0.9609375 0.2765625 0.0546875 0.0984375
2 0.5 0.92109375 1 0.1578125
4 0.51171875 0.0328125 0.1109375 0.065625
4 0.59453125 0.040625 0.0953125 0.08125
4 0.7203125 0.046875 0.175 0.09375
4 0.8421875 0.0375 0.01875 0.028125
4 0.96015625 0.0421875 0.0546875 0.084375