2 0.4265625 0.41640625 0.6578125 0.4234375
2 0.6390625 0.6046875 0.2765625 0.1296875
4 0.56875 0.43125 0.0453125 0.078125
4 0.29609375 0.4796875 0.0484375 0.0734375
4 0.63984375 0.59296875 0.0390625 0.059375
4 0.64296875 0.5703125 0.028125 0.040625
4 0.7125 0.590625 0.0359375 0.0421875
4 0.49375 0.47109375 0.0390625 0.0703125
4 0.665625 0.60234375 0.0421875 0.0453125
4 0.60703125 0.590625 0.0421875 0.04375
4 0.6734375 0.59375 0.0375 0.053125
4 0.59609375 0.60703125 0.0484375 0.046875
4 0.71640625 0.57890625 0.0296875 0.040625