2 0.753125 0.2921875 0.0109375 0.0296875
4 0.64375 0.390625 0.0828125 0.1484375
4 0.4078125 0.415625 0.0984375 0.090625
4 0.053125 0.3984375 0.065625 0.11875
4 0.584375 0.3640625 0.0734375 0.171875
4 0.1625 0.375 0.059375 0.059375
4 0.246875 0.396875 0.071875 0.1171875
4 0.1625 0.2984375 0.165625 0.1796875
4 0.3171875 0.3828125 0.0671875 0.1265625
4 0.25625 0.340625 0.0390625 0.0984375
4 0.1203125 0.4125 0.075 0.109375
4 0.6953125 0.384375 0.0578125 0.1171875
2 0.753125 0.0421875 0.0109375 0.0296875
4 0.58359375 0.028125 0.0734375 0.05625
4 0.1625 0.0625 0.165625 0.125
4 0.25546875 0.02109375 0.0390625 0.0421875