2 0.3265625 0.6046875 0.1578125 0.0328125
4 0.0734375 0.6359375 0.1453125 0.3921875
4 0.2390625 0.721875 0.2390625 0.20625
4 0.9625 0.73125 0.0671875 0.1484375
4 0.9171875 0.725 0.0640625 0.15625
4 0.7984375 0.7203125 0.0609375 0.1578125
4 0.4765625 0.70625 0.025 0.140625
4 0.675 0.6921875 0.0390625 0.128125
4 0.8515625 0.7125 0.065625 0.15625
4 0.8921875 0.728125 0.0375 0.1390625
4 0.6203125 0.7171875 0.04375 0.1328125
4 0.5984375 0.7078125 0.0578125 0.15625
4 0.6109375 0.6421875 0.0203125 0.0359375
2 0.7359375 0.6390625 0.04375 0.0203125
4 0.07265625 0.91640625 0.1453125 0.1671875
4 0.23828125 0.9203125 0.2390625 0.159375
4 0.96171875 0.9296875 0.0671875 0.140625
4 0.91640625 0.93125 0.0640625 0.1375
4 0.79765625 0.9328125 0.0609375 0.134375
4 0.4765625 0.94453125 0.025 0.1109375
4 0.67421875 0.9546875 0.0390625 0.090625
4 0.8515625 0.9375 0.065625 0.125
4 0.8921875 0.93359375 0.0375 0.1328125
4 0.6203125 0.940625 0.04375 0.11875
4 0.59765625 0.93984375 0.0578125 0.1203125