2 0.18515625 0.65625 0.2953125 0.38125
2 0.64921875 0.68046875 0.6921875 0.3453125
2 0.4875 0.7546875 0.4015625 0.2390625
2 0.63046875 0.49921875 0.21875 0.1171875
4 0.5734375 0.4328125 0.0125 0.0171875
2 0.73203125 0.4671875 0.05625 0.0734375
4 0.1140625 0.375 0.0265625 0.0265625
2 0.9703125 0.58984375 0.0515625 0.0828125
2 0.4015625 0.44296875 0.1765625 0.10625
2 0.7984375 0.51328125 0.0984375 0.059375
2 0.2125 0.34453125 0.0484375 0.028125
2 0.16328125 0.903125 0.2765625 0.159375
2 0.621875 0.9484375 0.675 0.103125
2 0.471875 0.925 0.39375 0.15