2 0.5203125 0.6234375 0.7796875 0.2796875
4 0.946875 0.61328125 0.0203125 0.040625
4 0.8546875 0.5796875 0.0125 0.0265625
4 0.83828125 0.58359375 0.025 0.0265625
4 0.125 0.49296875 0.0234375 0.04375
4 0.1078125 0.48984375 0.0203125 0.053125
4 0.65 0.609375 0.0265625 0.040625
4 0.91484375 0.59765625 0.0171875 0.025
4 0.84453125 0.5828125 0.0140625 0.01875
4 0.9578125 0.61796875 0.015625 0.021875
2 0.12421875 0.62421875 0.1046875 0.0546875
4 0.8625 0.5765625 0.00625 0.0078125
3 0.34453125 0.4421875 0.0171875 0.015625
3 0.3359375 0.45546875 0.015625 0.0140625
3 0.35234375 0.453125 0.0140625 0.0140625
3 0.34375 0.465625 0.0140625 0.0140625
3 0.35390625 0.4640625 0.0109375 0.0125
3 0.37265625 0.465625 0.0125 0.0125
3 0.390625 0.45078125 0.01875 0.015625
3 0.39453125 0.4640625 0.015625 0.0125
3 0.378125 0.48984375 0.0109375 0.0140625
3 0.3765625 0.51015625 0.0109375 0.015625
3 0.37734375 0.47734375 0.0125 0.0140625
3 0.38828125 0.47734375 0.0140625 0.0140625
3 0.4046875 0.4734375 0.015625 0.015625
3 0.4515625 0.4640625 0.015625 0.0171875
3 0.4625 0.475 0.0140625 0.0125
3 0.45 0.478125 0.0109375 0.0109375
3 0.4390625 0.4859375 0.0125 0.0125
3 0.53359375 0.465625 0.0203125 0.0203125
3 0.5609375 0.53671875 0.0140625 0.015625
3 0.51875 0.46953125 0.015625 0.015625
3 0.49921875 0.45546875 0.015625 0.0140625
3 0.4890625 0.46796875 0.015625 0.0140625
3 0.5046875 0.4703125 0.015625 0.0140625
3 0.50625 0.48046875 0.015625 0.0109375
3 0.47421875 0.4703125 0.0140625 0.0140625
3 0.484375 0.48046875 0.015625 0.015625
3 0.46640625 0.49453125 0.0140625 0.0109375
3 0.47265625 0.4828125 0.009375 0.0125
3 0.4578125 0.48671875 0.0109375 0.0078125
3 0.4796875 0.496875 0.0109375 0.009375