4 0.04296875 0.471875 0.0265625 0.0328125
4 0.153125 0.4328125 0.009375 0.0125
4 0.2546875 0.42734375 0.009375 0.0125
4 0.08984375 0.44765625 0.009375 0.0125
4 0.10078125 0.45703125 0.0171875 0.0265625
2 0.5953125 0.496875 0.0796875 0.0765625
2 0.7046875 0.47578125 0.04375 0.0609375
2 0.49609375 0.5234375 0.0890625 0.0515625
2 0.965625 0.4953125 0.0671875 0.0421875
2 0.56328125 0.46328125 0.05 0.05
2 0.58828125 0.4453125 0.028125 0.034375
2 0.76640625 0.4546875 0.0546875 0.05625
2 0.8609375 0.4953125 0.1078125 0.0453125
2 0.67109375 0.459375 0.05 0.0578125
2 0.62421875 0.45234375 0.0375 0.0421875
2 0.91953125 0.52265625 0.078125 0.0203125
4 0.21484375 0.4390625 0.0578125 0.0671875
4 0.07265625 0.453125 0.0125 0.0078125
4 0.140625 0.4328125 0.015625 0.0109375
2 0.49453125 0.446875 0.0203125 0.040625
4 0.465625 0.50078125 0.0109375 0.0265625