2 0.14140625 0.2546875 0.265625 0.2515625
4 0.6171875 0.51640625 0.0484375 0.053125
4 0.4125 0.325 0.0328125 0.040625
4 0.3375 0.3390625 0.028125 0.0328125
4 0.0203125 0.51796875 0.01875 0.0671875
4 0.60390625 0.2859375 0.04375 0.0578125
4 0.7234375 0.32265625 0.0734375 0.0359375
4 0.7421875 0.32421875 0.053125 0.053125
4 0.24453125 0.3578125 0.0203125 0.021875
4 0.21796875 0.35625 0.0171875 0.03125
4 0.38125 0.33359375 0.03125 0.0359375
4 0.715625 0.51171875 0.05 0.05625
4 0.0328125 0.515625 0.015625 0.0484375
4 0.00625 0.5109375 0.0125 0.0359375
2 0.14375 0.05390625 0.2625 0.1078125