4 0.75859375 0.8078125 0.09375 0.134375
4 0.8578125 0.7953125 0.08125 0.0625
4 0.6765625 0.690625 0.053125 0.0546875
4 0.6375 0.69375 0.0453125 0.090625
4 0.4953125 0.60390625 0.053125 0.1
2 0.1390625 0.4078125 0.0671875 0.046875
4 0.51953125 0.58671875 0.0328125 0.0421875
4 0.4484375 0.54375 0.015625 0.0203125
4 0.38984375 0.49453125 0.021875 0.0296875
4 0.37578125 0.5 0.03125 0.03125
4 0.9078125 0.65546875 0.0453125 0.0453125
4 0.534375 0.6328125 0.0609375 0.0828125
4 0.42578125 0.55234375 0.0484375 0.0875
4 0.87421875 0.60625 0.053125 0.0609375
4 0.728125 0.946875 0.09375 0.10625
4 0.815625 0.9890625 0.08125 0.021875
4 0.5765625 0.98828125 0.0375 0.0234375