4 0.9421875 0.584375 0.0109375 0.034375
2 0.5359375 0.5125 0.840625 0.15625
4 0.6234375 0.56875 0.021875 0.0578125
4 0.5265625 0.5671875 0.01875 0.0515625
4 0.43125 0.5796875 0.0125 0.0375
4 0.4234375 0.578125 0.009375 0.034375
4 0.221875 0.5796875 0.0125 0.025
4 0.2546875 0.575 0.009375 0.025
4 0.1953125 0.58125 0.0046875 0.0203125
4 0.1625 0.5765625 0.0109375 0.0328125
4 0.0328125 0.578125 0.0078125 0.0375
4 0.2765625 0.5765625 0.009375 0.0234375
4 0.1484375 0.575 0.01875 0.0359375
4 0.1859375 0.578125 0.0140625 0.028125
4 0.9421875 0.08125 0.0109375 0.034375
4 0.9421875 0.746875 0.0109375 0.034375
2 0.5359375 0.153125 0.840625 0.15625
2 0.5359375 0.81875 0.840625 0.15625
4 0.6234375 0.096875 0.021875 0.0578125
4 0.6234375 0.7625 0.021875 0.0578125
4 0.5265625 0.0984375 0.01875 0.0515625
4 0.5265625 0.7640625 0.01875 0.0515625
4 0.43125 0.0859375 0.0125 0.0375
4 0.43125 0.7515625 0.0125 0.0375
4 0.4234375 0.0875 0.009375 0.034375
4 0.4234375 0.753125 0.009375 0.034375
4 0.221875 0.0859375 0.0125 0.025
4 0.221875 0.7515625 0.0125 0.025
4 0.2546875 0.090625 0.009375 0.025
4 0.2546875 0.75625 0.009375 0.025
4 0.1953125 0.084375 0.0046875 0.0203125
4 0.1953125 0.75 0.0046875 0.0203125
4 0.1625 0.0890625 0.0109375 0.0328125
4 0.1625 0.7546875 0.0109375 0.0328125
4 0.0328125 0.0875 0.0078125 0.0375
4 0.0328125 0.753125 0.0078125 0.0375
4 0.2765625 0.0890625 0.009375 0.0234375
4 0.2765625 0.7546875 0.009375 0.0234375
4 0.1484375 0.090625 0.01875 0.0359375
4 0.1484375 0.75625 0.01875 0.0359375
4 0.1859375 0.0875 0.0140625 0.028125
4 0.1859375 0.753125 0.0140625 0.028125