2 0.59296875 0.56640625 0.74375 0.5640625
4 0.6734375 0.5765625 0.1765625 0.2328125
4 0.5484375 0.51875 0.1515625 0.19375
4 0.66171875 0.4828125 0.1125 0.1328125
4 0.56640625 0.42109375 0.0953125 0.109375
4 0.63359375 0.42109375 0.0875 0.1359375
4 0.48125 0.4609375 0.1203125 0.1671875
4 0.50859375 0.3796875 0.06875 0.0828125
4 0.41953125 0.41953125 0.1359375 0.178125
4 0.38984375 0.37734375 0.0859375 0.15
4 0.446875 0.31796875 0.0609375 0.059375
4 0.4796875 0.35234375 0.0640625 0.09375
4 0.32734375 0.3359375 0.059375 0.065625
4 0.33984375 0.35390625 0.109375 0.14375
4 0.34765625 0.303125 0.171875 0.26875
2 0.559375 0.91875 0.7125 0.1625
4 0.47421875 0.01328125 0.0578125 0.0265625
4 0.36953125 0.0640625 0.1609375 0.128125