2 0.4953125 0.5046875 0.371875 0.0921875
2 0.1359375 0.4640625 0.103125 0.0609375
4 0.81875 0.546875 0.10625 0.1953125
2 0.3015625 0.434375 0.0359375 0.0484375
4 0.2640625 0.409375 0.0078125 0.01875
4 0.2703125 0.409375 0.00625 0.0171875
4 0.35 0.4546875 0.0234375 0.03125
2 0.1359375 0.00625 0.103125 0.0125
4 0.81875 0.95390625 0.10625 0.0921875
2 0.30078125 0.01796875 0.0359375 0.0359375
4 0.2640625 0.0375 0.0078125 0.01875
4 0.2703125 0.0375 0.00625 0.0171875
4 0.34921875 0.00390625 0.0234375 0.0078125