2 0.2015625 0.6046875 0.403125 0.259375
2 0.59140625 0.509375 0.146875 0.125
2 0.15625 0.715625 0.30625 0.103125
2 0.11640625 0.36796875 0.21875 0.0734375
2 0.38125 0.36484375 0.2078125 0.046875
2 0.55703125 0.58203125 0.4 0.1546875
4 0.32890625 0.48515625 0.0859375 0.10625
4 0.64921875 0.60625 0.109375 0.1484375
4 0.915625 0.58125 0.16875 0.465625
4 0.56171875 0.33828125 0.0296875 0.0640625
4 0.53125 0.3265625 0.0390625 0.03125
4 0.76953125 0.31875 0.021875 0.0390625
4 0.67109375 0.33828125 0.01875 0.0453125
4 0.4484375 0.25234375 0.0296875 0.0453125
4 0.509375 0.52265625 0.0625 0.1015625
4 0.77421875 0.45625 0.065625 0.065625
4 0.89453125 0.48203125 0.046875 0.059375
2 0.56484375 0.35546875 0.1375 0.05
2 0.7921875 0.4625 0.1515625 0.0859375
2 0.68046875 0.3625 0.1 0.0296875
2 0.8578125 0.35703125 0.0796875 0.0296875
2 0.9640625 0.36171875 0.05 0.025
4 0.37109375 0.3515625 0.0296875 0.0296875
4 0.97578125 0.3015625 0.0265625 0.0390625
2 0.95 0.3640625 0.0328125 0.025
2 0.63828125 0.4234375 0.3828125 0.2203125
2 0.18984375 0.88828125 0.3796875 0.2078125
2 0.1515625 0.8 0.303125 0.103125
2 0.140625 0.02421875 0.21875 0.0484375
2 0.403125 0.053125 0.2078125 0.046875
2 0.5296875 0.9546875 0.396875 0.090625
4 0.62421875 0.95078125 0.1078125 0.0984375
4 0.93828125 0.08515625 0.1234375 0.1203125
4 0.89609375 0.903125 0.1609375 0.19375
4 0.578125 0.1046875 0.0296875 0.0640625
4 0.54609375 0.11171875 0.0390625 0.03125
4 0.78125 0.153125 0.021875 0.0390625
4 0.68671875 0.11953125 0.01875 0.0453125
4 0.45390625 0.17421875 0.0296875 0.0453125
4 0.803125 0.03359375 0.0625 0.03125
2 0.58359375 0.0875 0.1375 0.05
2 0.821875 0.0359375 0.1484375 0.040625
2 0.69921875 0.09765625 0.1 0.0296875
2 0.8734375 0.1265625 0.0796875 0.0296875
2 0.97734375 0.1375 0.0453125 0.025
4 0.39140625 0.06484375 0.0296875 0.0296875
4 0.9828125 0.1984375 0.0265625 0.0390625
2 0.965625 0.1328125 0.0328125 0.025
2 0.6625 0.06953125 0.378125 0.1390625