4 0.3328125 0.734375 0.015625 0.04375
4 0.4859375 0.5578125 0.0046875 0.025
4 0.346875 0.728125 0.0125 0.0359375
4 0.296875 0.7609375 0.015625 0.046875
2 0.2828125 0.475 0.1109375 0.0328125
2 0.3359375 0.36875 0.096875 0.0359375
2 0.275 0.290625 0.053125 0.009375
4 0.4796875 0.7984375 0.0265625 0.021875
4 0.5484375 0.5390625 0.0125 0.015625
4 0.5 0.85 0.009375 0.0109375
4 0.5015625 0.5359375 0.003125 0.0046875
4 0.51875 0.5359375 0.0078125 0.009375
4 0.734375 0.4828125 0.0078125 0.0109375
4 0.7 0.4765625 0.0078125 0.0109375
2 0.3453125 0.4515625 0.109375 0.0109375
2 0.453125 0.31875 0.1109375 0.01875
2 0.5109375 0.3859375 0.1265625 0.0375
2 0.3109375 0.253125 0.1125 0.025
2 0.578125 0.5609375 0.275 0.05
2 0.74375 0.390625 0.1171875 0.04375
2 0.8828125 0.365625 0.190625 0.0546875
2 0.709375 0.35 0.2 0.053125
2 0.60625 0.4859375 0.16875 0.0515625
4 0.2578125 0.471875 0.003125 0.015625
2 0.515625 0.7796875 0.2890625 0.040625
4 0.296875 0.9828125 0.015625 0.034375
4 0.4796875 0.9515625 0.0265625 0.021875
4 0.5 0.9 0.009375 0.0109375
2 0.3109375 0.0046875 0.1125 0.009375
2 0.515625 0.9703125 0.2890625 0.040625