2 0.4328125 0.6328125 0.134375 0.0578125
4 0.45078125 0.5765625 0.0171875 0.0203125
4 0.4875 0.58828125 0.0171875 0.015625
4 0.48671875 0.61015625 0.0171875 0.0203125
4 0.4640625 0.6171875 0.0140625 0.0140625
4 0.44609375 0.6125 0.01875 0.0203125
4 0.3890625 0.6 0.015625 0.0234375
4 0.43515625 0.609375 0.015625 0.0234375
4 0.47421875 0.59453125 0.0109375 0.0125
4 0.43515625 0.5796875 0.01875 0.0375
4 0.4734375 0.58671875 0.0125 0.015625
4 0.4828125 0.61796875 0.015625 0.0140625
4 0.42734375 0.60703125 0.0125 0.021875