2 0.5265625 0.53125 0.0609375 0.0515625
2 0.45625 0.5328125 0.053125 0.0453125
2 0.3359375 0.596875 0.2328125 0.103125
2 0.6015625 0.534375 0.071875 0.05625
2 0.409375 0.5234375 0.071875 0.0546875
2 0.678125 0.5421875 0.065625 0.046875
2 0.8796875 0.5453125 0.1203125 0.0578125
2 0.2453125 0.6 0.2609375 0.096875
2 0.1171875 0.5671875 0.196875 0.065625
2 0.7703125 0.6234375 0.18125 0.05
2 0.278125 0.5359375 0.203125 0.075
2 0.95625 0.475 0.0859375 0.20625
2 0.7515625 0.54375 0.0828125 0.0484375
2 0.5265625 0.16875 0.0609375 0.0515625
2 0.5265625 0.765625 0.0609375 0.0515625
2 0.45625 0.1671875 0.053125 0.0453125
2 0.45625 0.7640625 0.053125 0.0453125
2 0.3359375 0.103125 0.2328125 0.103125
2 0.3359375 0.7 0.2328125 0.103125
2 0.33515625 0.02578125 0.2328125 0.0515625
2 0.6015625 0.165625 0.071875 0.05625
2 0.6015625 0.7625 0.071875 0.05625
2 0.409375 0.1765625 0.071875 0.0546875
2 0.409375 0.7734375 0.071875 0.0546875
2 0.678125 0.1578125 0.065625 0.046875
2 0.678125 0.7546875 0.065625 0.046875
2 0.8796875 0.1546875 0.1203125 0.0578125
2 0.8796875 0.7515625 0.1203125 0.0578125
2 0.2453125 0.1 0.2609375 0.096875
2 0.2453125 0.696875 0.2609375 0.096875
2 0.24453125 0.02578125 0.2609375 0.0515625
2 0.1171875 0.1328125 0.196875 0.065625
2 0.1171875 0.7296875 0.196875 0.065625
2 0.7703125 0.0765625 0.18125 0.05
2 0.7703125 0.6734375 0.18125 0.05
2 0.7703125 0.0265625 0.18125 0.05
2 0.278125 0.1640625 0.203125 0.075
2 0.278125 0.7609375 0.203125 0.075
2 0.95625 0.225 0.0859375 0.20625
2 0.95625 0.821875 0.0859375 0.20625
2 0.7515625 0.15625 0.0828125 0.0484375
2 0.7515625 0.753125 0.0828125 0.0484375