2 0.9609375 0.33671875 0.0375 0.0828125
4 0.46484375 0.62109375 0.2125 0.459375
4 0.6890625 0.61796875 0.240625 0.64375
4 0.81875 0.3765625 0.075 0.1140625
4 0.440625 0.3359375 0.065625 0.1234375
4 0.15078125 0.34375 0.05625 0.04375
4 0.740625 0.35546875 0.040625 0.1453125
4 0.85625 0.33828125 0.059375 0.078125
2 0.28515625 0.3015625 0.0203125 0.0484375
2 0.16875 0.3046875 0.0046875 0.015625
2 0.26796875 0.30703125 0.0125 0.021875
4 0.3 0.3546875 0.0140625 0.025
4 0.3328125 0.35859375 0.0203125 0.025
4 0.3671875 0.365625 0.01875 0.01875
4 0.75390625 0.3421875 0.0203125 0.0765625
4 0.2703125 0.534375 0.1703125 0.3359375
4 0.38125 0.35859375 0.0265625 0.03125