2 0.3859375 0.4765625 0.2875 0.30625
2 0.5921875 0.4703125 0.253125 0.0890625
2 0.89375 0.453125 0.165625 0.0265625
4 0.2921875 0.471875 0.053125 0.1203125
4 0.165625 0.571875 0.075 0.1734375
4 0.346875 0.4875 0.0390625 0.053125
4 0.31875 0.49375 0.0359375 0.0703125
4 0.40625 0.4796875 0.0453125 0.05
4 0.3703125 0.4890625 0.028125 0.0328125
4 0.4296875 0.475 0.021875 0.0296875
4 0.51875 0.4546875 0.015625 0.015625
4 0.446875 0.48125 0.034375 0.040625
2 0.3859375 0.03515625 0.2875 0.0703125
4 0.165625 0.9734375 0.075 0.053125