2 0.50546875 0.65625 0.228125 0.1234375
4 0.6328125 0.515625 0.0734375 0.1375
4 0.59296875 0.4671875 0.04375 0.0671875
4 0.6578125 0.4671875 0.0625 0.0421875
4 0.56484375 0.5078125 0.05625 0.071875
4 0.50859375 0.53515625 0.0703125 0.1265625
4 0.68046875 0.46171875 0.0546875 0.096875
4 0.7796875 0.453125 0.059375 0.075
4 0.728125 0.465625 0.0625 0.0703125
4 0.41796875 0.53203125 0.046875 0.075
4 0.44296875 0.52421875 0.05625 0.09375
4 0.65 0.44296875 0.0390625 0.046875
4 0.5765625 0.4890625 0.021875 0.028125
2 0.25625 0.47890625 0.059375 0.0296875
2 0.8921875 0.3234375 0.0796875 0.0484375
2 0.55625 0.40390625 0.08125 0.040625
2 0.8078125 0.34453125 0.06875 0.0390625
2 0.86015625 0.5421875 0.2328125 0.146875
4 0.46328125 0.528125 0.040625 0.075
2 0.696875 0.3734375 0.0578125 0.0296875
2 0.20625 0.48984375 0.046875 0.025
2 0.103125 0.50859375 0.040625 0.0328125
2 0.5859375 0.97265625 0.215625 0.0546875