2 0.615625 0.821875 0.35 0.2984375
4 0.58125 0.1484375 0.0203125 0.059375
4 0.6140625 0.14375 0.0234375 0.06875
4 0.3921875 0.1296875 0.0046875 0.009375
4 0.409375 0.128125 0.003125 0.009375
4 0.4046875 0.128125 0.0046875 0.0109375
2 0.415625 0.721875 0.359375 0.2140625
2 0.6296875 0.421875 0.2328125 0.31875
2 0.5515625 0.2453125 0.175 0.21875
4 0.7796875 0.125 0.0046875 0.0109375
4 0.771875 0.125 0.0046875 0.0125
2 0.9359375 0.82109375 0.128125 0.2984375
2 0.04921875 0.72109375 0.0984375 0.2140625
2 0.9578125 0.421875 0.084375 0.31875
4 0.8828125 0.125 0.0046875 0.0109375
4 0.890625 0.125 0.0046875 0.0125