2 0.43984375 0.56953125 0.3 0.1875
2 0.4828125 0.440625 0.1421875 0.1484375
2 0.07734375 0.38203125 0.0796875 0.0453125
2 0.74921875 0.5328125 0.025 0.0078125
2 0.646875 0.5125 0.0390625 0.015625
2 0.71328125 0.52109375 0.0265625 0.0171875
4 0.4328125 0.5765625 0.0265625 0.01875
4 0.3453125 0.5578125 0.025 0.01875
4 0.37109375 0.55703125 0.034375 0.0328125
4 0.321875 0.55546875 0.0203125 0.021875
4 0.4046875 0.5703125 0.0296875 0.0234375
4 0.39921875 0.56640625 0.0203125 0.0234375
4 0.440625 0.57578125 0.01875 0.0234375
4 0.4890625 0.59921875 0.0140625 0.0140625
4 0.4859375 0.58828125 0.0359375 0.0265625
4 0.490625 0.58046875 0.0171875 0.01875
4 0.51796875 0.60703125 0.0109375 0.0125
4 0.45859375 0.58203125 0.0265625 0.0265625
2 0.8875 0.56171875 0.028125 0.0109375
3 0.4546875 0.53671875 0.0265625 0.021875
3 0.58359375 0.61953125 0.025 0.0265625
2 0.38046875 0.93828125 0.2921875 0.1234375
2 0.546875 0.03515625 0.13125 0.0703125
4 0.37109375 0.9625 0.0265625 0.01875
4 0.2828125 0.953125 0.025 0.01875
4 0.30703125 0.96171875 0.034375 0.0328125
4 0.26015625 0.94765625 0.0203125 0.021875
4 0.34375 0.959375 0.0296875 0.0234375
4 0.33671875 0.96171875 0.0203125 0.0234375
4 0.37890625 0.96484375 0.01875 0.0234375
4 0.43203125 0.9578125 0.0140625 0.0140625
4 0.42578125 0.96796875 0.0359375 0.0265625
4 0.428125 0.97578125 0.0171875 0.01875
4 0.46171875 0.959375 0.0109375 0.0125
4 0.39765625 0.96484375 0.0265625 0.0265625
3 0.52890625 0.96796875 0.025 0.0265625