2 0.34765625 0.603125 0.121875 0.1125
2 0.6234375 0.56640625 0.115625 0.0953125
2 0.53984375 0.48203125 0.0796875 0.1203125
2 0.746875 0.52734375 0.0828125 0.0984375
2 0.63984375 0.48828125 0.078125 0.08125
2 0.1984375 0.42734375 0.10625 0.1359375
2 0.1078125 0.49609375 0.1109375 0.096875
2 0.6046875 0.38828125 0.05 0.1546875
2 0.84453125 0.5234375 0.0734375 0.0546875
2 0.85859375 0.56796875 0.1359375 0.16875
2 0.3671875 0.525 0.109375 0.09375
2 0.459375 0.440625 0.05625 0.03125
2 0.696875 0.4828125 0.053125 0.0328125
2 0.68984375 0.71484375 0.071875 0.0640625
2 0.6421875 0.028125 0.0375 0.034375
2 0.659375 0.97890625 0.071875 0.0421875