2 0.2015625 0.7609375 0.334375 0.1265625
2 0.8640625 0.703125 0.1671875 0.096875
2 0.6 0.65625 0.1296875 0.084375
2 0.9546875 0.6546875 0.0890625 0.06875
2 0.5609375 0.753125 0.415625 0.1578125
2 0.690625 0.6703125 0.08125 0.0515625
2 0.76875 0.6609375 0.0875 0.0734375
4 0.8296875 0.68125 0.0140625 0.028125
2 0.2015625 0.9046875 0.334375 0.1265625
2 0.86328125 0.95703125 0.1671875 0.0859375
2 0.59921875 0.98359375 0.1296875 0.0328125
2 0.95390625 0.98828125 0.0890625 0.0234375
2 0.5609375 0.9125 0.415625 0.1578125
2 0.690625 0.984375 0.08125 0.03125
2 0.76875 0.98359375 0.0875 0.0328125
4 0.8296875 0.984375 0.0140625 0.028125