2 0.6234375 0.390625 0.134375 0.05
2 0.375 0.4359375 0.0625 0.0515625
2 0.2390625 0.409375 0.1375 0.0546875
2 0.78125 0.4703125 0.3125 0.0875
4 0.36875 0.428125 0.0109375 0.0453125
2 0.825 0.384375 0.028125 0.021875
2 0.4984375 0.378125 0.059375 0.03125
2 0.8796875 0.40625 0.08125 0.04375
2 0.465625 0.3984375 0.021875 0.025
2 0.4265625 0.378125 0.04375 0.0296875
4 0.9875 0.428125 0.0234375 0.0328125
4 0.709375 0.4015625 0.0109375 0.0234375
4 0.465625 0.4015625 0.0078125 0.0109375
2 0.2828125 0.56875 0.565625 0.19375
2 0.3890625 0.690625 0.7765625 0.3359375
2 0.5421875 0.378125 0.0296875 0.0296875
4 0.971875 0.3984375 0.009375 0.0109375
4 0.4625 0.3953125 0.00625 0.0140625
4 0.153125 0.55 0.053125 0.0296875
4 0.36875 0.3828125 0.0140625 0.0390625
2 0.38828125 0.9453125 0.7765625 0.109375