2 0.46640625 0.646875 0.853125 0.184375
2 0.5921875 0.55859375 0.815625 0.1328125
2 0.4484375 0.3125 0.3625 0.059375
2 0.82421875 0.28984375 0.3390625 0.0765625
2 0.13984375 0.3140625 0.225 0.05
4 0.36171875 0.521875 0.1125 0.134375
4 0.278125 0.6734375 0.175 0.2078125
4 0.04140625 0.296875 0.040625 0.05
4 0.06484375 0.26953125 0.0515625 0.071875
4 0.80625 0.275 0.0546875 0.059375
4 0.40625 0.2875 0.04375 0.0546875
2 0.0703125 0.64296875 0.1359375 0.14375
2 0.0375 0.403125 0.075 0.05
2 0.475 0.9125 0.853125 0.175
2 0.6 0.96484375 0.8 0.0703125
2 0.44140625 0.125 0.3625 0.059375
2 0.81796875 0.12109375 0.3390625 0.0765625
2 0.134375 0.1453125 0.225 0.05
4 0.2859375 0.9 0.175 0.2
4 0.03671875 0.16875 0.040625 0.05
4 0.0625 0.19453125 0.0515625 0.071875
4 0.8015625 0.1375 0.0546875 0.059375
4 0.4015625 0.153125 0.04375 0.0546875
2 0.08046875 0.93828125 0.1359375 0.1234375
2 0.03125 0.0625 0.0625 0.05