2 0.4796875 0.5734375 0.0765625 0.046875
2 0.565625 0.509375 0.04375 0.01875
2 0.6015625 0.51875 0.0375 0.015625
2 0.865625 0.5234375 0.078125 0.05
2 0.278125 0.54375 0.0921875 0.0296875
2 0.5296875 0.5734375 0.08125 0.0484375
4 0.675 0.634375 0.071875 0.20625
4 0.55 0.665625 0.096875 0.1296875
4 0.4453125 0.6984375 0.140625 0.196875
4 0.296875 0.78125 0.1484375 0.1859375
4 0.971875 0.5796875 0.05625 0.1125
4 0.2359375 0.646875 0.121875 0.128125
4 0.9171875 0.6390625 0.04375 0.0953125
4 0.8 0.6484375 0.0515625 0.1734375
4 0.396875 0.7171875 0.0859375 0.1078125
4 0.28125 0.534375 0.01875 0.021875
4 0.978125 0.665625 0.04375 0.075
4 0.8453125 0.61875 0.0703125 0.1390625
2 0.915625 0.565625 0.0578125 0.0328125
4 0.2140625 0.59375 0.040625 0.0359375
4 0.4453125 0.9765625 0.140625 0.046875
4 0.29609375 0.9375 0.1484375 0.125
4 0.39609375 0.9890625 0.0859375 0.021875