2 0.87421875 0.440625 0.0421875 0.103125
2 0.95078125 0.49375 0.0453125 0.0234375
4 0.753125 0.46328125 0.009375 0.009375
2 0.41484375 0.434375 0.06875 0.046875
2 0.9578125 0.48671875 0.021875 0.0140625
2 0.29921875 0.38125 0.140625 0.040625
2 0.90625 0.48828125 0.04375 0.021875
2 0.2296875 0.50625 0.253125 0.103125
2 0.97109375 0.50703125 0.0578125 0.0265625
2 0.51328125 0.440625 0.0953125 0.0265625
2 0.246875 0.44375 0.3390625 0.1234375
2 0.09296875 0.484375 0.1453125 0.0765625
2 0.97890625 0.490625 0.0421875 0.01875
2 0.02421875 0.51328125 0.0484375 0.1390625
2 0.30078125 0.39375 0.35 0.1171875