2 0.44453125 0.49921875 0.1375 0.09375
2 0.2015625 0.4515625 0.084375 0.0703125
2 0.3265625 0.44921875 0.0625 0.0359375
2 0.3421875 0.4328125 0.0828125 0.0578125
4 0.88046875 0.46171875 0.2390625 0.3328125
4 0.428125 0.48046875 0.03125 0.0578125
4 0.471875 0.4859375 0.03125 0.053125
2 0.44296875 0.4296875 0.0328125 0.0171875
2 0.46640625 0.4171875 0.0828125 0.0375
2 0.5609375 0.409375 0.021875 0.0140625
2 0.0484375 0.4734375 0.096875 0.09375
2 0.140625 0.4703125 0.0921875 0.0671875
2 0.2625 0.45234375 0.0765625 0.0453125
2 0.78671875 0.46015625 0.39375 0.5890625
2 0.15390625 0.06484375 0.084375 0.0609375
2 0.27578125 0.03515625 0.0625 0.03125
2 0.29453125 0.0453125 0.0828125 0.05625
4 0.83203125 0.025 0.2265625 0.05
4 0.91328125 0.8984375 0.1734375 0.128125
2 0.39296875 0.0234375 0.0328125 0.0171875
2 0.41875 0.0296875 0.0828125 0.0375
2 0.5125 0.01484375 0.021875 0.0140625
2 0.0234375 0.08828125 0.046875 0.0703125
2 0.08984375 0.06640625 0.090625 0.05
2 0.2125 0.04765625 0.0765625 0.040625
2 0.73828125 0.103125 0.3515625 0.20625
2 0.8296875 0.85703125 0.340625 0.2484375