4 0.11953125 0.76171875 0.0625 0.1140625
4 0.93125 0.784375 0.053125 0.1015625
2 0.3390625 0.63671875 0.1046875 0.059375
2 0.30703125 0.303125 0.01875 0.0109375
2 0.22421875 0.5875 0.090625 0.0421875
2 0.1671875 0.55390625 0.0984375 0.034375
2 0.159375 0.5765625 0.0375 0.0328125
2 0.4234375 0.5828125 0.034375 0.025
2 0.65 0.3296875 0.0140625 0.01875
2 0.5921875 0.69921875 0.0609375 0.0671875
2 0.89609375 0.70234375 0.040625 0.0515625
2 0.3375 0.578125 0.0796875 0.0421875
2 0.8265625 0.35 0.0125 0.0140625
2 0.77265625 0.7375 0.065625 0.075
2 0.5140625 0.6578125 0.040625 0.0515625
4 0.10546875 0.91796875 0.0609375 0.103125