2 0.5171875 0.54765625 0.965625 0.3734375
2 0.49140625 0.3015625 0.9828125 0.41875
4 0.3375 0.4515625 0.0125 0.0203125
4 0.8171875 0.3671875 0.0140625 0.0359375
4 0.16015625 0.484375 0.0171875 0.03125
4 0.53359375 0.421875 0.0140625 0.025
4 0.2046875 0.47421875 0.01875 0.0375
4 0.8375 0.3640625 0.0234375 0.0421875
4 0.79453125 0.37109375 0.01875 0.0375
4 0.78359375 0.37421875 0.0171875 0.0375
4 0.54921875 0.42109375 0.0109375 0.0265625
4 0.834375 0.37578125 0.01875 0.0265625
4 0.7140625 0.39453125 0.0203125 0.028125
4 0.19609375 0.47734375 0.0140625 0.0296875
4 0.3140625 0.45625 0.015625 0.028125
2 0.5109375 0.69765625 0.978125 0.3984375
2 0.4703125 0.12421875 0.940625 0.2484375
2 0.53125 0.8796875 0.9375 0.240625