2 0.25859375 0.465625 0.2296875 0.159375
4 0.06484375 0.4828125 0.128125 0.2609375
4 0.02578125 0.4640625 0.0515625 0.21875
4 0.04453125 0.375 0.034375 0.04375
2 0.55 0.540625 0.4296875 0.2078125
2 0.3609375 0.41484375 0.11875 0.0390625
2 0.58359375 0.4234375 0.071875 0.0484375
2 0.775 0.46796875 0.059375 0.0359375
2 0.73125 0.4625 0.0328125 0.021875
2 0.7125 0.44921875 0.0578125 0.0328125
2 0.6875 0.43515625 0.0203125 0.0203125
2 0.44765625 0.41328125 0.103125 0.0421875
4 0.05234375 0.33515625 0.0265625 0.0484375
2 0.6421875 0.41953125 0.021875 0.01875
4 0.025 0.3296875 0.021875 0.0578125