4 0.2078125 0.4578125 0.0703125 0.0890625
2 0.51875 0.3921875 0.15625 0.4515625
2 0.85625 0.5296875 0.2078125 0.15625
2 0.6046875 0.415625 0.0828125 0.0609375
2 0.3421875 0.425 0.0796875 0.040625
2 0.4734375 0.4234375 0.06875 0.0640625
2 0.746875 0.3484375 0.06875 0.1515625
2 0.1609375 0.5453125 0.2890625 0.1546875
2 0.8203125 0.3859375 0.0546875 0.0484375
2 0.271875 0.33125 0.0625 0.14375
2 0.0703125 0.3609375 0.06875 0.075
2 0.209375 0.3796875 0.046875 0.0484375
2 0.0453125 0.48828125 0.090625 0.1265625
2 0.0296875 0.353125 0.059375 0.1421875
2 0.615625 0.378125 0.1765625 0.0671875
2 0.51875 0.08203125 0.15625 0.1640625
2 0.746875 0.02890625 0.06875 0.0578125
2 0.271875 0.0359375 0.0625 0.071875
2 0.0296875 0.02421875 0.059375 0.0484375