2 0.30625 0.4765625 0.453125 0.2421875
2 0.08359375 0.45390625 0.1125 0.0484375
2 0.12265625 0.41875 0.15625 0.075
2 0.3375 0.34765625 0.546875 0.353125
3 0.13359375 0.48515625 0.028125 0.0203125
3 0.1640625 0.49453125 0.03125 0.015625
3 0.19453125 0.503125 0.025 0.0125
3 0.19453125 0.515625 0.0234375 0.0109375
3 0.221875 0.51015625 0.0234375 0.0125
3 0.2234375 0.52109375 0.021875 0.0125
3 0.24921875 0.52734375 0.0203125 0.0109375
3 0.29296875 0.53125 0.021875 0.0125
3 0.3234375 0.53828125 0.021875 0.0140625
3 0.359375 0.540625 0.021875 0.0125
3 0.39375 0.546875 0.028125 0.0140625
3 0.42578125 0.55234375 0.0265625 0.0125
3 0.46484375 0.55703125 0.0328125 0.0125
2 0.375 0.06015625 0.525 0.1203125