2 0.48671875 0.8296875 0.665625 0.13125
4 0.54140625 0.753125 0.015625 0.0265625
4 0.40546875 0.746875 0.01875 0.046875
4 0.3828125 0.76328125 0.034375 0.0375
4 0.665625 0.7703125 0.0296875 0.0328125
4 0.4140625 0.765625 0.021875 0.0328125
4 0.35625 0.7625 0.025 0.0375
4 0.515625 0.73515625 0.01875 0.01875
4 0.36640625 0.7453125 0.0203125 0.0390625
4 0.384375 0.73046875 0.0234375 0.0171875
4 0.603125 0.73515625 0.028125 0.0640625
4 0.1703125 0.75703125 0.0234375 0.040625
4 0.19375 0.76484375 0.0296875 0.0296875
4 0.2265625 0.7609375 0.028125 0.040625
2 0.07890625 0.81328125 0.1578125 0.1140625
2 0.90625 0.84296875 0.1671875 0.1140625
4 0.97890625 0.78125 0.025 0.0328125
4 0.1453125 0.75625 0.0234375 0.040625
4 0.121875 0.76171875 0.0296875 0.0296875
4 0.0890625 0.75625 0.028125 0.040625