2 0.7578125 0.56796875 0.484375 0.3640625
2 0.290625 0.475 0.05 0.06875
4 0.10078125 0.4 0.0390625 0.046875
4 0.06875 0.3875 0.0328125 0.0609375
4 0.66171875 0.43828125 0.015625 0.0203125
4 0.64609375 0.44140625 0.0203125 0.015625
4 0.1828125 0.42421875 0.0171875 0.015625
4 0.1640625 0.42109375 0.0078125 0.0078125
4 0.14453125 0.4171875 0.021875 0.0203125
4 0.21328125 0.42890625 0.0078125 0.0078125
4 0.22734375 0.43046875 0.0125 0.0140625
2 0.184375 0.4859375 0.19375 0.13125
4 0.60859375 0.465625 0.021875 0.015625