4 0.68125 0.51875 0.0046875 0.00625
4 0.5296875 0.8265625 0.028125 0.0890625
4 0.59375 0.8265625 0.0390625 0.084375
4 0.2296875 0.596875 0.009375 0.0359375
4 0.8140625 0.5890625 0.01875 0.040625
4 0.80625 0.525 0.0078125 0.015625
4 0.046875 0.6125 0.015625 0.0359375
4 0.3390625 0.653125 0.0265625 0.071875
4 0.3015625 0.61875 0.015625 0.034375
4 0.5609375 0.5890625 0.01875 0.040625
4 0.7328125 0.5125 0.0078125 0.01875
2 0.65625 0.703125 0.0828125 0.05625
4 0.8640625 0.503125 0.0140625 0.009375
4 0.4171875 0.75 0.028125 0.0859375
4 0.21875 0.6 0.0125 0.0421875
4 0.184375 0.596875 0.0140625 0.0453125
4 0.2015625 0.596875 0.015625 0.040625
4 0.0203125 0.615625 0.0171875 0.05
4 0.2359375 0.8328125 0.03125 0.078125
4 0.290625 0.853125 0.0390625 0.0359375
4 0.1984375 0.8484375 0.0375 0.0453125
4 0.5296875 0.9171875 0.028125 0.0890625
4 0.59375 0.9171875 0.0390625 0.084375
4 0.4171875 0.975 0.028125 0.05
4 0.2359375 0.9109375 0.03125 0.078125
4 0.290625 0.890625 0.0390625 0.0359375
4 0.1984375 0.8953125 0.0375 0.0453125