2 0.934375 0.70625 0.1296875 0.0265625
4 0.6 0.621875 0.0125 0.0078125
4 0.6375 0.6234375 0.0078125 0.00625
4 0.64375 0.6234375 0.0046875 0.0078125
4 0.3046875 0.6015625 0.00625 0.0078125
4 0.3296875 0.603125 0.0046875 0.00625
4 0.3453125 0.6078125 0.0046875 0.0125
2 0.6890625 0.7015625 0.059375 0.0234375
2 0.6453125 0.69375 0.09375 0.040625
4 0.3625 0.6046875 0.0078125 0.0078125
4 0.0640625 0.5921875 0.0046875 0.00625
4 0.084375 0.5921875 0.0046875 0.0078125
4 0.103125 0.5921875 0.0046875 0.0078125
4 0.1546875 0.59375 0.0046875 0.00625
4 0.1390625 0.59375 0.003125 0.00625
4 0.234375 0.5984375 0.0046875 0.0046875
2 0.934375 0.959375 0.1296875 0.0265625
2 0.6890625 0.9640625 0.059375 0.0234375
2 0.6453125 0.971875 0.09375 0.040625