4 0.63125 0.59375 0.35625 0.209375
4 0.359375 0.5203125 0.1421875 0.1609375
4 0.8390625 0.3703125 0.0375 0.071875
4 0.0578125 0.515625 0.115625 0.1921875
4 0.05625 0.446875 0.0734375 0.140625
4 0.9265625 0.4140625 0.071875 0.1421875
4 0.6140625 0.39375 0.0640625 0.1265625
4 0.815625 0.5015625 0.2765625 0.2609375
4 0.5078125 0.5828125 0.178125 0.3171875
4 0.2546875 0.525 0.2421875 0.196875
4 0.4625 0.528125 0.0953125 0.1203125
4 0.9859375 0.509375 0.028125 0.0671875
2 0.228125 0.5828125 0.4296875 0.1796875
4 0.696875 0.4125 0.10625 0.1640625
4 0.5078125 0.96171875 0.178125 0.0765625