2 0.4890625 0.5296875 0.9609375 0.3875
4 0.8359375 0.5265625 0.0546875 0.0671875
4 0.7828125 0.5265625 0.05 0.0609375
4 0.65625 0.5109375 0.0515625 0.0796875
4 0.4953125 0.4734375 0.0453125 0.08125
4 0.684375 0.515625 0.021875 0.065625
4 0.609375 0.5078125 0.03125 0.059375
4 0.571875 0.49375 0.053125 0.0765625
4 0.715625 0.51875 0.05 0.071875
4 0.45625 0.465625 0.0328125 0.065625
4 0.5328125 0.4859375 0.0296875 0.065625
4 0.740625 0.521875 0.0359375 0.0671875
4 0.415625 0.3546875 0.059375 0.1328125
4 0.3265625 0.371875 0.0546875 0.06875
4 0.8078125 0.4765625 0.0890625 0.0953125