2 0.521875 0.5109375 0.403125 0.0796875
4 0.4515625 0.4796875 0.0140625 0.0203125
4 0.4390625 0.4796875 0.0125 0.0203125
4 0.421875 0.484375 0.0234375 0.0265625
4 0.4 0.4859375 0.015625 0.0296875
4 0.1015625 0.4890625 0.0109375 0.0109375
4 0.1359375 0.4890625 0.015625 0.01875
4 0.0828125 0.4921875 0.0125 0.0078125
4 0.1078125 0.490625 0.0078125 0.0109375
4 0.3703125 0.453125 0.0078125 0.0171875
4 0.4171875 0.453125 0.0046875 0.015625
2 0.078125 0.496875 0.13125 0.0421875
4 0.275 0.453125 0.00625 0.01875
4 0.0453125 0.490625 0.015625 0.0078125