2 0.2984375 0.61328125 0.2828125 0.434375
4 0.51328125 0.5421875 0.175 0.1828125
4 0.2828125 0.40859375 0.0609375 0.1453125
4 0.81640625 0.71640625 0.0296875 0.025
4 0.22265625 0.409375 0.0640625 0.15
4 0.17109375 0.3609375 0.0578125 0.0875
4 0.25078125 0.403125 0.065625 0.15625
4 0.68046875 0.740625 0.053125 0.0375
4 0.17890625 0.38359375 0.04375 0.0859375
2 0.1 0.63671875 0.2 0.4265625
4 0.02734375 0.43984375 0.0546875 0.1453125
4 0.90625 0.70546875 0.0296875 0.025
4 0.08359375 0.4265625 0.0640625 0.15
4 0.121875 0.3671875 0.0578125 0.0875
4 0.0546875 0.42734375 0.065625 0.15625
4 0.11953125 0.390625 0.04375 0.0859375