2 0.3984375 0.609375 0.1546875 0.2234375
2 0.33671875 0.4328125 0.1484375 0.1546875
2 0.47265625 0.62265625 0.1625 0.215625
4 0.25703125 0.79921875 0.1390625 0.146875
4 0.0953125 0.77734375 0.190625 0.1828125
2 0.25 0.296875 0.053125 0.040625
4 0.884375 0.70390625 0.046875 0.04375
4 0.86875 0.684375 0.0390625 0.0453125
4 0.71484375 0.55859375 0.0171875 0.021875
4 0.55390625 0.45234375 0.0234375 0.028125
4 0.3796875 0.33359375 0.009375 0.0234375
2 0.25390625 0.3421875 0.0625 0.0765625
4 0.30390625 0.2765625 0.009375 0.01875
4 0.28203125 0.25234375 0.00625 0.015625
4 0.7171875 0.57421875 0.03125 0.034375
2 0.290625 0.33671875 0.0515625 0.0421875
2 0.375 0.66640625 0.2484375 0.371875
2 0.24296875 0.265625 0.0265625 0.0265625
4 0.2765625 0.24765625 0.0046875 0.009375
4 0.25390625 0.93359375 0.1375 0.128125
4 0.09296875 0.9296875 0.1859375 0.128125
2 0.36953125 0.94609375 0.24375 0.1078125