2 0.5828125 0.3125 0.034375 0.1109375
4 0.6078125 0.6609375 0.03125 0.0265625
4 0.5515625 0.6625 0.015625 0.015625
4 0.48125 0.5921875 0.0265625 0.046875
4 0.5671875 0.471875 0.0078125 0.0140625
4 0.4078125 0.2609375 0.003125 0.0109375
4 0.575 0.65 0.0140625 0.0234375
4 0.4875 0.6390625 0.009375 0.0140625
4 0.4515625 0.646875 0.0265625 0.0296875
4 0.55 0.646875 0.0140625 0.01875
4 0.534375 0.65625 0.0140625 0.021875
2 0.615625 0.278125 0.015625 0.0234375
2 0.0296875 0.28359375 0.059375 0.0234375
2 0.053125 0.278125 0.034375 0.01875
2 0.875 0.2640625 0.0234375 0.01875
2 0.9125 0.259375 0.021875 0.009375
2 0.8890625 0.2609375 0.015625 0.0125
2 0.9125 0.2640625 0.0359375 0.0296875
4 0.4359375 0.65 0.0140625 0.0234375
4 0.4671875 0.6421875 0.009375 0.00625
2 0.0828125 0.2640625 0.103125 0.028125
2 0.85625 0.2640625 0.0171875 0.0203125
2 0.9015625 0.2625 0.0171875 0.0078125
2 0.8265625 0.2234375 0.009375 0.0109375
4 0.0296875 0.48125 0.0109375 0.034375
2 0.5828125 0.0625 0.034375 0.1109375
4 0.6078125 0.9640625 0.03125 0.0265625
4 0.5515625 0.9625 0.015625 0.015625
4 0.4078125 0.1140625 0.003125 0.0109375
4 0.575 0.975 0.0140625 0.0234375
4 0.4875 0.9859375 0.009375 0.0140625
4 0.4515625 0.978125 0.0265625 0.0296875
4 0.55 0.978125 0.0140625 0.01875
4 0.534375 0.96875 0.0140625 0.021875
2 0.615625 0.096875 0.015625 0.0234375
2 0.0296875 0.08984375 0.059375 0.0234375
2 0.053125 0.096875 0.034375 0.01875
2 0.875 0.1109375 0.0234375 0.01875
2 0.9125 0.115625 0.021875 0.009375
2 0.8890625 0.1140625 0.015625 0.0125
2 0.9125 0.1109375 0.0359375 0.0296875
4 0.4359375 0.975 0.0140625 0.0234375
4 0.4671875 0.9828125 0.009375 0.00625
2 0.0828125 0.1109375 0.103125 0.028125
2 0.85625 0.1109375 0.0171875 0.0203125
2 0.9015625 0.1125 0.0171875 0.0078125
2 0.8265625 0.1515625 0.009375 0.0109375