4 0.4671875 0.83203125 0.0046875 0.0046875
4 0.478125 0.828125 0.003125 0.00625
4 0.428125 0.83359375 0.003125 0.00625
4 0.4109375 0.83359375 0.003125 0.00625
4 0.85390625 0.80703125 0.00625 0.0078125
2 0.90078125 0.7671875 0.025 0.009375
4 0.81875 0.75703125 0.0109375 0.025
2 0.63125 0.7375 0.0375 0.0703125
4 0.21953125 0.81484375 0.0015625 0.003125
4 0.4390625 0.82890625 0.0046875 0.00625
4 0.2109375 0.83125 0.00625 0.0078125
4 0.46796875 0.83828125 0.0046875 0.0046875
4 0.47890625 0.840625 0.003125 0.00625
4 0.42890625 0.83984375 0.003125 0.00625
4 0.41171875 0.84296875 0.003125 0.00625
4 0.8546875 0.82265625 0.00625 0.0078125
2 0.90546875 0.85703125 0.025 0.009375
4 0.825 0.87578125 0.0109375 0.025
2 0.640625 0.91484375 0.0375 0.0703125
4 0.22265625 0.88046875 0.0015625 0.003125
4 0.43984375 0.84453125 0.0046875 0.00625
4 0.2125 0.865625 0.00625 0.0078125