4 0.47734375 0.6703125 0.2609375 0.41875
4 0.56640625 0.6234375 0.2109375 0.3328125
4 0.9609375 0.415625 0.021875 0.0265625
4 0.85859375 0.4265625 0.01875 0.021875
4 0.828125 0.4265625 0.0140625 0.015625
4 0.7140625 0.44140625 0.015625 0.021875
4 0.75 0.4390625 0.009375 0.0171875
2 0.72265625 0.45 0.1171875 0.0359375
2 0.834375 0.43671875 0.1015625 0.028125
2 0.10546875 0.53046875 0.146875 0.0421875
4 0.94921875 0.42109375 0.0140625 0.01875
4 0.77890625 0.4359375 0.0140625 0.0140625
4 0.5046875 0.93671875 0.23125 0.1265625