2 0.9484375 0.3046875 0.03125 0.08125
4 0.4734375 0.6234375 0.18125 0.4484375
4 0.696875 0.6046875 0.196875 0.63125
4 0.809375 0.3546875 0.0671875 0.109375
4 0.4296875 0.340625 0.0578125 0.1203125
4 0.140625 0.36875 0.053125 0.040625
4 0.7296875 0.3390625 0.03125 0.14375
4 0.84375 0.3140625 0.0546875 0.075
2 0.271875 0.3171875 0.0171875 0.046875
2 0.15625 0.328125 0.003125 0.015625
2 0.2546875 0.3234375 0.0109375 0.021875
4 0.290625 0.36875 0.0125 0.0234375
4 0.3234375 0.3703125 0.01875 0.0234375
4 0.3578125 0.375 0.0171875 0.0171875
4 0.7421875 0.325 0.015625 0.075
4 0.2734375 0.55 0.1484375 0.3265625
4 0.371875 0.3671875 0.025 0.0296875