2 0.4046875 0.571875 0.3328125 0.50625
2 0.6671875 0.5578125 0.346875 0.30625
2 0.084375 0.30625 0.1640625 0.103125
2 0.046875 0.2 0.0921875 0.065625
4 0.415625 0.365625 0.1453125 0.3421875
4 0.615625 0.371875 0.11875 0.215625
4 0.6046875 0.5421875 0.115625 0.2265625
4 0.484375 0.590625 0.1328125 0.1671875
4 0.359375 0.625 0.1296875 0.1765625
4 0.7453125 0.4984375 0.0921875 0.15
4 0.6484375 0.475 0.0328125 0.0265625
4 0.703125 0.5140625 0.1265625 0.1453125
4 0.325 0.60625 0.075 0.1578125
4 0.103125 0.2140625 0.08125 0.0984375
2 0.18125 0.1984375 0.128125 0.0640625
4 0.5625 0.5 0.0578125 0.1109375
2 0.40390625 0.9203125 0.3328125 0.159375
2 0.08359375 0.03828125 0.1640625 0.0765625
2 0.046875 0.13125 0.0921875 0.065625
4 0.41484375 0.06796875 0.1453125 0.1359375
4 0.615625 0.03359375 0.11875 0.0671875
4 0.35859375 0.97578125 0.1296875 0.0484375
4 0.103125 0.1171875 0.08125 0.0984375
2 0.18125 0.1328125 0.128125 0.0640625