2 0.4703125 0.6015625 0.625 0.15625
4 0.15625 0.5359375 0.09375 0.19375
4 0.2640625 0.5421875 0.0859375 0.225
4 0.54375 0.496875 0.0734375 0.1375
4 0.3265625 0.50625 0.0859375 0.0953125
4 0.8890625 0.5109375 0.0078125 0.0109375
4 0.875 0.5046875 0.00625 0.0171875
4 0.7796875 0.5125 0.0078125 0.0140625
4 0.7671875 0.5109375 0.00625 0.0078125
4 0.9734375 0.515625 0.00625 0.0125
4 0.38125 0.5046875 0.08125 0.1
4 0.9234375 0.5203125 0.0109375 0.009375
2 0.4703125 0.94609375 0.625 0.1078125
4 0.15625 0.96953125 0.09375 0.0609375
4 0.26328125 0.95859375 0.0859375 0.0828125