2 0.4078125 0.490625 0.11875 0.11875
2 0.58125 0.525 0.1921875 0.25
2 0.484375 0.528125 0.0453125 0.034375
2 0.8046875 0.4859375 0.0359375 0.009375
2 0.9515625 0.7046875 0.096875 0.1046875
2 0.7421875 0.496875 0.021875 0.009375
2 0.3640625 0.5734375 0.084375 0.0890625
2 0.3484375 0.428125 0.0375 0.03125
2 0.28125 0.475 0.065625 0.034375
4 0.5921875 0.703125 0.009375 0.01875
2 0.58046875 0.95625 0.1921875 0.0875
2 0.9515625 0.8578125 0.096875 0.1046875
2 0.3640625 0.971875 0.084375 0.05625
2 0.3484375 0.0125 0.0375 0.025
4 0.5921875 0.859375 0.009375 0.01875