2 0.396875 0.7734375 0.1328125 0.078125
2 0.5109375 0.7796875 0.1 0.0734375
2 0.625 0.7796875 0.1140625 0.075
2 0.7484375 0.534375 0.1171875 0.5515625
2 0.959375 0.6265625 0.0796875 0.16875
2 0.8765625 0.5 0.09375 0.4125
2 0.5796875 0.6796875 0.0984375 0.046875
2 0.484375 0.646875 0.0921875 0.1265625
2 0.253125 0.459375 0.09375 0.065625
2 0.3859375 0.66875 0.090625 0.05
2 0.2796875 0.778125 0.15625 0.059375
2 0.2796875 0.7296875 0.1109375 0.0640625
2 0.759375 0.6765625 0.109375 0.059375
2 0.159375 0.753125 0.084375 0.1109375
2 0.284375 0.578125 0.08125 0.0578125
2 0.20625 0.665625 0.109375 0.0453125
2 0.121875 0.578125 0.090625 0.0671875
2 0.396875 0.8609375 0.1328125 0.078125
2 0.5109375 0.8546875 0.1 0.0734375
2 0.625 0.8546875 0.1140625 0.075
2 0.74765625 0.91171875 0.1171875 0.1765625
2 0.95859375 0.96171875 0.0796875 0.0765625
2 0.5796875 0.9546875 0.0984375 0.046875
2 0.48359375 0.96171875 0.0921875 0.0765625
2 0.3859375 0.965625 0.090625 0.05
2 0.2796875 0.85625 0.15625 0.059375
2 0.2796875 0.9046875 0.1109375 0.0640625
2 0.759375 0.9578125 0.109375 0.059375
2 0.159375 0.88125 0.084375 0.1109375
2 0.20625 0.96875 0.109375 0.0453125