2 0.4875 0.48125 0.2328125 0.14375
2 0.2515625 0.4953125 0.2515625 0.1078125
4 0.425 0.678125 0.2609375 0.190625
4 0.403125 0.6609375 0.1828125 0.153125
4 0.3875 0.6078125 0.065625 0.096875
4 0.3140625 0.5875 0.0296875 0.071875
4 0.15 0.634375 0.0546875 0.0671875
4 0.19375 0.63125 0.0359375 0.05625
4 0.0953125 0.6421875 0.0546875 0.0625
4 0.7671875 0.615625 0.06875 0.0796875
4 0.0515625 0.603125 0.03125 0.06875
4 0.8375 0.615625 0.0640625 0.0515625
4 0.90625 0.6109375 0.0328125 0.05625
2 0.8265625 0.5578125 0.0625 0.0125
4 0.6703125 0.6828125 0.0875 0.1296875
4 0.1046875 0.5921875 0.0171875 0.0390625
4 0.42421875 0.97734375 0.2609375 0.0453125