2 0.8640625 0.3953125 0.0296875 0.1
2 0.946875 0.4390625 0.04375 0.01875
4 0.746875 0.4328125 0.0078125 0.0078125
2 0.4078125 0.4453125 0.0640625 0.0390625
2 0.953125 0.43125 0.0203125 0.0109375
2 0.2859375 0.40625 0.1390625 0.0234375
2 0.9015625 0.4390625 0.0421875 0.0171875
2 0.2328125 0.5390625 0.2453125 0.0734375
2 0.9703125 0.45 0.059375 0.01875
2 0.50625 0.4390625 0.09375 0.015625
2 0.2421875 0.475 0.33125 0.084375
2 0.09375 0.534375 0.1390625 0.059375
2 0.9765625 0.4328125 0.0453125 0.0140625
2 0.0234375 0.571875 0.046875 0.134375
2 0.2890625 0.41875 0.34375 0.0765625