4 0.54140625 0.465625 0.2609375 0.3859375
2 0.05859375 0.58125 0.0328125 0.0140625
4 0.66484375 0.46328125 0.046875 0.0734375
2 0.14765625 0.5625 0.01875 0.0125
2 0.1734375 0.5578125 0.0171875 0.009375
2 0.1921875 0.55390625 0.0140625 0.0078125
2 0.2953125 0.5375 0.0140625 0.0078125
2 0.23671875 0.553125 0.0171875 0.0125
2 0.27421875 0.54140625 0.0265625 0.0203125
2 0.3125 0.534375 0.0125 0.0140625
2 0.02265625 0.58125 0.0125 0.009375
2 0.88125 0.4203125 0.0125 0.0203125
2 0.81328125 0.43984375 0.015625 0.0125
2 0.775 0.446875 0.0109375 0.0109375
2 0.0796875 0.57265625 0.0203125 0.009375
4 0.46796875 0.0625 0.2171875 0.125