2 0.4796875 0.6734375 0.103125 0.0453125
2 0.615625 0.6375 0.0984375 0.034375
2 0.6828125 0.596875 0.1015625 0.034375
2 0.53125 0.584375 0.0890625 0.034375
2 0.3875 0.6109375 0.06875 0.0234375
2 0.259375 0.6296875 0.0921875 0.046875
2 0.1984375 0.6703125 0.071875 0.0453125
2 0.0953125 0.6921875 0.0765625 0.0890625
2 0.10625 0.6 0.0578125 0.03125
2 0.528125 0.659375 0.08125 0.0453125
2 0.3609375 0.6734375 0.0625 0.0328125
2 0.3921875 0.578125 0.0671875 0.0265625
2 0.2625 0.5703125 0.046875 0.059375
2 0.4796875 0.8484375 0.103125 0.0453125
2 0.615625 0.884375 0.0984375 0.034375
2 0.6828125 0.925 0.1015625 0.034375
2 0.53125 0.9375 0.0890625 0.034375
2 0.3875 0.9109375 0.06875 0.0234375
2 0.259375 0.8921875 0.0921875 0.046875
2 0.1984375 0.8515625 0.071875 0.0453125
2 0.0953125 0.8296875 0.0765625 0.0890625
2 0.10625 0.921875 0.0578125 0.03125
2 0.528125 0.8625 0.08125 0.0453125
2 0.3609375 0.8484375 0.0625 0.0328125
2 0.3921875 0.94375 0.0671875 0.0265625
2 0.2625 0.9515625 0.046875 0.059375