2 0.52421875 0.61953125 0.9515625 0.6359375
2 0.29375 0.19921875 0.0921875 0.065625
4 0.48828125 0.46015625 0.0640625 0.0640625
4 0.6015625 0.37578125 0.0515625 0.0515625
4 0.49453125 0.54375 0.0828125 0.13125
4 0.77421875 0.36015625 0.053125 0.0796875
2 0.58046875 0.11875 0.0296875 0.0140625
2 0.6921875 0.17265625 0.1046875 0.1078125
2 0.9265625 0.12734375 0.0671875 0.04375
2 0.8609375 0.10078125 0.0234375 0.0109375
2 0.58671875 0.3359375 0.3109375 0.29375
2 0.65 0.13984375 0.05 0.0390625
2 0.609375 0.1328125 0.0515625 0.0328125
2 0.3328125 0.15390625 0.084375 0.040625
2 0.8328125 0.13359375 0.01875 0.0109375
2 0.88671875 0.09296875 0.0203125 0.009375
2 0.7296875 0.10625 0.0390625 0.021875