4 0.39765625 0.65234375 0.128125 0.2078125
4 0.1359375 0.40859375 0.0609375 0.084375
4 0.74765625 0.57265625 0.0546875 0.0859375
4 0.9140625 0.54765625 0.025 0.028125
4 0.71015625 0.5609375 0.0625 0.0640625
4 0.39921875 0.45390625 0.0453125 0.05
4 0.10703125 0.3671875 0.0515625 0.0546875
4 0.13671875 0.34140625 0.009375 0.0203125
4 0.61640625 0.50703125 0.0296875 0.04375
4 0.78828125 0.58984375 0.046875 0.053125
4 0.14453125 0.346875 0.0234375 0.0328125
4 0.1609375 0.35234375 0.021875 0.0265625
2 0.51953125 0.55390625 0.115625 0.1046875
2 0.6703125 0.56015625 0.2046875 0.1984375
2 0.7765625 0.62578125 0.0734375 0.0765625
2 0.87265625 0.63515625 0.175 0.1609375
2 0.1359375 0.40234375 0.2640625 0.1703125
2 0.846875 0.5265625 0.046875 0.0328125
2 0.56640625 0.45 0.2140625 0.1015625
2 0.26328125 0.6578125 0.5265625 0.434375
2 0.3390625 0.5375 0.2734375 0.2109375
2 0.946875 0.56484375 0.065625 0.0546875
2 0.84921875 0.54375 0.0578125 0.0453125
2 0.5953125 0.5125 0.1421875 0.1234375
4 0.7015625 0.51328125 0.0296875 0.040625
2 0.14140625 0.45546875 0.225 0.109375
4 0.89453125 0.525 0.01875 0.0171875
2 0.65234375 0.50390625 0.3125 0.16875
2 0.22421875 0.8640625 0.4484375 0.2625