4 0.47890625 0.65390625 0.3546875 0.465625
4 0.240625 0.7796875 0.0875 0.240625
4 0.79140625 0.78359375 0.0796875 0.1390625
4 0.65546875 0.8234375 0.190625 0.0734375
4 0.6890625 0.78125 0.09375 0.084375
4 0.74375 0.7953125 0.0375 0.06875
4 0.5265625 0.209375 0.090625 0.109375
2 0.8703125 0.825 0.0703125 0.0421875
4 0.50234375 0.9328125 0.3265625 0.134375
4 0.2546875 0.94765625 0.078125 0.1046875
4 0.803125 0.9125 0.0796875 0.13125
4 0.6625 0.9015625 0.190625 0.0734375
4 0.703125 0.93671875 0.09375 0.084375
4 0.75390625 0.9140625 0.0375 0.06875
4 0.51171875 0.04453125 0.0890625 0.0890625
2 0.8734375 0.8625 0.0703125 0.0421875