2 0.36171875 0.5296875 0.4734375 0.1515625
4 0.4453125 0.47421875 0.0140625 0.0234375
4 0.459375 0.4765625 0.01875 0.0234375
4 0.3984375 0.49140625 0.0296875 0.040625
4 0.36796875 0.4671875 0.015625 0.0234375
2 0.040625 0.41796875 0.0671875 0.215625
2 0.1671875 0.5109375 0.1203125 0.053125
4 0.4828125 0.478125 0.015625 0.0171875
4 0.3484375 0.471875 0.01875 0.0265625
4 0.31328125 0.48671875 0.0203125 0.0375
4 0.37890625 0.48984375 0.0328125 0.0421875
4 0.3953125 0.47578125 0.009375 0.00625
4 0.33125 0.47109375 0.0125 0.0125
4 0.4359375 0.4921875 0.01875 0.04375
2 0.66015625 0.65546875 0.253125 0.1703125
4 0.840625 0.68984375 0.2171875 0.4453125
4 0.82109375 0.95 0.1953125 0.1