2 0.76015625 0.6140625 0.140625 0.0765625
2 0.71953125 0.52109375 0.1046875 0.065625
2 0.5953125 0.51875 0.0609375 0.0453125
2 0.54375 0.50859375 0.06875 0.0640625
2 0.4890625 0.5046875 0.040625 0.046875
4 0.23046875 0.6203125 0.0265625 0.0546875
4 0.2890625 0.58984375 0.0109375 0.0328125
4 0.721875 0.59453125 0.01875 0.0375
4 0.25390625 0.61875 0.0171875 0.0515625
4 0.45390625 0.54140625 0.0046875 0.009375
4 0.740625 0.58671875 0.0125 0.0140625
4 0.44765625 0.54453125 0.0046875 0.0125
2 0.45390625 0.54609375 0.025 0.0234375