4 0.1046875 0.575 0.03125 0.03125
4 0.21484375 0.57109375 0.0265625 0.025
4 0.565625 0.6625 0.0265625 0.0234375
4 0.584375 0.6625 0.025 0.025
4 0.15390625 0.49296875 0.009375 0.0125
4 0.5515625 0.46875 0.015625 0.0203125
2 0.58984375 0.72578125 0.29375 0.1296875
2 0.20859375 0.603125 0.0953125 0.0625
2 0.3375 0.36328125 0.171875 0.4328125
2 0.26484375 0.590625 0.0890625 0.053125
2 0.521875 0.53671875 0.0859375 0.078125
2 0.81484375 0.575 0.1828125 0.09375
2 0.95 0.64296875 0.08125 0.0546875
2 0.5859375 0.5046875 0.153125 0.1046875
2 0.73515625 0.55234375 0.1296875 0.090625
2 0.45859375 0.52890625 0.06875 0.04375
4 0.5359375 0.5171875 0.0171875 0.0203125
2 0.06015625 0.51171875 0.0703125 0.0453125
2 0.14375 0.4859375 0.103125 0.1109375
2 0.23515625 0.51328125 0.1015625 0.040625
4 0.5609375 0.46953125 0.0109375 0.0203125
4 0.47578125 0.51171875 0.0125 0.0125
4 0.34921875 0.55703125 0.0296875 0.0296875
2 0.56875 0.946875 0.29375 0.10625
2 0.3625 0.078125 0.15 0.15625