4 0.9203125 0.5046875 0.0125 0.0359375
2 0.5203125 0.5640625 0.1015625 0.01875
2 0.3234375 0.5734375 0.1671875 0.0640625
2 0.390625 0.525 0.0734375 0.040625
2 0.1671875 0.5765625 0.20625 0.053125
2 0.265625 0.5140625 0.0515625 0.0203125
2 0.61875 0.396875 0.0875 0.35625
2 0.0828125 0.56875 0.165625 0.059375
3 0.64375 0.5625 0.0125 0.0109375
3 0.1859375 0.5828125 0.00625 0.0140625
3 0.2 0.5828125 0.0046875 0.015625
2 0.51953125 0.99453125 0.1015625 0.0109375
2 0.32265625 0.978125 0.1671875 0.04375
2 0.1671875 0.9796875 0.20625 0.040625
2 0.61875 0.109375 0.0875 0.21875
2 0.0828125 0.98203125 0.165625 0.0359375
3 0.64375 0.996875 0.0125 0.00625
3 0.1859375 0.9796875 0.00625 0.0140625
3 0.2 0.9796875 0.0046875 0.015625