2 0.52890625 0.4921875 0.86875 0.803125
2 0.8875 0.27578125 0.05 0.090625
2 0.64609375 0.34140625 0.0453125 0.0734375
2 0.7234375 0.3359375 0.0203125 0.034375
4 0.0984375 0.6359375 0.196875 0.309375
4 0.425 0.6328125 0.1 0.1421875
4 0.24296875 0.60078125 0.053125 0.078125
4 0.52109375 0.52265625 0.0171875 0.015625
4 0.51015625 0.54296875 0.0453125 0.0484375
4 0.21328125 0.5984375 0.028125 0.040625
4 0.075 0.52734375 0.0453125 0.05
2 0.784375 0.3078125 0.0546875 0.0875
2 0.63203125 0.34921875 0.0265625 0.040625
2 0.43359375 0.121875 0.7578125 0.24375
2 0.621875 0.87109375 0.75625 0.2578125