2 0.671875 0.6171875 0.6484375 0.2078125
4 0.340625 0.6578125 0.0515625 0.153125
4 0.540625 0.56875 0.0171875 0.025
4 0.553125 0.5640625 0.009375 0.015625
4 0.63125 0.571875 0.021875 0.0265625
4 0.5015625 0.56875 0.015625 0.0265625
4 0.59375 0.5609375 0.015625 0.021875
4 0.6171875 0.56875 0.0171875 0.0296875
4 0.5828125 0.565625 0.0171875 0.0203125
4 0.4875 0.56875 0.01875 0.028125
4 0.559375 0.5640625 0.00625 0.0140625
4 0.6359375 0.7078125 0.0390625 0.05625
4 0.640625 0.5640625 0.00625 0.0140625
2 0.67109375 0.9765625 0.6484375 0.046875
4 0.33984375 0.9703125 0.0515625 0.059375
4 0.6359375 0.9671875 0.0390625 0.05625