2 0.834375 0.47265625 0.303125 0.140625
4 0.18203125 0.659375 0.046875 0.0765625
4 0.053125 0.6765625 0.09375 0.20625
4 0.453125 0.5390625 0.0203125 0.021875
4 0.565625 0.5125 0.09375 0.1546875
4 0.84453125 0.38828125 0.0640625 0.0796875
4 0.11015625 0.66171875 0.0859375 0.134375
4 0.3671875 0.5875 0.0484375 0.0671875
4 0.42265625 0.57734375 0.0578125 0.0703125
4 0.4390625 0.54765625 0.0140625 0.0140625
4 0.284375 0.584375 0.2078125 0.425
2 0.66171875 0.52890625 0.209375 0.10625
2 0.7421875 0.4125 0.15625 0.0765625
4 0.13203125 0.653125 0.0609375 0.1140625
4 0.38984375 0.57421875 0.034375 0.05625