4 0.4421875 0.65625 0.04375 0.040625
4 0.515625 0.696875 0.0421875 0.0328125
4 0.46328125 0.66640625 0.021875 0.03125
4 0.4890625 0.6734375 0.028125 0.0234375
4 0.24296875 0.59609375 0.0296875 0.0390625
4 0.5 0.584375 0.025 0.0421875
4 0.65234375 0.65703125 0.028125 0.03125
4 0.446875 0.5765625 0.0265625 0.0265625
4 0.6734375 0.6625 0.01875 0.0234375
4 0.77265625 0.73984375 0.021875 0.0328125
4 0.74453125 0.709375 0.0328125 0.0359375
2 0.3734375 0.5 0.2328125 0.3890625
4 0.74375 0.6765625 0.0234375 0.0265625
4 0.725 0.70390625 0.0296875 0.0328125
4 0.02890625 0.5390625 0.0296875 0.0390625
4 0.9328125 0.73203125 0.028125 0.03125
4 0.91171875 0.7265625 0.01875 0.0234375
4 0.7875 0.74375 0.021875 0.0328125
4 0.8265625 0.73125 0.0328125 0.0359375
4 0.84375 0.70390625 0.0234375 0.0265625
4 0.84609375 0.73671875 0.0296875 0.0328125