4 0.359375 0.49453125 0.065625 0.14375
4 0.59921875 0.48984375 0.034375 0.0890625
4 0.71328125 0.46484375 0.01875 0.0359375
4 0.50078125 0.5109375 0.0390625 0.08125
4 0.55390625 0.48671875 0.0078125 0.0109375
4 0.1453125 0.55 0.046875 0.0578125
4 0.5203125 0.48515625 0.0125 0.0171875
4 0.2296875 0.40625 0.08125 0.1375
4 0.12578125 0.540625 0.0375 0.0578125
4 0.609375 0.47734375 0.009375 0.0265625
4 0.03125 0.56953125 0.0625 0.1046875
4 0.6125 0.47890625 0.0140625 0.0390625
2 0.51015625 0.7328125 0.9796875 0.21875
4 0.86171875 0.45546875 0.0078125 0.0078125
2 0.4 0.6234375 0.6796875 0.1875
2 0.52109375 0.909375 0.9578125 0.18125