2 0.403125 0.7359375 0.80625 0.3
2 0.09375 0.596875 0.078125 0.075
2 0.484375 0.51796875 0.09375 0.0828125
2 0.6140625 0.5078125 0.0578125 0.0453125
2 0.87734375 0.5875 0.0984375 0.10625
2 0.76171875 0.54296875 0.1640625 0.10625
2 0.34453125 0.48125 0.1140625 0.0578125
2 0.4828125 0.4796875 0.0546875 0.028125
2 0.13984375 0.5390625 0.159375 0.1015625
2 0.79765625 0.67421875 0.159375 0.2421875
2 0.32578125 0.52421875 0.0625 0.0625
2 0.746875 0.596875 0.1078125 0.0953125
2 0.034375 0.5234375 0.06875 0.109375
2 0.39296875 0.92421875 0.7859375 0.1515625