2 0.7015625 0.40234375 0.08125 0.0421875
2 0.9359375 0.359375 0.0390625 0.0203125
4 0.6390625 0.46484375 0.1 0.1375
4 0.43984375 0.5109375 0.0953125 0.14375
4 0.11875 0.578125 0.0890625 0.153125
2 0.6453125 0.15859375 0.08125 0.0421875
2 0.803125 0.840625 0.08125 0.0421875
2 0.875 0.09453125 0.0390625 0.0203125
4 0.56171875 0.1296875 0.1 0.1375
4 0.71953125 0.81171875 0.1 0.1375
4 0.3625 0.17578125 0.0953125 0.14375
4 0.5203125 0.8578125 0.0953125 0.14375
4 0.04453125 0.25546875 0.0890625 0.153125
4 0.20078125 0.93046875 0.0890625 0.1390625