2 0.41484375 0.69375 0.240625 0.1125
4 0.16171875 0.65 0.0171875 0.034375
4 0.175 0.6484375 0.0171875 0.0328125
4 0.215625 0.6421875 0.015625 0.0375
4 0.26328125 0.6328125 0.0234375 0.034375
4 0.3515625 0.609375 0.0140625 0.0203125
4 0.3015625 0.62578125 0.021875 0.040625
4 0.325 0.62265625 0.015625 0.034375
4 0.3625 0.6203125 0.0140625 0.0265625
4 0.2828125 0.6359375 0.0109375 0.0234375
4 0.3671875 0.690625 0.034375 0.0421875
4 0.240625 0.6390625 0.0203125 0.0328125
4 0.63359375 0.57265625 0.015625 0.0375
4 0.65703125 0.57265625 0.0203125 0.0328125
1 0.496875 0.4453125 0.125 0.2703125