2 0.475 0.603125 0.48125 0.071875
4 0.4609375 0.553125 0.1171875 0.1859375
4 0.9265625 0.340625 0.0890625 0.0890625
2 0.83125 0.3078125 0.065625 0.028125
2 0.8765625 0.384375 0.246875 0.0890625
2 0.484375 0.29375 0.1421875 0.021875
2 0.884375 0.30625 0.046875 0.021875
2 0.94375 0.3359375 0.1125 0.0234375
2 0.78125 0.3109375 0.0375 0.0265625
2 0.6578125 0.2859375 0.0375 0.015625
2 0.7578125 0.309375 0.0265625 0.0078125
2 0.9296875 0.3046875 0.046875 0.0171875
2 0.475 0.99140625 0.48125 0.0171875
4 0.92578125 0.040625 0.0890625 0.08125
2 0.83125 0.0703125 0.065625 0.028125
2 0.8765625 0.01875 0.246875 0.0375
2 0.484375 0.084375 0.1421875 0.021875
2 0.884375 0.071875 0.046875 0.021875
2 0.94375 0.0421875 0.1125 0.0234375
2 0.78125 0.0671875 0.0375 0.0265625
2 0.6578125 0.0921875 0.0375 0.015625
2 0.7578125 0.06875 0.0265625 0.0078125
2 0.9296875 0.0734375 0.046875 0.0171875