2 0.190625 0.353125 0.0921875 0.0453125
2 0.4984375 0.30625 0.0671875 0.0328125
4 0.23125 0.340625 0.0203125 0.021875
4 0.16875 0.328125 0.0171875 0.0421875
4 0.796875 0.31875 0.0140625 0.0140625
4 0.853125 0.3203125 0.0078125 0.0140625
2 0.3390625 0.2640625 0.0265625 0.0140625
2 0.0734375 0.2609375 0.0328125 0.0140625
4 0.50625 0.3046875 0.009375 0.0125
4 0.25625 0.33125 0.0140625 0.0265625
4 0.4828125 0.30625 0.0046875 0.0078125
4 0.825 0.3234375 0.00625 0.00625
2 0.8625 0.321875 0.15625 0.0640625
2 0.25 0.3484375 0.090625 0.059375
4 0.234375 0.33125 0.009375 0.0328125
4 0.2328125 0.3203125 0.0328125 0.0046875
4 0.20625 0.33125 0.0109375 0.0234375