3 0.0578125 0.5484375 0.05 0.0296875
3 0.225 0.5390625 0.0359375 0.021875
3 0.25 0.4859375 0.0109375 0.00625
3 0.5703125 0.534375 0.025 0.0140625
3 0.99375 0.528125 0.009375 0.0265625
3 0.8921875 0.46875 0.009375 0.0046875
3 0.7625 0.4671875 0.0078125 0.0046875
3 0.5984375 0.534375 0.01875 0.00625
3 0.540625 0.5359375 0.0203125 0.0109375
3 0.5109375 0.5375 0.021875 0.0125
3 0.4796875 0.5375 0.0234375 0.0109375
3 0.45 0.5390625 0.01875 0.00625
3 0.41875 0.540625 0.0203125 0.009375
3 0.390625 0.540625 0.021875 0.0109375
3 0.3625 0.5421875 0.015625 0.0078125
3 0.9765625 0.528125 0.01875 0.01875
3 0.9546875 0.5296875 0.0234375 0.01875
3 0.9296875 0.53125 0.021875 0.0171875
3 0.9046875 0.528125 0.021875 0.0140625
3 0.8796875 0.528125 0.01875 0.0078125
3 0.8515625 0.528125 0.0203125 0.0078125
3 0.8265625 0.5265625 0.0203125 0.009375
3 0.7984375 0.5265625 0.0171875 0.0046875
3 0.771875 0.5265625 0.015625 0.0078125
3 0.875 0.4703125 0.0078125 0.003125
3 0.865625 0.46875 0.0078125 0.003125
3 0.840625 0.4671875 0.0078125 0.0046875
3 0.8171875 0.465625 0.0078125 0.0046875
3 0.796875 0.4671875 0.0078125 0.0046875
3 0.7796875 0.4671875 0.00625 0.003125
3 0.75 0.4671875 0.00625 0.003125
3 0.7359375 0.4671875 0.00625 0.0046875
3 0.7265625 0.465625 0.00625 0.003125
3 0.7203125 0.465625 0.0046875 0.0046875
3 0.7109375 0.465625 0.0078125 0.0046875
3 0.7046875 0.465625 0.00625 0.003125
3 0.6703125 0.465625 0.0046875 0.0015625
3 0.6515625 0.465625 0.0046875 0.0015625
3 0.6375 0.4671875 0.0046875 0.0015625
3 0.6234375 0.4671875 0.003125 0.0015625
3 0.6109375 0.4671875 0.003125 0.0015625
3 0.6015625 0.4671875 0.0046875 0.0015625
3 0.5921875 0.4671875 0.0015625 0.0015625
3 0.5859375 0.4671875 0.003125 0.0015625
3 0.578125 0.4671875 0.003125 0.0015625
3 0.5734375 0.4671875 0.003125 0.0015625
3 0.5171875 0.471875 0.003125 0.0015625
3 0.49375 0.4734375 0.003125 0.003125
3 0.328125 0.54375 0.0203125 0.00625
3 0.2953125 0.54375 0.021875 0.0078125
3 0.2171875 0.4859375 0.009375 0.0046875
3 0.19375 0.4859375 0.009375 0.0046875
3 0.1765625 0.4859375 0.0078125 0.0046875
3 0.1625 0.4859375 0.009375 0.0046875
3 0.15 0.4859375 0.009375 0.00625
3 0.109375 0.4859375 0.00625 0.003125
3 0.0796875 0.4859375 0.00625 0.003125
3 0.05 0.4875 0.0046875 0.003125
3 0.015625 0.4875 0.00625 0.003125
3 0.628125 0.5328125 0.0171875 0.003125
3 0.659375 0.53125 0.0171875 0.003125
3 0.6875 0.53125 0.021875 0.0078125
3 0.715625 0.53125 0.01875 0.00625