5 0.6671875 0.5421875 0.403125 0.203125
5 0.2734375 0.4984375 0.4171875 0.2234375
5 0.27109375 0.41328125 0.0140625 0.00625
5 0.31796875 0.41796875 0.0203125 0.0078125
5 0.3921875 0.42734375 0.0109375 0.0046875
5 0.3671875 0.42578125 0.0125 0.00625
5 0.4859375 0.43984375 0.00625 0.003125
5 0.52578125 0.44453125 0.009375 0.0046875
5 0.57734375 0.45078125 0.0234375 0.0078125
5 0.62578125 0.4578125 0.0078125 0.0046875
5 0.54765625 0.44765625 0.0046875 0.003125
5 0.68125 0.46796875 0.015625 0.0078125
5 0.73671875 0.475 0.0125 0.0078125