2 0.4890625 0.5015625 0.5734375 0.2359375
2 0.1265625 0.4859375 0.18125 0.0734375
3 0.5046875 0.5703125 0.0265625 0.0453125
3 0.6390625 0.584375 0.0296875 0.04375
3 0.7484375 0.578125 0.0359375 0.0453125
3 0.7859375 0.5203125 0.0203125 0.0375
3 0.596875 0.4703125 0.00625 0.0078125
3 0.5984375 0.48125 0.009375 0.0078125
3 0.6140625 0.4828125 0.0109375 0.009375
3 0.6234375 0.4734375 0.009375 0.0078125
3 0.625 0.4828125 0.0078125 0.0078125
3 0.63125 0.4828125 0.00625 0.0046875
3 0.63125 0.4734375 0.00625 0.00625
2 0.0453125 0.475 0.090625 0.08125
2 0.11875 0.5078125 0.0078125 0.0046875