3 0.975 0.521875 0.015625 0.009375
3 0.825 0.5234375 0.0109375 0.0046875
3 0.575 0.4828125 0.0046875 0.003125
3 0.5890625 0.5203125 0.0109375 0.00625
3 0.375 0.478125 0.0046875 0.003125
3 0.35 0.5140625 0.0109375 0.0046875
3 0.3484375 0.5390625 0.01875 0.0046875
3 0.8078125 0.521875 0.0140625 0.0078125
3 0.7890625 0.521875 0.009375 0.00625
3 0.7734375 0.521875 0.009375 0.00625
3 0.759375 0.521875 0.009375 0.0046875
3 0.6546875 0.5203125 0.0078125 0.0046875
3 0.6421875 0.51875 0.0078125 0.003125
3 0.5734375 0.5203125 0.009375 0.003125
3 0.5578125 0.51875 0.0109375 0.0046875
3 0.365625 0.515625 0.0078125 0.0046875
3 0.38125 0.5140625 0.009375 0.0046875
3 0.39375 0.515625 0.009375 0.0046875
3 0.409375 0.515625 0.0078125 0.003125
3 0.371875 0.521875 0.0046875 0.0046875
3 0.3828125 0.521875 0.009375 0.003125
3 0.321875 0.5390625 0.0125 0.0046875
3 0.25625 0.5125 0.0109375 0.0046875
3 0.240625 0.5125 0.009375 0.003125
3 0.08125 0.509375 0.0109375 0.0046875
3 0.06875 0.509375 0.009375 0.0046875
3 0.003125 0.4796875 0.0046875 0.003125
3 0.0125 0.4796875 0.0046875 0.0015625
3 0.01875 0.4796875 0.003125 0.0015625
3 0.028125 0.4796875 0.003125 0.0015625
3 0.0375 0.4796875 0.0078125 0.0046875
3 0.2953125 0.475 0.0046875 0.0015625
3 0.1796875 0.4765625 0.0046875 0.0015625
3 0.3859375 0.4796875 0.0046875 0.003125
3 0.40625 0.4796875 0.003125 0.0015625
3 0.4234375 0.4796875 0.0046875 0.0015625
3 0.44375 0.4796875 0.0046875 0.003125
3 0.4609375 0.4796875 0.0046875 0.003125
3 0.4703125 0.475 0.0015625 0.0015625
3 0.4734375 0.475 0.0015625 0.0015625
3 0.4765625 0.475 0.003125 0.0015625
3 0.4796875 0.4796875 0.0046875 0.003125
3 0.4953125 0.48125 0.0046875 0.003125
3 0.5125 0.4796875 0.003125 0.0015625
3 0.55 0.4796875 0.003125 0.003125
3 0.553125 0.48125 0.0046875 0.003125
3 0.5578125 0.4828125 0.0046875 0.0046875
3 0.5640625 0.4828125 0.0046875 0.003125
3 0.5875 0.4828125 0.00625 0.003125
3 0.603125 0.484375 0.0046875 0.003125
3 0.621875 0.484375 0.00625 0.003125
3 0.640625 0.4859375 0.00625 0.0046875
3 0.6640625 0.4859375 0.00625 0.0046875
3 0.6875 0.4875 0.0046875 0.003125
3 0.7140625 0.4859375 0.0046875 0.003125
3 0.7015625 0.4828125 0.003125 0.0015625
3 0.715625 0.4828125 0.003125 0.0015625
3 0.8609375 0.484375 0.0046875 0.0015625
3 0.875 0.484375 0.0046875 0.003125
3 0.8875 0.484375 0.0046875 0.0015625
3 0.903125 0.484375 0.0046875 0.0015625
3 0.9203125 0.4859375 0.0046875 0.003125
3 0.9390625 0.4875 0.0046875 0.003125
3 0.9578125 0.4875 0.0046875 0.0015625
3 0.978125 0.4890625 0.0046875 0.003125