2 0.39453125 0.5359375 0.190625 0.065625
2 0.78671875 0.5375 0.240625 0.06875
3 0.34765625 0.55546875 0.00625 0.0109375
3 0.37734375 0.56015625 0.0046875 0.0109375
3 0.43671875 0.56015625 0.003125 0.0109375
3 0.46796875 0.55859375 0.003125 0.0125
3 0.30859375 0.5453125 0.0046875 0.003125
3 0.31640625 0.5453125 0.00625 0.0046875
3 0.31015625 0.540625 0.00625 0.0046875
3 0.31328125 0.5484375 0.003125 0.0046875
3 0.31640625 0.5390625 0.0046875 0.0046875
3 0.32109375 0.5421875 0.003125 0.00625
3 0.32109375 0.5484375 0.0015625 0.00625
3 0.31796875 0.5515625 0.003125 0.00625