2 0.575 0.53125 0.3109375 0.1234375
2 0.05 0.5171875 0.1 0.084375
2 0.11875 0.5265625 0.1171875 0.06875
2 0.2703125 0.525 0.209375 0.0765625
3 0.1703125 0.55625 0.0078125 0.0046875
3 0.190625 0.55625 0.009375 0.00625
3 0.20625 0.559375 0.0125 0.0046875
3 0.21875 0.5546875 0.0140625 0.009375
3 0.28125 0.55625 0.0078125 0.00625
3 0.3046875 0.5453125 0.015625 0.0078125
3 0.2515625 0.5390625 0.0125 0.0078125
3 0.2125 0.5390625 0.0125 0.0046875
3 0.10625 0.54375 0.009375 0.0078125
3 0.0421875 0.5390625 0.0125 0.0046875
3 0.0296875 0.540625 0.0140625 0.009375
3 0.371875 0.546875 0.0140625 0.00625
3 0.9765625 0.54375 0.009375 0.0109375