1 0.596875 0.5109375 0.0234375 0.140625
2 0.1375 0.46875 0.25625 0.0671875
2 0.284375 0.4703125 0.05 0.0625
2 0.340625 0.4703125 0.065625 0.0625
2 0.39375 0.4796875 0.0484375 0.0515625
2 0.4421875 0.478125 0.05 0.053125
2 0.6953125 0.4859375 0.1609375 0.046875
2 0.88125 0.496875 0.06875 0.034375
2 0.95625 0.4890625 0.0859375 0.0578125
1 0.4109375 0.534375 0.0328125 0.0671875
3 0.11875 0.484375 0.0109375 0.0109375
3 0.2015625 0.484375 0.0171875 0.0078125
3 0.24375 0.4609375 0.00625 0.0078125
3 0.2484375 0.4640625 0.0046875 0.0078125
3 0.253125 0.4625 0.0046875 0.0078125
3 0.271875 0.4703125 0.0046875 0.0046875
3 0.2765625 0.4703125 0.003125 0.0046875
3 0.2796875 0.46875 0.003125 0.003125
3 0.2875 0.4734375 0.003125 0.0046875
3 0.2921875 0.471875 0.003125 0.0046875
3 0.296875 0.471875 0.0046875 0.003125
3 0.2828125 0.4671875 0.0046875 0.003125
3 0.3296875 0.4671875 0.0046875 0.0078125
3 0.3328125 0.4640625 0.0046875 0.00625
3 0.3375 0.4671875 0.0046875 0.0046875
3 0.34375 0.465625 0.003125 0.0046875
3 0.3484375 0.4671875 0.003125 0.003125
3 0.34375 0.459375 0.0046875 0.0046875
3 0.340625 0.4578125 0.003125 0.0046875
3 0.3375 0.4625 0.0046875 0.0046875
3 0.3484375 0.45625 0.003125 0.003125
3 0.35625 0.4578125 0.0046875 0.0046875
3 0.359375 0.4625 0.003125 0.003125
3 0.353125 0.459375 0.0046875 0.0046875
3 0.3484375 0.459375 0.003125 0.0046875
3 0.3515625 0.46875 0.0046875 0.0046875
3 0.35625 0.46875 0.0046875 0.0046875
3 0.3609375 0.46875 0.003125 0.0046875
3 0.35625 0.4625 0.0046875 0.0046875
3 0.6328125 0.49375 0.0015625 0.0015625
3 0.6296875 0.4984375 0.0015625 0.0015625
3 0.65 0.4984375 0.0015625 0.0015625
3 0.64375 0.49375 0.0015625 0.0015625
3 0.6359375 0.490625 0.0015625 0.0015625
3 0.6375 0.4890625 0.0015625 0.0015625
3 0.6296875 0.490625 0.0015625 0.0015625
3 0.659375 0.4984375 0.0015625 0.0015625
3 0.6671875 0.4921875 0.0015625 0.0015625