2 0.5125 0.57109375 0.328125 0.1046875
2 0.2984375 0.4984375 0.2 0.109375
2 0.82890625 0.56875 0.0515625 0.0546875
4 0.3953125 0.54296875 0.0140625 0.028125
3 0.2109375 0.509375 0.0046875 0.0046875
3 0.2171875 0.51015625 0.0046875 0.0046875
3 0.2234375 0.51171875 0.003125 0.0046875
3 0.2328125 0.5125 0.00625 0.0046875
3 0.2640625 0.51640625 0.0109375 0.0046875
3 0.32890625 0.52265625 0.009375 0.0046875
3 0.35 0.52265625 0.0046875 0.003125
3 0.384375 0.521875 0.009375 0.0046875
3 0.34921875 0.54765625 0.00625 0.00625
4 0.59765625 0.53203125 0.0078125 0.0125
4 0.76484375 0.5453125 0.0078125 0.01875
3 0.85625 0.5765625 0.00625 0.00625
3 0.8078125 0.5765625 0.00625 0.00625
4 0.9359375 0.56015625 0.009375 0.0234375
4 0.9109375 0.55703125 0.009375 0.0234375