2 0.42890625 0.2671875 0.028125 0.0125
2 0.45546875 0.26484375 0.034375 0.0078125
2 0.51015625 0.2640625 0.0671875 0.009375
2 0.57734375 0.2609375 0.059375 0.009375
3 0.4015625 0.41015625 0.0109375 0.0109375
3 0.4140625 0.36328125 0.0109375 0.009375
3 0.42421875 0.3375 0.0078125 0.0046875
3 0.425 0.321875 0.00625 0.0046875
3 0.42890625 0.309375 0.0046875 0.0046875
3 0.4296875 0.3015625 0.0046875 0.0046875
3 0.42890625 0.2921875 0.003125 0.003125
3 0.43046875 0.2875 0.003125 0.0015625
3 0.4328125 0.28359375 0.003125 0.003125
3 0.4359375 0.28046875 0.003125 0.0015625
3 0.4390625 0.27734375 0.0015625 0.0015625
3 0.39140625 0.515625 0.0203125 0.0171875
2 0.43203125 0.26484375 0.0140625 0.00625
2 0.65390625 0.2578125 0.0421875 0.0140625