2 0.471875 0.446875 0.1421875 0.125
2 0.71015625 0.48984375 0.2515625 0.1046875
2 0.29140625 0.40859375 0.071875 0.0453125
2 0.1375 0.38203125 0.01875 0.015625
2 0.1546875 0.38515625 0.0171875 0.0125
2 0.16640625 0.3890625 0.0125 0.0109375
2 0.17890625 0.39140625 0.0140625 0.0125
2 0.190625 0.3953125 0.0109375 0.009375
3 0.28671875 0.409375 0.003125 0.0046875
2 0.35078125 0.4234375 0.0453125 0.0390625
3 0.33671875 0.4234375 0.0046875 0.00625
3 0.36015625 0.4328125 0.0046875 0.00625
3 0.4140625 0.46875 0.0015625 0.003125
3 0.4125 0.4765625 0.003125 0.003125
3 0.41328125 0.471875 0.0015625 0.003125
3 0.48828125 0.49609375 0.003125 0.0015625
3 0.4921875 0.4984375 0.003125 0.0015625
3 0.50390625 0.49609375 0.003125 0.0015625
3 0.51875 0.484375 0.0015625 0.0015625
3 0.51484375 0.496875 0.0109375 0.0171875
3 0.5203125 0.49296875 0.00625 0.00625
3 0.51015625 0.4984375 0.003125 0.003125
4 0.5015625 0.45703125 0.0078125 0.0109375
4 0.49765625 0.4546875 0.00625 0.009375
3 0.959375 0.55234375 0.0046875 0.0046875
3 0.97265625 0.55703125 0.00625 0.003125
3 0.85234375 0.53984375 0.0046875 0.003125
3 0.84609375 0.53828125 0.003125 0.0015625
3 0.84140625 0.5375 0.0046875 0.003125
3 0.8625 0.54375 0.003125 0.0015625
3 0.86875 0.54453125 0.003125 0.0015625
3 0.875 0.54609375 0.0046875 0.003125
3 0.8796875 0.546875 0.003125 0.0015625
3 0.88671875 0.5484375 0.003125 0.0015625
3 0.89296875 0.55078125 0.0046875 0.003125
3 0.89921875 0.55234375 0.0046875 0.003125
3 0.90546875 0.553125 0.0046875 0.003125
3 0.9125 0.5546875 0.003125 0.0015625
3 0.91875 0.55625 0.003125 0.0015625
3 0.925 0.55703125 0.0046875 0.003125
3 0.93125 0.55859375 0.0046875 0.003125
3 0.9375 0.559375 0.003125 0.0015625
3 0.9453125 0.5609375 0.003125 0.0015625