2 0.3 0.50078125 0.3328125 0.1484375
3 0.42578125 0.53984375 0.0125 0.0140625
3 0.178125 0.51875 0.021875 0.015625
1 0.6953125 0.53984375 0.0984375 0.35625
3 0.4140625 0.53203125 0.0140625 0.0109375
3 0.415625 0.54296875 0.0125 0.0125
3 0.42421875 0.528125 0.0109375 0.00625
3 0.43359375 0.528125 0.0140625 0.009375
3 0.44609375 0.5296875 0.0125 0.0125
3 0.44453125 0.5421875 0.0140625 0.015625
3 0.43359375 0.5421875 0.0109375 0.0125
3 0.453125 0.53671875 0.0078125 0.009375
3 0.15078125 0.5109375 0.0140625 0.0140625
3 0.628125 0.534375 0.0171875 0.015625
3 0.63828125 0.5375 0.0046875 0.009375
3 0.85859375 0.57890625 0.01875 0.0140625
3 0.9171875 0.5796875 0.0203125 0.01875