2 0.49375 0.51953125 0.2796875 0.15
2 0.6234375 0.515625 0.1046875 0.0671875
2 0.71171875 0.5359375 0.0953125 0.06875
2 0.78515625 0.5578125 0.0890625 0.0625
2 0.33828125 0.4515625 0.071875 0.046875
2 0.2375 0.434375 0.075 0.034375
1 0.0453125 0.40625 0.059375 0.1484375
3 0.3078125 0.45546875 0.003125 0.009375
3 0.3171875 0.459375 0.00625 0.009375
3 0.3953125 0.46640625 0.003125 0.003125
3 0.39453125 0.47109375 0.003125 0.003125
3 0.40390625 0.47265625 0.0046875 0.0046875
3 0.4390625 0.478125 0.00625 0.00625
3 0.4359375 0.48046875 0.003125 0.003125
3 0.44375 0.47890625 0.0046875 0.0046875
3 0.44140625 0.48203125 0.003125 0.0015625
3 0.45078125 0.48203125 0.009375 0.009375
2 0.41171875 0.46640625 0.08125 0.053125
3 0.47890625 0.53046875 0.0171875 0.0140625
3 0.51875 0.55078125 0.0171875 0.0140625
3 0.53671875 0.534375 0.015625 0.0125
3 0.55 0.540625 0.0171875 0.0125
3 0.5875 0.525 0.00625 0.0109375
3 0.609375 0.5265625 0.0046875 0.00625
3 0.66484375 0.53671875 0.00625 0.00625
3 0.6796875 0.54296875 0.00625 0.0109375
3 0.703125 0.55 0.0046875 0.0078125
3 0.77109375 0.56875 0.0046875 0.0078125
3 0.75234375 0.56796875 0.0046875 0.00625