3 0.97265625 0.44765625 0.0171875 0.0109375
3 0.825 0.47265625 0.0109375 0.00625
3 0.57109375 0.47109375 0.0046875 0.003125
3 0.59140625 0.50625 0.0125 0.0078125
3 0.3734375 0.49765625 0.0046875 0.003125
3 0.35390625 0.5375 0.0109375 0.00625
3 0.35625 0.5625 0.01875 0.0078125
3 0.8078125 0.4734375 0.015625 0.009375
3 0.7890625 0.4765625 0.0109375 0.0078125
3 0.7734375 0.47890625 0.0109375 0.0078125
3 0.759375 0.48125 0.009375 0.00625
3 0.65625 0.49609375 0.0078125 0.00625
3 0.64375 0.49609375 0.0078125 0.0046875
3 0.57578125 0.50859375 0.009375 0.0046875
3 0.56015625 0.509375 0.0109375 0.00625
3 0.36953125 0.53671875 0.0078125 0.00625
3 0.38515625 0.5328125 0.009375 0.00625
3 0.39765625 0.53203125 0.009375 0.00625
3 0.41328125 0.5296875 0.0078125 0.0046875
3 0.3765625 0.54140625 0.0046875 0.0046875
3 0.3875 0.53984375 0.009375 0.0046875
3 0.33046875 0.56640625 0.0125 0.00625
3 0.2609375 0.55078125 0.0109375 0.00625
3 0.24609375 0.553125 0.009375 0.0046875
3 0.0875 0.575 0.0109375 0.00625
3 0.07578125 0.5765625 0.009375 0.00625
3 0.00625 0.5578125 0.0046875 0.003125
3 0.015625 0.55625 0.0046875 0.0015625
3 0.021875 0.55546875 0.003125 0.0015625
3 0.03046875 0.55390625 0.003125 0.0015625
3 0.03984375 0.55234375 0.0078125 0.00625
3 0.29375 0.50703125 0.0046875 0.0015625
3 0.1796875 0.52734375 0.0046875 0.0015625
3 0.384375 0.49765625 0.0046875 0.003125
3 0.40390625 0.49453125 0.003125 0.0015625
3 0.42109375 0.4921875 0.0046875 0.0015625
3 0.44140625 0.4890625 0.0046875 0.003125
3 0.45859375 0.4859375 0.0046875 0.003125
3 0.46640625 0.4796875 0.0015625 0.0015625
3 0.46953125 0.4796875 0.0015625 0.0015625
3 0.47265625 0.47890625 0.003125 0.0015625
3 0.4765625 0.4828125 0.0046875 0.003125
3 0.4921875 0.48203125 0.0046875 0.003125
3 0.509375 0.478125 0.003125 0.0015625
3 0.54609375 0.471875 0.003125 0.003125
3 0.54921875 0.4734375 0.0046875 0.003125
3 0.5546875 0.47421875 0.0046875 0.0046875
3 0.5609375 0.47265625 0.0046875 0.003125
3 0.58359375 0.46953125 0.00625 0.0046875
3 0.59921875 0.46875 0.0046875 0.003125
3 0.61796875 0.465625 0.00625 0.0046875
3 0.63671875 0.4640625 0.00625 0.00625
3 0.66015625 0.46015625 0.00625 0.00625
3 0.68359375 0.45859375 0.0046875 0.003125
3 0.709375 0.45234375 0.0046875 0.003125
3 0.69609375 0.4515625 0.003125 0.0015625
3 0.71015625 0.44921875 0.003125 0.0015625
3 0.85390625 0.428125 0.0046875 0.0015625
3 0.86796875 0.42578125 0.0046875 0.003125
3 0.88046875 0.42421875 0.0046875 0.0015625
3 0.89609375 0.421875 0.0046875 0.0015625
3 0.91328125 0.4203125 0.0046875 0.003125
3 0.93203125 0.41875 0.0046875 0.003125
3 0.95 0.41640625 0.0046875 0.0015625
3 0.9703125 0.4140625 0.0046875 0.003125