2 0.515625 0.4796875 0.271875 0.1234375
2 0.0859375 0.490625 0.171875 0.053125
3 0.1390625 0.5078125 0.0046875 0.01875
3 0.003125 0.484375 0.0015625 0.0015625
3 0.0171875 0.49375 0.0015625 0.0015625
3 0.0296875 0.5015625 0.0015625 0.0015625
3 0.0453125 0.50625 0.0015625 0.0015625
3 0.0578125 0.50625 0.0015625 0.0015625
3 0.390625 0.5125 0.0109375 0.0078125
3 0.403125 0.5140625 0.0125 0.0078125
3 0.428125 0.50625 0.0140625 0.00625
3 0.44375 0.515625 0.0109375 0.00625
4 0.409375 0.5046875 0.0078125 0.0125
3 0.58125 0.5328125 0.0109375 0.0125
4 0.5609375 0.50625 0.0109375 0.0203125
4 0.5953125 0.50625 0.009375 0.0125
2 0.6921875 0.471875 0.1484375 0.084375
3 0.6421875 0.51875 0.0125 0.00625
4 0.7671875 0.4765625 0.009375 0.015625