5 0.671875 0.50625 0.3859375 0.125
5 0.278125 0.5453125 0.3953125 0.14375
5 0.2578125 0.4625 0.0140625 0.003125
5 0.3046875 0.4578125 0.0203125 0.003125
5 0.3796875 0.4515625 0.0109375 0.003125
5 0.3546875 0.4546875 0.0125 0.003125
5 0.4734375 0.44375 0.00625 0.0015625
5 0.5140625 0.440625 0.009375 0.003125
5 0.565625 0.4359375 0.0234375 0.003125
5 0.6140625 0.4328125 0.0078125 0.003125
5 0.5359375 0.4390625 0.0046875 0.0015625
5 0.6703125 0.43125 0.015625 0.0046875
5 0.7265625 0.4265625 0.0125 0.0046875