3 0.96171875 0.61171875 0.0171875 0.0125
3 0.81484375 0.58515625 0.0109375 0.00625
3 0.5765625 0.49765625 0.0046875 0.0046875
3 0.58359375 0.53671875 0.0125 0.0078125
3 0.38125 0.4546875 0.0046875 0.0046875
3 0.35 0.48515625 0.0109375 0.00625
3 0.34375 0.509375 0.01875 0.0078125
3 0.79765625 0.58046875 0.015625 0.0109375
3 0.7796875 0.5765625 0.0109375 0.0078125
3 0.7640625 0.5734375 0.0109375 0.0078125
3 0.75078125 0.57109375 0.009375 0.00625
3 0.64765625 0.54921875 0.0078125 0.00625
3 0.6359375 0.5453125 0.0078125 0.0046875
3 0.56796875 0.53359375 0.009375 0.0046875
3 0.553125 0.5296875 0.0109375 0.00625
3 0.36484375 0.48984375 0.0078125 0.00625
3 0.38046875 0.49140625 0.009375 0.00625
3 0.39296875 0.4953125 0.009375 0.00625
3 0.4078125 0.49765625 0.0078125 0.0046875
3 0.3703125 0.496875 0.00625 0.00625
3 0.38046875 0.49921875 0.009375 0.0046875
3 0.31796875 0.5046875 0.0125 0.00625
3 0.25859375 0.465625 0.0109375 0.00625
3 0.24296875 0.4625 0.009375 0.0046875
3 0.0875 0.4296875 0.0109375 0.00625
3 0.075 0.4265625 0.009375 0.00625
3 0.01640625 0.38515625 0.0046875 0.0046875
3 0.025 0.38671875 0.0046875 0.003125
3 0.03125 0.38828125 0.003125 0.0015625
3 0.040625 0.38984375 0.003125 0.0015625
3 0.05 0.3921875 0.0078125 0.00625
3 0.30390625 0.43671875 0.0046875 0.003125
3 0.18984375 0.415625 0.0046875 0.003125
3 0.3921875 0.45859375 0.0046875 0.0046875
3 0.41171875 0.4625 0.003125 0.0015625
3 0.42890625 0.465625 0.0046875 0.003125
3 0.4484375 0.46953125 0.0046875 0.0046875
3 0.465625 0.47265625 0.0046875 0.0046875
3 0.47578125 0.46953125 0.0015625 0.0015625
3 0.47890625 0.4703125 0.0015625 0.0015625
3 0.48203125 0.47109375 0.003125 0.0015625
3 0.48359375 0.4765625 0.0046875 0.0046875
3 0.49921875 0.48046875 0.0046875 0.0046875
3 0.51640625 0.4828125 0.003125 0.0015625
3 0.553125 0.48984375 0.003125 0.003125
3 0.55546875 0.49140625 0.0046875 0.0046875
3 0.56015625 0.49453125 0.00625 0.00625
3 0.56640625 0.4953125 0.0046875 0.0046875
3 0.5890625 0.5 0.00625 0.0046875
3 0.60390625 0.5046875 0.0046875 0.0046875
3 0.62265625 0.5078125 0.00625 0.0046875
3 0.640625 0.51328125 0.00625 0.00625
3 0.6640625 0.5171875 0.00625 0.00625
3 0.68671875 0.5234375 0.0046875 0.0046875
3 0.7125 0.52734375 0.0046875 0.0046875
3 0.70078125 0.521875 0.003125 0.0015625
3 0.71484375 0.52421875 0.003125 0.0015625
3 0.85703125 0.55390625 0.0046875 0.003125
3 0.87109375 0.55625 0.0046875 0.0046875
3 0.88359375 0.55859375 0.0046875 0.003125
3 0.8984375 0.56171875 0.0046875 0.003125
3 0.915625 0.56640625 0.0046875 0.0046875
3 0.93359375 0.571875 0.0046875 0.0046875
3 0.9515625 0.575 0.0046875 0.003125
3 0.97109375 0.58046875 0.0046875 0.0046875