2 0.45625 0.5546875 0.671875 0.1421875
3 0.440625 0.60625 0.009375 0.01875
3 0.346875 0.615625 0.003125 0.003125
3 0.359375 0.6125 0.003125 0.003125
3 0.375 0.60625 0.003125 0.003125
3 0.4125 0.6015625 0.003125 0.003125
3 0.434375 0.60625 0.0015625 0.003125
3 0.471875 0.603125 0.003125 0.003125
3 0.61875 0.6046875 0.0375 0.025
4 0.725 0.546875 0.01875 0.028125
2 0.8453125 0.5515625 0.215625 0.065625
3 0.9125 0.56875 0.009375 0.0046875
2 0.071875 0.5515625 0.0984375 0.0421875
3 0.125 0.571875 0.0015625 0.003125
3 0.084375 0.5640625 0.0046875 0.003125
3 0.028125 0.5703125 0.0078125 0.0046875
3 0.021875 0.571875 0.003125 0.0015625
3 0.0125 0.571875 0.0046875 0.0015625