4 0.6125 0.48828125 0.05 0.0765625
4 0.240625 0.4921875 0.0921875 0.1375
4 0.32421875 0.528125 0.1984375 0.1546875
4 0.66953125 0.4734375 0.0484375 0.0421875
4 0.76640625 0.453125 0.0328125 0.0625
2 0.7734375 0.4875 0.1921875 0.0578125
2 0.36875 0.60703125 0.4796875 0.1515625
2 0.59921875 0.528125 0.1359375 0.0421875
3 0.2734375 0.69296875 0.0375 0.01875
3 0.64765625 0.53671875 0.009375 0.00625
3 0.6765625 0.5203125 0.0046875 0.0015625
3 0.6890625 0.5125 0.0046875 0.003125
3 0.65703125 0.53125 0.00625 0.003125
3 0.61953125 0.54765625 0.00625 0.003125
3 0.5703125 0.5734375 0.0109375 0.009375