2 0.5421875 0.515625 0.525 0.2625
3 0.428125 0.55 0.00625 0.00625
3 0.4296875 0.55625 0.0046875 0.0046875
3 0.434375 0.55546875 0.0046875 0.00625
3 0.4328125 0.54921875 0.0046875 0.0046875
3 0.43671875 0.553125 0.0046875 0.0046875
3 0.4359375 0.55625 0.003125 0.003125
3 0.4421875 0.5484375 0.00625 0.0109375
3 0.44765625 0.55234375 0.003125 0.0046875
3 0.44609375 0.54453125 0.0046875 0.0046875
3 0.4453125 0.53984375 0.00625 0.00625
3 0.45234375 0.55078125 0.003125 0.003125
3 0.453125 0.55546875 0.0046875 0.0046875
3 0.46015625 0.55078125 0.0046875 0.0046875
3 0.465625 0.553125 0.00625 0.0078125
3 0.49765625 0.53125 0.003125 0.003125
3 0.4984375 0.5359375 0.003125 0.003125
3 0.503125 0.5328125 0.0046875 0.0078125
3 0.50546875 0.53046875 0.0046875 0.00625
3 0.50859375 0.53671875 0.00625 0.00625
3 0.509375 0.528125 0.00625 0.0109375
3 0.51015625 0.525 0.0046875 0.0078125
3 0.51484375 0.5234375 0.00625 0.00625
3 0.51796875 0.5296875 0.0046875 0.0046875
3 0.52265625 0.5296875 0.00625 0.00625
3 0.525 0.5265625 0.0078125 0.00625
3 0.52890625 0.5203125 0.003125 0.003125
3 0.53125 0.5234375 0.0046875 0.0046875
3 0.53515625 0.52109375 0.0046875 0.0046875
3 0.5640625 0.5703125 0.021875 0.034375
3 0.64609375 0.54296875 0.0140625 0.0265625
3 0.6984375 0.51328125 0.040625 0.034375
3 0.40859375 0.603125 0.0171875 0.034375