2 0.453125 0.55234375 0.678125 0.1765625
3 0.43515625 0.603125 0.0109375 0.01875
3 0.34140625 0.6078125 0.003125 0.003125
3 0.35390625 0.6046875 0.003125 0.003125
3 0.36953125 0.59921875 0.003125 0.003125
3 0.40703125 0.596875 0.003125 0.003125
3 0.42890625 0.60234375 0.0015625 0.003125
3 0.46640625 0.6015625 0.003125 0.003125
3 0.61328125 0.6109375 0.0390625 0.0265625
4 0.721875 0.55859375 0.0203125 0.0296875
2 0.8421875 0.56953125 0.21875 0.0765625
3 0.90859375 0.590625 0.009375 0.0046875
2 0.06953125 0.52890625 0.1 0.046875
3 0.121875 0.55234375 0.0015625 0.003125
3 0.08125 0.5421875 0.0046875 0.003125
3 0.025 0.5453125 0.0078125 0.0046875
3 0.01875 0.546875 0.003125 0.0015625
3 0.009375 0.54609375 0.0046875 0.0015625