2 0.51328125 0.571875 0.3046875 0.1359375
2 0.3140625 0.58984375 0.109375 0.06875
2 0.1890625 0.61953125 0.1 0.065625
2 0.10546875 0.6453125 0.0796875 0.05
2 0.79453125 0.4625 0.2859375 0.1203125
2 0.04609375 0.6609375 0.0375 0.040625
3 0.0875 0.653125 0.003125 0.003125
3 0.08828125 0.65625 0.003125 0.0015625
3 0.07421875 0.6640625 0.00625 0.009375
3 0.134375 0.640625 0.003125 0.003125
3 0.1328125 0.64609375 0.003125 0.003125
3 0.1375 0.64453125 0.003125 0.0015625
3 0.13984375 0.640625 0.0046875 0.0046875
3 0.140625 0.64375 0.003125 0.0015625
3 0.14296875 0.64140625 0.003125 0.003125
3 0.14375 0.64296875 0.0015625 0.0015625
3 0.15234375 0.64140625 0.0046875 0.009375
3 0.1484375 0.6359375 0.003125 0.0015625
3 0.1484375 0.6390625 0.0015625 0.0015625
3 0.14765625 0.6421875 0.003125 0.003125
3 0.19765625 0.62265625 0.0078125 0.0078125
3 0.234375 0.6140625 0.003125 0.0046875
3 0.2890625 0.61328125 0.0046875 0.0078125
3 0.309375 0.6046875 0.0046875 0.00625
3 0.2703125 0.6109375 0.0078125 0.0078125
3 0.3640625 0.6 0.009375 0.0078125
3 0.36328125 0.5875 0.00625 0.00625
3 0.37890625 0.5875 0.0046875 0.0078125
4 0.40078125 0.58515625 0.0140625 0.025
3 0.72578125 0.48359375 0.003125 0.003125
3 0.73671875 0.48203125 0.0015625 0.003125
3 0.74921875 0.4875 0.0015625 0.0015625
3 0.75703125 0.48046875 0.0015625 0.0015625
3 0.76171875 0.4671875 0.003125 0.0015625
3 0.76953125 0.46015625 0.003125 0.0015625
3 0.72734375 0.4765625 0.003125 0.0015625
3 0.7859375 0.46640625 0.0015625 0.0015625
3 0.8 0.47265625 0.0015625 0.0015625
3 0.81484375 0.47421875 0.0015625 0.0015625
3 0.8265625 0.47109375 0.0015625 0.0015625
3 0.90625 0.453125 0.0078125 0.0171875