2 0.4515625 0.6609375 0.30625 0.1125
4 0.3203125 0.675 0.009375 0.01875
4 0.33125 0.671875 0.0109375 0.0203125
4 0.3984375 0.665625 0.028125 0.0171875
4 0.3765625 0.6671875 0.0078125 0.0109375
4 0.3625 0.6671875 0.0109375 0.0140625
4 0.325 0.65625 0.0125 0.015625
2 0.4515625 0.97421875 0.30625 0.0515625
4 0.3203125 0.990625 0.009375 0.01875
4 0.33046875 0.99140625 0.0109375 0.0171875
4 0.3984375 0.9953125 0.028125 0.009375
4 0.37578125 0.99609375 0.0078125 0.0078125
4 0.36171875 0.9953125 0.0109375 0.009375