3 0.16640625 0.52734375 0.028125 0.009375
3 0.3578125 0.51953125 0.0234375 0.009375
3 0.5015625 0.5171875 0.0234375 0.0140625
3 0.22734375 0.53125 0.028125 0.015625
3 0.21015625 0.5265625 0.01875 0.00625
3 0.18828125 0.53671875 0.028125 0.0140625
3 0.26484375 0.52734375 0.028125 0.0140625
3 0.2625 0.51640625 0.0125 0.00625
3 0.2875 0.51640625 0.009375 0.003125
3 0.390625 0.5171875 0.021875 0.009375
3 0.421875 0.5171875 0.021875 0.0078125
3 0.4484375 0.51796875 0.0203125 0.00625
3 0.4765625 0.51796875 0.021875 0.009375
3 0.5265625 0.51484375 0.021875 0.015625
3 0.55 0.51484375 0.0203125 0.015625
3 0.5421875 0.51015625 0.0078125 0.003125
3 0.5734375 0.5125 0.0203125 0.0125
3 0.5953125 0.5109375 0.01875 0.0125
3 0.6171875 0.50859375 0.01875 0.0109375
3 0.640625 0.50703125 0.01875 0.0109375
3 0.6296875 0.50390625 0.0046875 0.003125
3 0.609375 0.50625 0.0046875 0.0015625
3 0.653125 0.50390625 0.0078125 0.003125
3 0.6640625 0.50625 0.0203125 0.009375
3 0.6828125 0.5046875 0.01875 0.009375
3 0.703125 0.50234375 0.0171875 0.0078125
3 0.7234375 0.50234375 0.01875 0.009375
3 0.6921875 0.5015625 0.0046875 0.0015625
3 0.73125 0.50078125 0.0046875 0.0015625
3 0.6734375 0.5015625 0.0046875 0.0015625
3 0.7125 0.50078125 0.0046875 0.0015625
3 0.7421875 0.50234375 0.01875 0.009375
3 0.7609375 0.5015625 0.015625 0.0078125
3 0.76875 0.4984375 0.0078125 0.003125
3 0.7515625 0.4984375 0.00625 0.003125
3 0.7796875 0.5015625 0.0140625 0.0046875
3 0.7859375 0.496875 0.0078125 0.003125
3 0.8140625 0.49609375 0.0125 0.00625
3 0.8046875 0.49609375 0.0078125 0.003125
3 0.846875 0.4921875 0.015625 0.0046875
3 0.8640625 0.490625 0.0171875 0.00625
3 0.971875 0.48671875 0.015625 0.0046875
3 0.928125 0.4890625 0.015625 0.00625
3 0.94375 0.4890625 0.0140625 0.0046875
3 0.946875 0.4875 0.0078125 0.0015625