3 0.0640625 0.5734375 0.0671875 0.0390625
3 0.5703125 0.50625 0.0265625 0.0140625
3 0.009375 0.50625 0.01875 0.009375
3 0.0484375 0.50625 0.021875 0.00625
3 0.0234375 0.5015625 0.0125 0.00625
3 0.0453125 0.5 0.0140625 0.003125
3 0.06875 0.5 0.0125 0.00625
3 0.084375 0.503125 0.0203125 0.0078125
3 0.0921875 0.4984375 0.0125 0.0046875
3 0.1140625 0.496875 0.0125 0.00625
3 0.125 0.5015625 0.0203125 0.0078125
3 0.1390625 0.4953125 0.0125 0.0046875
3 0.1625 0.49375 0.0109375 0.003125
3 0.1609375 0.4984375 0.01875 0.00625
3 0.1859375 0.49375 0.0109375 0.0046875
3 0.209375 0.4921875 0.0109375 0.0046875
3 0.2296875 0.4921875 0.0109375 0.0046875
3 0.2484375 0.4921875 0.0109375 0.0046875
3 0.2703125 0.490625 0.0109375 0.0046875
3 0.2890625 0.490625 0.0109375 0.0046875
3 0.2953125 0.49375 0.0171875 0.0078125
3 0.309375 0.4890625 0.0109375 0.00625
3 0.328125 0.49375 0.0171875 0.00625
3 0.3453125 0.4890625 0.009375 0.0046875
3 0.3265625 0.4890625 0.009375 0.0015625
3 0.3578125 0.490625 0.0171875 0.0078125
3 0.3671875 0.4890625 0.0046875 0.0046875
3 0.38125 0.4875 0.009375 0.0046875
3 0.3859375 0.4921875 0.0171875 0.00625
3 0.3984375 0.4875 0.009375 0.0046875
3 0.4140625 0.490625 0.0171875 0.0078125
3 0.4296875 0.4875 0.009375 0.003125
3 0.4390625 0.490625 0.0171875 0.00625
3 0.4453125 0.4859375 0.0078125 0.003125
3 0.459375 0.4859375 0.0078125 0.003125
3 0.4625 0.4890625 0.0140625 0.00625
3 0.475 0.4859375 0.009375 0.003125
3 0.4890625 0.484375 0.009375 0.003125
3 0.4890625 0.4875 0.0140625 0.0046875
3 0.5046875 0.484375 0.009375 0.003125
3 0.5109375 0.4875 0.0109375 0.0015625
3 0.51875 0.484375 0.0078125 0.003125
3 0.53125 0.4828125 0.0078125 0.003125
3 0.534375 0.4875 0.0125 0.003125
3 0.54375 0.4828125 0.0078125 0.003125
3 0.5546875 0.4859375 0.0140625 0.0046875
3 0.55625 0.4828125 0.0078125 0.0015625
3 0.56875 0.4828125 0.0078125 0.003125
3 0.5765625 0.484375 0.0140625 0.0046875
3 0.58125 0.48125 0.00625 0.0015625
3 0.596875 0.4828125 0.0140625 0.0078125
3 0.6171875 0.48125 0.015625 0.009375
3 0.6359375 0.4796875 0.0140625 0.009375
3 0.653125 0.4796875 0.0140625 0.0078125
3 0.6703125 0.4796875 0.015625 0.009375
3 0.690625 0.4796875 0.015625 0.0078125
3 0.7078125 0.478125 0.0125 0.0078125
3 0.7375 0.46875 0.0046875 0.003125
3 0.753125 0.471875 0.0140625 0.0046875
3 0.7671875 0.471875 0.0109375 0.0046875
3 0.78125 0.4703125 0.0125 0.0046875
3 0.7921875 0.471875 0.0125 0.00625
3 0.8 0.46875 0.0109375 0.00625
3 0.80625 0.46875 0.0078125 0.0046875
3 0.815625 0.46875 0.009375 0.0046875
3 0.8234375 0.46875 0.00625 0.0046875
3 0.828125 0.46875 0.00625 0.0046875
3 0.834375 0.46875 0.0078125 0.0046875
3 0.840625 0.4671875 0.00625 0.00625
3 0.85 0.465625 0.015625 0.0078125
3 0.86875 0.4640625 0.00625 0.0046875
3 0.8625 0.465625 0.00625 0.003125
3 0.8734375 0.4640625 0.00625 0.0046875
3 0.8828125 0.4640625 0.0109375 0.0046875
3 0.8890625 0.4625 0.00625 0.003125
3 0.896875 0.4625 0.0125 0.0046875
3 0.9078125 0.4609375 0.0046875 0.003125
3 0.9171875 0.459375 0.0109375 0.0046875
3 0.925 0.459375 0.003125 0.0046875
3 0.9328125 0.459375 0.009375 0.003125
3 0.9421875 0.4578125 0.0078125 0.003125
3 0.9484375 0.4578125 0.0046875 0.003125
3 0.9515625 0.4578125 0.00625 0.0046875
3 0.9953125 0.453125 0.0078125 0.0046875
3 0.73125 0.4703125 0.00625 0.0015625