4 0.61328125 0.49765625 0.05625 0.0796875
4 0.2421875 0.46953125 0.103125 0.14375
4 0.32265625 0.5125 0.209375 0.171875
4 0.67109375 0.48828125 0.053125 0.0453125
4 0.76953125 0.4765625 0.0375 0.065625
2 0.7734375 0.51171875 0.1953125 0.075
2 0.359375 0.5953125 0.4890625 0.1921875
2 0.596875 0.53671875 0.1390625 0.053125
3 0.25703125 0.67265625 0.0390625 0.021875
3 0.64375 0.55 0.009375 0.0078125
3 0.6734375 0.5359375 0.0046875 0.0015625
3 0.68671875 0.52890625 0.0046875 0.003125
3 0.65390625 0.54453125 0.00625 0.003125
3 0.61484375 0.5578125 0.00625 0.003125
3 0.5640625 0.57890625 0.0125 0.0109375