2 0.434375 0.528125 0.11875 0.0703125
2 0.55859375 0.5453125 0.0625 0.03125
2 0.49921875 0.53125 0.0671875 0.0359375
2 0.1390625 0.46015625 0.24375 0.0984375
3 0.41171875 0.54296875 0.0046875 0.003125
3 0.41796875 0.54453125 0.0046875 0.003125
4 0.4734375 0.53515625 0.00625 0.0109375
3 0.4953125 0.5375 0.003125 0.0015625
3 0.51015625 0.54296875 0.0046875 0.003125
3 0.54140625 0.5453125 0.003125 0.0015625
3 0.5421875 0.55 0.003125 0.0015625
3 0.55234375 0.546875 0.003125 0.0015625
3 0.5671875 0.55 0.0015625 0.0015625
3 0.6015625 0.55625 0.0015625 0.0015625
3 0.58671875 0.5546875 0.003125 0.0015625