2 0.34921875 0.5875 0.3 0.175
2 0.68828125 0.5 0.4359375 0.2375
3 0.4 0.60859375 0.0140625 0.0203125
3 0.384375 0.5515625 0.009375 0.009375
3 0.38984375 0.5484375 0.0078125 0.009375
3 0.39609375 0.546875 0.00625 0.009375
3 0.38515625 0.5578125 0.009375 0.00625
3 0.39296875 0.55546875 0.00625 0.00625
3 0.39765625 0.5546875 0.00625 0.00625
3 0.4 0.54609375 0.00625 0.0078125
3 0.40234375 0.553125 0.00625 0.00625
3 0.4046875 0.54453125 0.00625 0.009375
3 0.4109375 0.54296875 0.00625 0.009375
3 0.40625 0.55078125 0.003125 0.003125
3 0.4125 0.54921875 0.0046875 0.0046875
3 0.4171875 0.5484375 0.003125 0.0015625
3 0.75703125 0.52265625 0.0140625 0.0171875
3 0.81796875 0.4703125 0.0140625 0.0125
3 0.82578125 0.4640625 0.0140625 0.015625
3 0.8328125 0.46015625 0.0078125 0.009375
3 0.8328125 0.45390625 0.009375 0.009375
3 0.84765625 0.46640625 0.015625 0.01875
3 0.85546875 0.459375 0.0109375 0.009375
3 0.8625 0.4546875 0.0109375 0.0109375
2 0.97421875 0.46953125 0.0515625 0.0703125