4 0.61953125 0.53828125 0.0078125 0.0125
4 0.653125 0.546875 0.0078125 0.0140625
2 0.40625 0.51875 0.2578125 0.1140625
2 0.2640625 0.44375 0.1078125 0.0875
2 0.83671875 0.6 0.16875 0.090625
3 0.40390625 0.52421875 0.015625 0.009375
3 0.44140625 0.54375 0.0140625 0.0109375
3 0.45859375 0.53125 0.0125 0.009375
3 0.47109375 0.53671875 0.0140625 0.009375
4 0.659375 0.5453125 0.00625 0.009375
3 0.8515625 0.61171875 0.0015625 0.0015625
3 0.84921875 0.615625 0.003125 0.0046875
3 0.8484375 0.61875 0.0015625 0.0015625
3 0.7859375 0.60703125 0.0015625 0.003125
3 0.78515625 0.61015625 0.0015625 0.0015625
3 0.784375 0.60390625 0.0015625 0.0015625
3 0.78671875 0.60234375 0.0015625 0.0015625
3 0.30546875 0.4828125 0.0109375 0.0078125
4 0.3015625 0.4625 0.0046875 0.0109375