3 0.3125 0.7015625 0.0953125 0.0609375
3 0.671875 0.6953125 0.0859375 0.0546875
3 0.975 0.6984375 0.0484375 0.0484375
3 0.4265625 0.4671875 0.0078125 0.0046875
3 0.41875 0.465625 0.0078125 0.0046875
3 0.4109375 0.4625 0.0078125 0.0046875
3 0.4265625 0.45625 0.0046875 0.003125
3 0.4359375 0.45625 0.0046875 0.003125
3 0.4328125 0.45625 0.003125 0.0015625
3 0.40625 0.4625 0.00625 0.0046875
3 0.4015625 0.4609375 0.0046875 0.0046875
3 0.396875 0.453125 0.0046875 0.003125
3 0.4046875 0.453125 0.0046875 0.0015625
3 0.4125 0.459375 0.0046875 0.0046875
3 0.390625 0.453125 0.0046875 0.003125
3 0.6359375 0.453125 0.003125 0.0015625
3 0.6421875 0.4546875 0.003125 0.0015625
3 0.646875 0.4546875 0.003125 0.0015625
3 0.4609375 0.4578125 0.0046875 0.0015625
3 0.7125 0.4640625 0.00625 0.003125
3 0.740625 0.465625 0.0046875 0.0015625
3 0.4390625 0.4703125 0.0078125 0.003125
3 0.4546875 0.471875 0.0078125 0.003125
3 0.4171875 0.45625 0.0046875 0.0046875
3 0.3859375 0.4515625 0.003125 0.003125
3 0.3828125 0.45 0.003125 0.003125