2 0.596875 0.5171875 0.153125 0.0625
2 0.534375 0.4828125 0.2953125 0.1046875
3 0.665625 0.5390625 0.0046875 0.0046875
3 0.590625 0.5046875 0.003125 0.0015625
3 0.590625 0.490625 0.0015625 0.0015625
3 0.5921875 0.5 0.003125 0.003125
3 0.5890625 0.5 0.0015625 0.0015625
4 0.578125 0.5140625 0.0171875 0.0203125
4 0.6265625 0.51875 0.0140625 0.01875
4 0.6421875 0.521875 0.0125 0.015625
3 0.453125 0.50625 0.003125 0.003125
3 0.453125 0.5109375 0.003125 0.003125
3 0.4546875 0.515625 0.0015625 0.003125
3 0.453125 0.51875 0.003125 0.0046875
3 0.45 0.5140625 0.003125 0.003125
3 0.45 0.509375 0.0015625 0.003125