3 0.05546875 0.5171875 0.0515625 0.0328125
3 0.22265625 0.51953125 0.0375 0.025
3 0.2515625 0.46875 0.0109375 0.00625
3 0.56796875 0.5390625 0.0265625 0.015625
3 0.990625 0.5625 0.0109375 0.0265625
3 0.89375 0.49609375 0.009375 0.0046875
3 0.7640625 0.4859375 0.0078125 0.0046875
3 0.59609375 0.54140625 0.01875 0.0078125
3 0.53828125 0.5390625 0.0203125 0.0125
3 0.50859375 0.53828125 0.0234375 0.0140625
3 0.47734375 0.5359375 0.0234375 0.0125
3 0.44765625 0.53515625 0.01875 0.0078125
3 0.41640625 0.53515625 0.0203125 0.0109375
3 0.38828125 0.5328125 0.021875 0.0125
3 0.36015625 0.5328125 0.015625 0.009375
3 0.9734375 0.5609375 0.0203125 0.0203125
3 0.9515625 0.56171875 0.025 0.0203125
3 0.9265625 0.5609375 0.0234375 0.01875
3 0.9015625 0.55625 0.0234375 0.015625
3 0.8765625 0.5546875 0.01875 0.009375
3 0.8484375 0.55234375 0.0203125 0.009375
3 0.82421875 0.54921875 0.0203125 0.0109375
3 0.79609375 0.54765625 0.0171875 0.00625
3 0.76953125 0.5453125 0.015625 0.009375
3 0.87578125 0.496875 0.0078125 0.003125
3 0.8671875 0.49453125 0.0078125 0.003125
3 0.8421875 0.49140625 0.0078125 0.0046875
3 0.81875 0.4875 0.0078125 0.0046875
3 0.7984375 0.48828125 0.0078125 0.0046875
3 0.78125 0.48671875 0.00625 0.003125
3 0.7515625 0.484375 0.00625 0.003125
3 0.7375 0.48359375 0.00625 0.0046875
3 0.728125 0.48125 0.00625 0.003125
3 0.721875 0.48125 0.0046875 0.0046875
3 0.7125 0.48046875 0.0078125 0.0046875
3 0.70625 0.4796875 0.00625 0.003125
3 0.67265625 0.47734375 0.0046875 0.0015625
3 0.65390625 0.4765625 0.0046875 0.0015625
3 0.63984375 0.4765625 0.0046875 0.0015625
3 0.62578125 0.47578125 0.003125 0.0015625
3 0.61328125 0.475 0.003125 0.0015625
3 0.60390625 0.47421875 0.0046875 0.0015625
3 0.59453125 0.4734375 0.0015625 0.0015625
3 0.58828125 0.4734375 0.003125 0.0015625
3 0.58046875 0.47265625 0.003125 0.0015625
3 0.57578125 0.47265625 0.003125 0.0015625
3 0.51875 0.4734375 0.003125 0.0015625
3 0.4953125 0.4734375 0.003125 0.003125
3 0.32578125 0.53203125 0.0203125 0.0078125
3 0.29296875 0.5296875 0.021875 0.009375
3 0.21875 0.46640625 0.009375 0.0046875
3 0.1953125 0.46484375 0.009375 0.0046875
3 0.178125 0.46328125 0.0078125 0.0046875
3 0.1640625 0.4625 0.009375 0.0046875
3 0.1515625 0.46171875 0.009375 0.00625
3 0.1109375 0.45859375 0.00625 0.003125
3 0.08203125 0.45703125 0.00625 0.003125
3 0.05234375 0.45625 0.0046875 0.003125
3 0.01796875 0.45390625 0.00625 0.003125
3 0.62578125 0.54140625 0.0171875 0.0046875
3 0.65703125 0.5421875 0.0171875 0.0046875
3 0.68515625 0.54453125 0.021875 0.009375
3 0.71328125 0.54609375 0.01875 0.0078125