2 0.3109375 0.5 0.3734375 0.140625
2 0.6546875 0.5140625 0.309375 0.1140625
3 0.3234375 0.540625 0.0203125 0.021875
3 0.428125 0.5375 0.025 0.0125
3 0.459375 0.4890625 0.0109375 0.015625
3 0.471875 0.4921875 0.0078125 0.0140625
3 0.465625 0.4953125 0.00625 0.0140625
3 0.7015625 0.4875 0.03125 0.009375
3 0.709375 0.478125 0.0328125 0.009375
3 0.8140625 0.534375 0.0046875 0.009375
3 0.88125 0.5421875 0.00625 0.009375
3 0.9078125 0.540625 0.0046875 0.0109375
2 0.8640625 0.521875 0.1140625 0.059375
2 0.9796875 0.5328125 0.0375 0.015625
2 0.9375 0.534375 0.0328125 0.0140625
3 0.971875 0.5375 0.003125 0.0015625