3 0.64375 0.496875 0.04375 0.0359375
3 0.7109375 0.503125 0.046875 0.0359375
3 0.79375 0.509375 0.0515625 0.0390625
3 0.6375 0.4375 0.0125 0.00625
3 0.575 0.425 0.0046875 0.0015625
3 0.6359375 0.428125 0.0046875 0.003125
3 0.596875 0.4265625 0.0046875 0.0015625
3 0.60625 0.4265625 0.0046875 0.0015625
3 0.615625 0.428125 0.0046875 0.0015625
3 0.6265625 0.428125 0.0046875 0.0015625
3 0.6515625 0.428125 0.0046875 0.0015625
3 0.6453125 0.428125 0.003125 0.0015625
3 0.640625 0.428125 0.003125 0.0015625
3 0.659375 0.428125 0.0046875 0.0015625
3 0.665625 0.428125 0.0046875 0.0015625
3 0.6734375 0.428125 0.003125 0.0015625
3 0.6921875 0.4296875 0.003125 0.0015625
3 0.71875 0.43125 0.003125 0.0015625
3 0.7234375 0.43125 0.003125 0.0015625
3 0.7328125 0.43125 0.003125 0.0015625
3 0.7390625 0.43125 0.003125 0.0015625
3 0.7515625 0.4328125 0.003125 0.0015625
3 0.7546875 0.4328125 0.003125 0.0015625
3 0.76875 0.4328125 0.0046875 0.0015625
3 0.78125 0.434375 0.003125 0.0015625
3 0.7875 0.434375 0.003125 0.0015625
3 0.79375 0.434375 0.003125 0.0015625
3 0.8 0.434375 0.003125 0.0015625
3 0.80625 0.434375 0.003125 0.0015625
3 0.809375 0.434375 0.003125 0.0015625
3 0.815625 0.434375 0.003125 0.0015625
3 0.821875 0.434375 0.003125 0.0015625
3 0.83125 0.434375 0.003125 0.0015625
3 0.840625 0.434375 0.003125 0.0015625
2 0.9625 0.425 0.0125 0.0078125
3 0.875 0.4359375 0.003125 0.0015625
3 0.8796875 0.4359375 0.003125 0.0015625
3 0.9671875 0.440625 0.003125 0.0015625
3 0.971875 0.440625 0.003125 0.0015625
3 0.9765625 0.440625 0.003125 0.0015625
3 0.9796875 0.440625 0.003125 0.0015625
3 0.9609375 0.4390625 0.003125 0.0015625
3 0.5453125 0.4234375 0.00625 0.003125
3 0.51875 0.421875 0.00625 0.003125
3 0.490625 0.4203125 0.00625 0.003125
3 0.459375 0.41875 0.0046875 0.003125
3 0.4234375 0.4171875 0.0046875 0.003125
3 0.39375 0.415625 0.0046875 0.003125