2 0.48359375 0.52734375 0.1625 0.084375
2 0.73046875 0.44765625 0.18125 0.0734375
2 0.60546875 0.484375 0.075 0.0359375
2 0.2875 0.559375 0.053125 0.0296875
2 0.36171875 0.5421875 0.05 0.028125
3 0.4015625 0.53984375 0.0015625 0.0015625
3 0.40859375 0.5421875 0.003125 0.0015625
3 0.3875 0.54296875 0.003125 0.0015625
3 0.36953125 0.546875 0.0046875 0.003125
3 0.34375 0.55234375 0.003125 0.0015625
3 0.35390625 0.55 0.003125 0.0015625
3 0.346875 0.5546875 0.0046875 0.003125
3 0.34453125 0.55703125 0.0015625 0.0015625
3 0.33984375 0.5578125 0.0015625 0.0015625
3 0.29453125 0.5640625 0.003125 0.0015625
3 0.31640625 0.56015625 0.003125 0.0015625
3 0.2171875 0.5828125 0.003125 0.0046875
3 0.209375 0.584375 0.003125 0.003125
2 0.19296875 0.58125 0.0734375 0.0359375
2 0.9078125 0.42109375 0.04375 0.01875
2 0.96171875 0.40859375 0.05 0.021875
3 0.96875 0.41171875 0.0015625 0.003125
3 0.9625 0.4140625 0.0015625 0.0015625
3 0.9546875 0.41484375 0.0015625 0.003125
3 0.97734375 0.4078125 0.0015625 0.0015625
3 0.796875 0.44609375 0.0046875 0.0046875
3 0.628125 0.4875 0.0015625 0.003125
3 0.63125 0.48515625 0.0015625 0.0015625
3 0.634375 0.484375 0.0015625 0.0015625
3 0.63671875 0.48203125 0.003125 0.0015625
3 0.63984375 0.48125 0.0015625 0.0015625