2 0.53828125 0.546875 0.3421875 0.165625
3 0.58828125 0.58671875 0.009375 0.01875
3 0.70390625 0.57265625 0.009375 0.01875
3 0.77109375 0.5453125 0.0296875 0.015625
2 0.0765625 0.62109375 0.134375 0.065625
3 0.02890625 0.6421875 0.00625 0.0109375
3 0.07734375 0.63671875 0.0046875 0.0078125
3 0.1046875 0.6296875 0.0046875 0.009375
2 0.21875 0.61015625 0.1375 0.0515625
3 0.175 0.61484375 0.0078125 0.00625
3 0.17265625 0.60625 0.00625 0.00625
3 0.27109375 0.6109375 0.009375 0.0078125
2 0.33046875 0.58515625 0.1015625 0.084375
3 0.59375 0.584375 0.0078125 0.0171875
4 0.6 0.54765625 0.0140625 0.0125
3 0.8421875 0.49765625 0.0140625 0.0125
3 0.85078125 0.503125 0.009375 0.0140625
3 0.859375 0.5 0.009375 0.0140625
3 0.871875 0.496875 0.00625 0.00625
3 0.8765625 0.49765625 0.0046875 0.0046875
3 0.865625 0.49921875 0.0046875 0.003125
2 0.96015625 0.509375 0.0796875 0.090625
2 0.79140625 0.509375 0.2109375 0.14375