3 0.43515625 0.5203125 0.0046875 0.003125
3 0.44140625 0.5203125 0.0046875 0.0046875
3 0.44765625 0.5203125 0.0046875 0.003125
3 0.45390625 0.51953125 0.0046875 0.003125
3 0.46015625 0.51484375 0.0046875 0.003125
3 0.46640625 0.515625 0.003125 0.0015625
3 0.47109375 0.515625 0.0015625 0.0015625
3 0.48046875 0.51171875 0.003125 0.0015625
3 0.47578125 0.5125 0.003125 0.0015625
3 0.47109375 0.5125 0.0015625 0.0015625
3 0.51015625 0.50859375 0.003125 0.0015625
3 0.50546875 0.509375 0.0015625 0.0015625
3 0.50234375 0.509375 0.0015625 0.0015625
3 0.51640625 0.53984375 0.0125 0.009375
3 0.53046875 0.5390625 0.0125 0.009375
3 0.54453125 0.53828125 0.0125 0.009375
3 0.56015625 0.5375 0.0125 0.0078125
1 0.5921875 0.525 0.0078125 0.0515625
3 0.48359375 0.50859375 0.0015625 0.0015625