2 0.4890625 0.496875 0.2359375 0.1390625
2 0.27109375 0.453125 0.0640625 0.0546875
2 0.22109375 0.453125 0.0453125 0.0390625
2 0.321875 0.478125 0.0453125 0.025
2 0.3859375 0.478125 0.08125 0.0609375
3 0.25 0.46953125 0.003125 0.00625
3 0.240625 0.46953125 0.003125 0.0046875
3 0.35 0.478125 0.009375 0.0140625
3 0.3578125 0.48125 0.00625 0.0078125
3 0.3625 0.4765625 0.0046875 0.0046875
3 0.36953125 0.4828125 0.00625 0.009375
3 0.3640625 0.48203125 0.0046875 0.00625
3 0.3625 0.4890625 0.003125 0.0046875
3 0.37734375 0.48359375 0.0078125 0.0078125
3 0.38515625 0.4875 0.009375 0.0109375
3 0.390625 0.49296875 0.0078125 0.0078125
3 0.39375 0.48359375 0.0078125 0.009375
3 0.4 0.4796875 0.009375 0.009375
3 0.40546875 0.48515625 0.0046875 0.00625
3 0.3984375 0.490625 0.0078125 0.0078125
3 0.4046875 0.49296875 0.009375 0.009375
3 0.41328125 0.4890625 0.0078125 0.0078125
3 0.41875 0.49296875 0.0078125 0.0078125
3 0.4296875 0.49296875 0.00625 0.00625
3 0.425 0.496875 0.0078125 0.00625
3 0.503125 0.54140625 0.00625 0.00625
3 0.5015625 0.54921875 0.0046875 0.0046875