3 0.19453125 0.51953125 0.021875 0.0125
3 0.01796875 0.51328125 0.021875 0.0171875
3 0.22734375 0.478125 0.00625 0.003125
3 0.21875 0.49453125 0.0140625 0.0109375
3 0.05546875 0.5140625 0.0140625 0.0125
3 0.08671875 0.51484375 0.0125 0.0109375
3 0.1125 0.51328125 0.0125 0.0078125
3 0.1390625 0.5140625 0.0125 0.0078125
3 0.1625 0.5140625 0.0125 0.009375
3 0.22265625 0.51953125 0.01875 0.0125
3 0.24765625 0.521875 0.0203125 0.0140625
3 0.27890625 0.5234375 0.021875 0.0140625
3 0.30546875 0.52265625 0.01875 0.0140625
3 0.33515625 0.52578125 0.0203125 0.0125
3 0.36171875 0.525 0.021875 0.009375
3 0.38828125 0.528125 0.015625 0.0078125
3 0.3859375 0.5171875 0.0125 0.0078125
3 0.375 0.51484375 0.0109375 0.0078125
3 0.36328125 0.5109375 0.0109375 0.0078125
3 0.35234375 0.50859375 0.0125 0.009375
3 0.34453125 0.50625 0.009375 0.0078125
3 0.33515625 0.50234375 0.0125 0.0078125
3 0.33046875 0.50078125 0.009375 0.0078125
3 0.32578125 0.5 0.009375 0.0078125
3 0.3203125 0.4984375 0.0078125 0.00625
3 0.34609375 0.4828125 0.00625 0.0015625
3 0.35859375 0.48359375 0.0078125 0.0046875
3 0.38515625 0.4875 0.0078125 0.003125
3 0.39765625 0.48515625 0.0078125 0.0046875
3 0.41015625 0.4859375 0.0078125 0.0046875
3 0.45546875 0.490625 0.00625 0.0046875
3 0.1859375 0.5125 0.0140625 0.0078125
3 0.203125 0.5109375 0.0125 0.00625
3 0.2234375 0.51015625 0.0125 0.0078125
3 0.2375 0.51015625 0.009375 0.0046875
3 0.25390625 0.5078125 0.0109375 0.00625
3 0.26953125 0.50703125 0.009375 0.00625
3 0.28359375 0.50703125 0.0109375 0.00625
3 0.29453125 0.50625 0.009375 0.00625
3 0.30234375 0.5046875 0.0046875 0.0046875
3 0.31015625 0.50390625 0.0046875 0.003125
3 0.290625 0.49609375 0.0078125 0.0046875
3 0.275 0.4953125 0.00625 0.0046875
3 0.2625 0.49453125 0.0078125 0.0046875
3 0.2453125 0.49296875 0.00625 0.003125
3 0.2375 0.49453125 0.00625 0.003125
3 0.2328125 0.4921875 0.0046875 0.003125
3 0.24921875 0.4859375 0.0046875 0.003125
3 0.25546875 0.484375 0.003125 0.003125
3 0.25703125 0.48125 0.009375 0.00625
3 0.26171875 0.48515625 0.0046875 0.003125
3 0.26796875 0.48515625 0.003125 0.003125
3 0.27109375 0.48359375 0.0046875 0.003125
3 0.27578125 0.4828125 0.003125 0.003125
3 0.28359375 0.48203125 0.003125 0.003125
3 0.28046875 0.4828125 0.0015625 0.003125
3 0.278125 0.46875 0.0046875 0.003125
3 0.2734375 0.465625 0.0046875 0.0015625
3 0.2796875 0.465625 0.0046875 0.0015625
3 0.303125 0.4671875 0.0078125 0.003125
3 0.21328125 0.4765625 0.00625 0.0015625
3 0.20078125 0.47578125 0.009375 0.003125
3 0.18671875 0.475 0.0109375 0.0046875
3 0.17578125 0.47421875 0.0078125 0.0015625
3 0.16328125 0.4734375 0.0078125 0.003125
3 0.15234375 0.47265625 0.009375 0.003125
3 0.13984375 0.471875 0.009375 0.003125
3 0.1296875 0.46953125 0.009375 0.0046875
3 0.11484375 0.4703125 0.00625 0.0046875
3 0.1046875 0.46953125 0.009375 0.003125
3 0.08984375 0.46953125 0.0078125 0.0046875
3 0.07890625 0.46875 0.0109375 0.00625
3 0.06640625 0.46796875 0.0109375 0.00625
3 0.0546875 0.4671875 0.009375 0.00625
3 0.0421875 0.46640625 0.009375 0.00625
3 0.03125 0.465625 0.009375 0.00625
3 0.0203125 0.46484375 0.009375 0.00625
3 0.009375 0.4640625 0.0109375 0.0078125
3 0.00546875 0.4484375 0.00625 0.0015625
3 0.01328125 0.4484375 0.00625 0.0015625
3 0.02109375 0.44921875 0.0046875 0.0015625
3 0.03046875 0.45 0.0046875 0.0015625
3 0.03828125 0.45234375 0.00625 0.0015625
3 0.04765625 0.45078125 0.0046875 0.0015625
3 0.05546875 0.4515625 0.00625 0.0015625
3 0.06484375 0.45234375 0.00625 0.0015625
3 0.07265625 0.453125 0.0046875 0.0015625
3 0.08046875 0.453125 0.0046875 0.0015625
3 0.08984375 0.45390625 0.0046875 0.0015625
3 0.09765625 0.4546875 0.00625 0.0015625
3 0.10546875 0.45546875 0.0046875 0.003125
3 0.11171875 0.45546875 0.00625 0.003125
3 0.11953125 0.45625 0.0046875 0.003125
3 0.12734375 0.45703125 0.0046875 0.003125
3 0.13515625 0.45703125 0.003125 0.0015625
3 0.14140625 0.4578125 0.0046875 0.003125
3 0.14921875 0.45859375 0.0046875 0.003125
3 0.15703125 0.45859375 0.0046875 0.0015625
3 0.16484375 0.459375 0.00625 0.0015625
3 0.17109375 0.459375 0.0046875 0.003125
3 0.17890625 0.46015625 0.0046875 0.0015625
3 0.20859375 0.4609375 0.0046875 0.0015625