2 0.496875 0.5734375 0.296875 0.0703125
2 0.2984375 0.5453125 0.1015625 0.046875
2 0.1703125 0.546875 0.0921875 0.0453125
2 0.0828125 0.553125 0.0734375 0.034375
2 0.7953125 0.5296875 0.2796875 0.059375
2 0.021875 0.5546875 0.03125 0.034375
3 0.0640625 0.55625 0.003125 0.003125
3 0.0640625 0.559375 0.003125 0.0015625
3 0.0484375 0.5640625 0.0046875 0.0078125
3 0.1125 0.5546875 0.003125 0.003125
3 0.109375 0.559375 0.003125 0.003125
3 0.1140625 0.559375 0.003125 0.0015625
3 0.1171875 0.55625 0.0046875 0.003125
3 0.1171875 0.559375 0.003125 0.0015625
3 0.1203125 0.5578125 0.003125 0.003125
3 0.1203125 0.559375 0.0015625 0.0015625
3 0.1296875 0.559375 0.003125 0.009375
3 0.1265625 0.553125 0.003125 0.0015625
3 0.1265625 0.55625 0.0015625 0.0015625
3 0.125 0.559375 0.003125 0.003125
3 0.178125 0.5515625 0.00625 0.00625
3 0.215625 0.5515625 0.0015625 0.0046875
3 0.26875 0.5625 0.003125 0.0078125
3 0.290625 0.559375 0.003125 0.00625
3 0.2515625 0.55625 0.00625 0.00625
3 0.3453125 0.5671875 0.0078125 0.00625
3 0.346875 0.5546875 0.0046875 0.0046875
3 0.3625 0.5578125 0.003125 0.0078125
4 0.384375 0.5609375 0.009375 0.0234375
3 0.7234375 0.534375 0.003125 0.003125
3 0.734375 0.5359375 0.0015625 0.003125
3 0.7453125 0.54375 0.0015625 0.0015625
3 0.7546875 0.5390625 0.0015625 0.0015625
3 0.7625 0.5265625 0.003125 0.0015625
3 0.771875 0.521875 0.003125 0.0015625
3 0.7265625 0.528125 0.003125 0.0015625
3 0.7859375 0.53125 0.0015625 0.0015625
3 0.7984375 0.540625 0.0015625 0.0015625
3 0.8125 0.5453125 0.0015625 0.0015625
3 0.825 0.5453125 0.0015625 0.0015625
3 0.90625 0.5453125 0.0046875 0.0171875