3 0.0625 0.65703125 0.03125 0.0203125
3 0.296875 0.54453125 0.0859375 0.0296875
3 0.21640625 0.5640625 0.0765625 0.028125
3 0.16328125 0.57734375 0.0296875 0.0140625
3 0.1078125 0.64453125 0.025 0.015625
3 0.08984375 0.64921875 0.015625 0.009375
3 0.12734375 0.63828125 0.0171875 0.009375
3 0.14609375 0.63203125 0.025 0.0125
3 0.16328125 0.62734375 0.0125 0.0078125
3 0.1828125 0.62265625 0.025 0.0140625
3 0.19609375 0.61796875 0.0125 0.009375
3 0.2140625 0.61328125 0.0234375 0.015625
3 0.22578125 0.60859375 0.0109375 0.0078125
3 0.246875 0.603125 0.0234375 0.0140625
3 0.25703125 0.59921875 0.009375 0.0078125
3 0.28046875 0.5953125 0.025 0.0125
3 0.3125 0.58671875 0.0234375 0.0140625
3 0.34296875 0.5796875 0.0234375 0.0125
3 0.33828125 0.57421875 0.0109375 0.00625
3 0.36796875 0.571875 0.021875 0.0109375
3 0.365625 0.5671875 0.0125 0.00625
3 0.390625 0.559375 0.0125 0.0078125
3 0.39375 0.56328125 0.015625 0.0078125
3 0.41484375 0.553125 0.0125 0.009375
3 0.4375 0.54765625 0.0125 0.0078125
3 0.44609375 0.54765625 0.0140625 0.00625
3 0.459375 0.5421875 0.0125 0.0078125
3 0.4703125 0.54140625 0.015625 0.009375
3 0.49453125 0.53515625 0.0171875 0.0109375
3 0.48203125 0.53671875 0.0109375 0.00625
3 0.503125 0.53125 0.009375 0.00625
3 0.51484375 0.528125 0.0203125 0.0140625
3 0.5390625 0.52109375 0.0203125 0.015625
3 0.56015625 0.515625 0.01875 0.0109375
3 0.5734375 0.509375 0.009375 0.00625
3 0.59140625 0.5046875 0.009375 0.00625
3 0.58046875 0.50703125 0.0171875 0.009375
3 0.6046875 0.5015625 0.01875 0.0125
3 0.6265625 0.49609375 0.01875 0.0125
3 0.6421875 0.490625 0.0203125 0.015625
3 0.6625 0.48515625 0.01875 0.0125
3 0.6796875 0.47890625 0.01875 0.0125
3 0.6984375 0.4765625 0.01875 0.0125
3 0.7078125 0.4546875 0.0125 0.009375
3 0.715625 0.453125 0.00625 0.0046875
3 0.73046875 0.44921875 0.00625 0.0046875
3 0.74453125 0.446875 0.00625 0.0046875
3 0.71640625 0.471875 0.0171875 0.009375
3 0.73515625 0.4671875 0.01875 0.0125
3 0.7515625 0.46171875 0.01875 0.0140625
3 0.765625 0.459375 0.0109375 0.00625
3 0.76875 0.45546875 0.0125 0.0078125
3 0.7796875 0.453125 0.009375 0.00625
3 0.78828125 0.44921875 0.009375 0.00625
3 0.790625 0.4453125 0.009375 0.0078125
3 0.7671875 0.43984375 0.0125 0.009375
3 0.78046875 0.43828125 0.0125 0.0078125
3 0.77890625 0.4421875 0.003125 0.0015625
3 0.78515625 0.4421875 0.0078125 0.00625
3 0.79453125 0.4359375 0.0140625 0.0109375
3 0.80859375 0.4328125 0.0140625 0.009375
3 0.82421875 0.43046875 0.0109375 0.00625
3 0.83984375 0.428125 0.0125 0.00625
3 0.859375 0.43125 0.0140625 0.0078125
3 0.84453125 0.43515625 0.015625 0.009375
3 0.83125 0.43984375 0.0125 0.0078125
3 0.8578125 0.4234375 0.0125 0.00625
3 0.8734375 0.428125 0.0125 0.0078125
3 0.7546875 0.44296875 0.0109375 0.00625
3 0.74375 0.4453125 0.0078125 0.0046875
3 0.734375 0.44609375 0.00625 0.0046875
3 0.7234375 0.44765625 0.0078125 0.0046875
3 0.7 0.45625 0.0046875 0.0046875
3 0.71484375 0.45 0.00625 0.003125
3 0.69921875 0.453125 0.0078125 0.0046875
3 0.69140625 0.45390625 0.00625 0.003125
3 0.68359375 0.4609375 0.00625 0.0046875
3 0.67265625 0.46171875 0.00625 0.0046875
3 0.6578125 0.4671875 0.00625 0.0046875
3 0.6515625 0.46875 0.0046875 0.0046875
3 0.646875 0.46796875 0.003125 0.003125
3 0.59609375 0.47109375 0.009375 0.0078125
3 0.60703125 0.471875 0.003125 0.003125
3 0.609375 0.47421875 0.003125 0.0015625
3 0.6125 0.4734375 0.0015625 0.0015625
3 0.6171875 0.47421875 0.003125 0.003125
3 0.6203125 0.4734375 0.003125 0.003125
3 0.625 0.471875 0.003125 0.003125
3 0.63125 0.4703125 0.0046875 0.003125
3 0.6375 0.4703125 0.0046875 0.0046875
3 0.6140625 0.46484375 0.00625 0.00625
3 0.61640625 0.4640625 0.00625 0.00625
3 0.60390625 0.47265625 0.003125 0.003125
3 0.62109375 0.46328125 0.00625 0.00625
3 0.6265625 0.4640625 0.0046875 0.0046875
3 0.63046875 0.4625 0.00625 0.0046875
3 0.6359375 0.46328125 0.0046875 0.0046875
3 0.640625 0.46171875 0.00625 0.0046875
3 0.646875 0.46171875 0.0078125 0.0046875
3 0.6515625 0.4625 0.0046875 0.0046875
3 0.6578125 0.4609375 0.00625 0.0046875
3 0.6640625 0.4609375 0.0078125 0.00625
3 0.6703125 0.459375 0.00625 0.0046875
3 0.6765625 0.4578125 0.00625 0.0046875
3 0.68359375 0.45546875 0.00625 0.0046875
3 0.69140625 0.44609375 0.0078125 0.003125
3 0.7015625 0.44296875 0.0078125 0.003125
3 0.67890625 0.4296875 0.003125 0.0015625
3 0.665625 0.4328125 0.003125 0.0015625
3 0.65 0.43671875 0.003125 0.0015625
3 0.63828125 0.43984375 0.003125 0.0015625
3 0.63046875 0.43671875 0.0015625 0.0015625
3 0.63359375 0.4359375 0.0015625 0.0015625
3 0.63671875 0.43515625 0.0015625 0.0015625
3 0.6921875 0.4265625 0.003125 0.0015625
3 0.70625 0.42265625 0.003125 0.0015625
3 0.71953125 0.41953125 0.003125 0.0015625
3 0.74375 0.41328125 0.003125 0.0015625
3 0.73203125 0.41640625 0.003125 0.0015625
3 0.77578125 0.40390625 0.0046875 0.003125
3 0.76875 0.40703125 0.003125 0.0015625
3 0.7640625 0.40859375 0.003125 0.0015625
3 0.78515625 0.403125 0.0046875 0.003125
3 0.796875 0.3984375 0.0046875 0.003125
3 0.80859375 0.3953125 0.0046875 0.003125
3 0.82578125 0.39296875 0.0046875 0.003125
3 0.84453125 0.38828125 0.0046875 0.0046875
3 0.865625 0.3828125 0.0046875 0.0046875
3 0.9109375 0.3734375 0.0046875 0.0046875
3 0.88828125 0.37734375 0.00625 0.0046875
3 0.93515625 0.3671875 0.0046875 0.0046875
3 0.95859375 0.36171875 0.00625 0.0046875