2 0.52421875 0.54375 0.1453125 0.0921875
1 0.70234375 0.5546875 0.009375 0.034375
4 0.5421875 0.55078125 0.00625 0.009375
1 0.4296875 0.52265625 0.00625 0.0234375
2 0.22578125 0.50390625 0.0296875 0.0234375
3 0.2390625 0.51171875 0.0015625 0.003125
3 0.23125 0.5109375 0.0015625 0.0046875
3 0.23359375 0.51484375 0.0015625 0.0015625
3 0.225 0.50859375 0.0015625 0.0015625
3 0.228125 0.509375 0.0015625 0.0015625
4 0.553125 0.55234375 0.0078125 0.009375
3 0.525 0.56328125 0.009375 0.00625
3 0.49765625 0.55625 0.0109375 0.00625
3 0.46640625 0.54453125 0.0109375 0.0046875
3 0.46015625 0.5421875 0.003125 0.0046875
3 0.57265625 0.559375 0.0046875 0.0046875