2 0.49765625 0.52421875 0.34375 0.16875
3 0.36171875 0.5453125 0.0109375 0.0109375
3 0.4453125 0.5625 0.0125 0.0234375
3 0.49453125 0.5640625 0.0125 0.025
3 0.5921875 0.5515625 0.0109375 0.0265625
3 0.375 0.5390625 0.0125 0.0109375
3 0.38203125 0.54375 0.0125 0.0125
3 0.378125 0.55078125 0.0125 0.0125
3 0.36875 0.54921875 0.0078125 0.0125
3 0.36171875 0.55546875 0.0109375 0.009375
3 0.3734375 0.559375 0.0125 0.009375
3 0.38125 0.56171875 0.0109375 0.009375
3 0.38828125 0.55390625 0.009375 0.009375
3 0.37109375 0.56640625 0.009375 0.0078125
3 0.6453125 0.5390625 0.0125 0.0234375
3 0.6546875 0.52578125 0.0171875 0.0125