2 0.5671875 0.465625 0.190625 0.121875
2 0.075 0.4578125 0.0953125 0.0578125
3 0.475 0.5109375 0.0125 0.028125
4 0.64375 0.4359375 0.009375 0.03125
3 0.028125 0.4640625 0.0078125 0.0140625
3 0.046875 0.4609375 0.00625 0.0046875
3 0.0421875 0.465625 0.003125 0.00625
3 0.05625 0.4640625 0.00625 0.0046875
3 0.05 0.465625 0.0046875 0.00625
3 0.0515625 0.4734375 0.00625 0.0046875
3 0.065625 0.4671875 0.00625 0.009375
3 0.0734375 0.46875 0.009375 0.009375
3 0.0796875 0.4734375 0.0078125 0.00625
3 0.0875 0.4609375 0.0078125 0.0078125
3 0.08125 0.4640625 0.0078125 0.009375
3 0.09375 0.4734375 0.0078125 0.009375
3 0.09375 0.4640625 0.0046875 0.00625
3 0.1015625 0.4671875 0.00625 0.00625
3 0.109375 0.4703125 0.0078125 0.0078125
3 0.115625 0.475 0.009375 0.0078125
3 0.1203125 0.46875 0.00625 0.0046875
3 0.1234375 0.4796875 0.0046875 0.0140625
3 0.1875 0.4359375 0.00625 0.00625
3 0.18125 0.4359375 0.0046875 0.00625
3 0.175 0.4359375 0.0046875 0.0046875
3 0.1703125 0.4359375 0.0046875 0.00625
3 0.1640625 0.4359375 0.0046875 0.0046875
3 0.146875 0.421875 0.0046875 0.00625
3 0.153125 0.421875 0.003125 0.00625
3 0.159375 0.41875 0.0046875 0.0015625
2 0.171875 0.44375 0.1015625 0.0859375