2 0.4890625 0.4984375 0.2234375 0.1125
2 0.2671875 0.48125 0.059375 0.0484375
2 0.2171875 0.4875 0.0421875 0.034375
2 0.3203125 0.5 0.04375 0.0203125
2 0.384375 0.4921875 0.075 0.0515625
3 0.2484375 0.5 0.003125 0.00625
3 0.2390625 0.5015625 0.003125 0.0046875
3 0.3484375 0.496875 0.0078125 0.0125
3 0.35625 0.4984375 0.0046875 0.0078125
3 0.3609375 0.49375 0.0046875 0.0046875
3 0.36875 0.4984375 0.0046875 0.009375
3 0.3625 0.4984375 0.0046875 0.00625
3 0.3625 0.50625 0.003125 0.0046875
3 0.3765625 0.4984375 0.00625 0.0078125
3 0.384375 0.5015625 0.0078125 0.009375
3 0.390625 0.50625 0.00625 0.0078125
3 0.3921875 0.496875 0.00625 0.009375
3 0.3984375 0.4921875 0.0078125 0.0078125
3 0.4046875 0.496875 0.0046875 0.00625
3 0.3984375 0.503125 0.00625 0.0078125
3 0.4046875 0.5046875 0.0078125 0.0078125
3 0.4125 0.5 0.00625 0.0078125
3 0.41875 0.503125 0.00625 0.0078125
3 0.4296875 0.5015625 0.00625 0.00625
3 0.425 0.50625 0.0078125 0.0046875
3 0.5078125 0.540625 0.00625 0.00625
3 0.5078125 0.5484375 0.0046875 0.0046875