2 0.440625 0.5390625 0.1109375 0.0515625
2 0.565625 0.534375 0.059375 0.021875
2 0.5046875 0.53125 0.0640625 0.025
2 0.1375 0.5234375 0.2375 0.0578125
3 0.4203125 0.5578125 0.0046875 0.0015625
3 0.4265625 0.5578125 0.0046875 0.003125
4 0.4796875 0.5390625 0.0046875 0.0109375
3 0.5015625 0.5375 0.003125 0.0015625
3 0.5171875 0.540625 0.0046875 0.003125
3 0.5484375 0.5375 0.003125 0.0015625
3 0.55 0.5421875 0.003125 0.0015625
3 0.559375 0.5375 0.003125 0.0015625
3 0.575 0.5375 0.0015625 0.0015625
3 0.609375 0.5375 0.0015625 0.0015625
3 0.5953125 0.5390625 0.003125 0.0015625