2 0.5984375 0.496875 0.1625 0.09375
2 0.5296875 0.47578125 0.3109375 0.1640625
3 0.6703125 0.50390625 0.00625 0.00625
3 0.58984375 0.4859375 0.003125 0.0015625
3 0.58671875 0.471875 0.0015625 0.0015625
3 0.58984375 0.48046875 0.003125 0.003125
3 0.5875 0.48125 0.0015625 0.0015625
4 0.5796875 0.49765625 0.0203125 0.0234375
4 0.62734375 0.4921875 0.0171875 0.021875
4 0.64375 0.4921875 0.015625 0.0171875
3 0.45546875 0.515625 0.003125 0.003125
3 0.45625 0.5203125 0.003125 0.003125
3 0.45859375 0.525 0.0015625 0.003125
3 0.4578125 0.528125 0.0046875 0.0046875
3 0.45390625 0.52421875 0.003125 0.003125
3 0.453125 0.51953125 0.0015625 0.003125