2 0.45078125 0.47734375 0.2390625 0.128125
2 0.784375 0.559375 0.3390625 0.1625
2 0.0375 0.37890625 0.053125 0.053125
2 0.14609375 0.3859375 0.1984375 0.1015625
2 0.34609375 0.41484375 0.1859375 0.125
3 0.478125 0.5109375 0.0125 0.0109375
3 0.4890625 0.51171875 0.0125 0.0078125
3 0.36875 0.45703125 0.0109375 0.0078125
3 0.359375 0.4546875 0.0109375 0.0078125
3 0.35234375 0.4515625 0.00625 0.0078125
3 0.3140625 0.4296875 0.0109375 0.00625
3 0.28515625 0.4234375 0.0078125 0.00625
3 0.27578125 0.42109375 0.0046875 0.0046875
3 0.2703125 0.41953125 0.00625 0.00625
3 0.265625 0.41875 0.00625 0.00625
3 0.10859375 0.403125 0.0171875 0.015625
3 0.0234375 0.37734375 0.0015625 0.0015625
3 0.02421875 0.38046875 0.0015625 0.0015625
3 0.02421875 0.38515625 0.0015625 0.0015625
3 0.02578125 0.3953125 0.0015625 0.0015625
3 0.65234375 0.5625 0.0171875 0.0109375
3 0.7234375 0.58046875 0.01875 0.0125
3 0.809375 0.5984375 0.01875 0.0171875
3 0.16015625 0.41640625 0.0015625 0.0015625
3 0.1703125 0.421875 0.0015625 0.0015625
3 0.21015625 0.4203125 0.0015625 0.0015625
3 0.2171875 0.425 0.0015625 0.0015625
3 0.2265625 0.42734375 0.00625 0.009375
3 0.3796875 0.44375 0.0109375 0.00625