2 0.396875 0.5171875 0.3921875 0.24375
2 0.1453125 0.55625 0.1203125 0.109375
3 0.2546875 0.5546875 0.028125 0.015625
3 0.3296875 0.56875 0.0265625 0.01875
3 0.3296875 0.5984375 0.0046875 0.0046875
3 0.3390625 0.6125 0.003125 0.00625
3 0.34375 0.6125 0.003125 0.003125
3 0.3546875 0.5890625 0.0078125 0.00625
3 0.3546875 0.5796875 0.0078125 0.0078125
3 0.38125 0.61875 0.00625 0.00625
3 0.3765625 0.609375 0.003125 0.0046875
3 0.375 0.603125 0.0046875 0.0046875
3 0.3578125 0.571875 0.0046875 0.0078125
3 0.3609375 0.5625 0.0078125 0.00625
3 0.3203125 0.61875 0.003125 0.0078125
3 0.265625 0.61875 0.0046875 0.00625
3 0.4421875 0.590625 0.0046875 0.0078125
3 0.5765625 0.621875 0.0046875 0.00625
3 0.5875 0.5625 0.00625 0.009375
3 0.55 0.546875 0.00625 0.00625