2 0.6390625 0.559375 0.4515625 0.103125
3 0.028125 0.59375 0.0125 0.0078125
3 0.00625 0.5953125 0.0125 0.00625
3 0.05 0.5953125 0.0125 0.00625
3 0.0953125 0.5953125 0.0109375 0.00625
3 0.1109375 0.5953125 0.0109375 0.0078125
3 0.1890625 0.5921875 0.0109375 0.0046875
3 0.2046875 0.5640625 0.0078125 0.0125
3 0.21875 0.5875 0.0265625 0.00625
3 0.209375 0.59375 0.0078125 0.003125
3 0.221875 0.59375 0.0078125 0.003125
3 0.234375 0.5921875 0.0109375 0.0046875
3 0.2703125 0.5921875 0.0109375 0.00625
3 0.2609375 0.5671875 0.0078125 0.0109375
3 0.30625 0.565625 0.0078125 0.0140625
3 0.290625 0.59375 0.0109375 0.0046875
3 0.3015625 0.59375 0.009375 0.003125
3 0.3109375 0.5921875 0.0140625 0.009375
3 0.33125 0.5921875 0.0109375 0.00625
3 0.3453125 0.59375 0.0109375 0.00625
4 0.35 0.575 0.009375 0.0125
4 0.36875 0.5734375 0.0078125 0.0265625
2 0.203125 0.5359375 0.396875 0.084375
4 0.0171875 0.5578125 0.009375 0.01875
2 0.93125 0.534375 0.134375 0.1265625