2 0.56953125 0.5609375 0.3203125 0.153125
2 0.37421875 0.46953125 0.125 0.0640625
2 0.39375 0.47421875 0.065625 0.05625
3 0.4796875 0.53359375 0.0203125 0.0125
3 0.503125 0.5421875 0.0171875 0.0109375
3 0.521875 0.5453125 0.015625 0.009375
3 0.46328125 0.528125 0.015625 0.0109375
3 0.6828125 0.61796875 0.0140625 0.0109375
3 0.6984375 0.62109375 0.0125 0.0078125
3 0.33828125 0.47109375 0.0046875 0.0046875
3 0.34296875 0.4734375 0.0046875 0.0046875
3 0.34375 0.4765625 0.00625 0.00625
3 0.353125 0.47734375 0.003125 0.003125
3 0.35 0.4703125 0.0046875 0.0046875
3 0.35234375 0.47421875 0.003125 0.003125
3 0.35703125 0.475 0.003125 0.003125
3 0.3609375 0.47734375 0.003125 0.003125
3 0.36328125 0.48125 0.003125 0.003125
3 0.365625 0.47890625 0.003125 0.003125
3 0.3203125 0.46640625 0.00625 0.0078125
3 0.33046875 0.46875 0.0015625 0.003125
3 0.3328125 0.46796875 0.0015625 0.003125
2 0.278125 0.446875 0.04375 0.0328125
2 0.25390625 0.44609375 0.0265625 0.0234375