2 0.4953125 0.5734375 0.2984375 0.075
2 0.29765625 0.54140625 0.103125 0.0484375
2 0.16953125 0.54140625 0.0921875 0.046875
2 0.08203125 0.54609375 0.0734375 0.0359375
2 0.79453125 0.53515625 0.28125 0.0640625
2 0.02109375 0.54609375 0.03125 0.034375
3 0.06328125 0.5484375 0.003125 0.003125
3 0.06328125 0.5515625 0.003125 0.0015625
3 0.04765625 0.55625 0.0046875 0.0078125
3 0.11171875 0.54765625 0.003125 0.003125
3 0.10859375 0.55234375 0.003125 0.003125
3 0.11328125 0.55234375 0.003125 0.0015625
3 0.11640625 0.54921875 0.0046875 0.003125
3 0.11640625 0.55234375 0.003125 0.0015625
3 0.11953125 0.5515625 0.003125 0.003125
3 0.11953125 0.553125 0.0015625 0.0015625
3 0.12890625 0.553125 0.003125 0.009375
3 0.12578125 0.546875 0.003125 0.0015625
3 0.12578125 0.55 0.0015625 0.0015625
3 0.12421875 0.553125 0.003125 0.003125
3 0.17734375 0.54609375 0.00625 0.00625
3 0.21484375 0.546875 0.0015625 0.0046875
3 0.26796875 0.55859375 0.003125 0.0078125
3 0.28984375 0.55546875 0.003125 0.00625
3 0.25078125 0.5515625 0.00625 0.00625
3 0.34453125 0.56484375 0.0078125 0.00625
3 0.34609375 0.55234375 0.0046875 0.0046875
3 0.36171875 0.55546875 0.003125 0.0078125
4 0.38359375 0.55859375 0.009375 0.0234375
3 0.72265625 0.53828125 0.003125 0.003125
3 0.73359375 0.53984375 0.0015625 0.003125
3 0.74453125 0.54765625 0.0015625 0.0015625
3 0.75390625 0.54375 0.0015625 0.0015625
3 0.76171875 0.53125 0.003125 0.0015625
3 0.77109375 0.5265625 0.003125 0.0015625
3 0.72578125 0.53203125 0.003125 0.0015625
3 0.78515625 0.5359375 0.0015625 0.0015625
3 0.79765625 0.54609375 0.0015625 0.0015625
3 0.81171875 0.55078125 0.0015625 0.0015625
3 0.82421875 0.55078125 0.0015625 0.0015625
3 0.90546875 0.55234375 0.0046875 0.0171875