5 0.08671875 0.47734375 0.0109375 0.003125
5 0.24140625 0.4703125 0.015625 0.0046875
5 0.19453125 0.46953125 0.0140625 0.003125
5 0.15625 0.5078125 0.034375 0.0078125
5 0.1078125 0.52578125 0.215625 0.03125
5 0.25546875 0.47890625 0.015625 0.0046875
5 0.48203125 0.4765625 0.0078125 0.0046875
5 0.53515625 0.47421875 0.0078125 0.003125
5 0.8265625 0.48515625 0.0140625 0.0046875
5 0.9296875 0.478125 0.009375 0.00625
5 0.9421875 0.478125 0.0078125 0.00625
5 0.9640625 0.48125 0.0046875 0.003125
5 0.9765625 0.48203125 0.0125 0.003125
5 0.99375 0.48203125 0.0046875 0.0015625