2 0.559375 0.453125 0.2109375 0.15625
2 0.075 0.53984375 0.1046875 0.075
3 0.47734375 0.515625 0.0171875 0.0296875
4 0.62890625 0.409375 0.015625 0.0328125
3 0.0296875 0.5546875 0.0109375 0.015625
3 0.04765625 0.5484375 0.00625 0.00625
3 0.04375 0.55390625 0.0046875 0.00625
3 0.0578125 0.54921875 0.00625 0.00625
3 0.0515625 0.55234375 0.00625 0.00625
3 0.0546875 0.559375 0.00625 0.00625
3 0.0671875 0.55078125 0.0078125 0.0109375
3 0.075 0.55078125 0.0109375 0.0109375
3 0.08203125 0.55390625 0.009375 0.0078125
3 0.0875 0.540625 0.009375 0.009375
3 0.08203125 0.54453125 0.009375 0.0109375
3 0.09609375 0.5515625 0.009375 0.0109375
3 0.09453125 0.5421875 0.00625 0.00625
3 0.10234375 0.54375 0.0078125 0.0078125
3 0.1109375 0.5453125 0.009375 0.009375
3 0.11796875 0.5484375 0.0109375 0.009375
3 0.12109375 0.54140625 0.00625 0.00625
3 0.1265625 0.5515625 0.0078125 0.0140625
3 0.18125 0.496875 0.0078125 0.0078125
3 0.175 0.49765625 0.00625 0.00625
3 0.16875 0.49921875 0.00625 0.00625
3 0.1640625 0.5 0.00625 0.00625
3 0.1578125 0.5015625 0.00625 0.00625
3 0.13828125 0.490625 0.00625 0.00625
3 0.14453125 0.48984375 0.0046875 0.00625
3 0.15 0.48515625 0.0046875 0.003125
2 0.1671875 0.50703125 0.115625 0.103125