4 0.62265625 0.52734375 0.00625 0.0125
4 0.65625 0.53359375 0.00625 0.0140625
2 0.40859375 0.5265625 0.25625 0.09375
2 0.26015625 0.4640625 0.103125 0.0796875
2 0.84375 0.5703125 0.165625 0.078125
3 0.40625 0.5328125 0.0140625 0.0078125
3 0.4453125 0.5484375 0.0140625 0.009375
3 0.4609375 0.534375 0.0125 0.009375
3 0.475 0.5390625 0.0125 0.0078125
4 0.66328125 0.53125 0.00625 0.0078125
3 0.86015625 0.58046875 0.0015625 0.0015625
3 0.8578125 0.58515625 0.0015625 0.0046875
3 0.8578125 0.58828125 0.0015625 0.0015625
3 0.79375 0.58203125 0.0015625 0.003125
3 0.79375 0.58515625 0.0015625 0.0015625
3 0.79296875 0.578125 0.0015625 0.0015625
3 0.79453125 0.57734375 0.0015625 0.0015625
3 0.3046875 0.5 0.009375 0.0078125
4 0.29921875 0.48046875 0.0046875 0.0109375