2 0.58125 0.54375 0.309375 0.0859375
2 0.3703125 0.4984375 0.11875 0.0390625
2 0.390625 0.4984375 0.05625 0.0453125
3 0.4875 0.5375 0.01875 0.0078125
3 0.5125 0.540625 0.015625 0.0078125
3 0.53125 0.5390625 0.0140625 0.00625
3 0.4703125 0.5359375 0.0140625 0.0078125
3 0.7046875 0.5734375 0.0125 0.0078125
3 0.7203125 0.5734375 0.0109375 0.00625
3 0.3359375 0.5078125 0.003125 0.0046875
3 0.340625 0.509375 0.003125 0.0046875
3 0.3421875 0.5125 0.0046875 0.0046875
3 0.3515625 0.5109375 0.003125 0.003125
3 0.346875 0.5046875 0.0046875 0.003125
3 0.35 0.5078125 0.003125 0.003125
3 0.3546875 0.5078125 0.003125 0.003125
3 0.359375 0.509375 0.003125 0.003125
3 0.3625 0.5125 0.003125 0.003125
3 0.3640625 0.509375 0.003125 0.003125
3 0.3171875 0.5078125 0.0046875 0.00625
3 0.328125 0.5078125 0.0015625 0.003125
3 0.3296875 0.50625 0.0015625 0.003125
2 0.271875 0.4984375 0.0390625 0.025
2 0.2484375 0.503125 0.0234375 0.01875