3 0.0375 0.546875 0.028125 0.0140625
3 0.2921875 0.49375 0.0859375 0.009375
3 0.209375 0.49375 0.0765625 0.009375
3 0.1546875 0.49375 0.028125 0.0078125
3 0.084375 0.5453125 0.0234375 0.0109375
3 0.065625 0.5453125 0.0140625 0.00625
3 0.1046875 0.54375 0.015625 0.00625
3 0.125 0.5421875 0.0234375 0.0078125
3 0.1421875 0.5421875 0.0125 0.0046875
3 0.1625 0.5421875 0.0234375 0.009375
3 0.1765625 0.540625 0.0109375 0.00625
3 0.1953125 0.540625 0.021875 0.0109375
3 0.2078125 0.5390625 0.009375 0.00625
3 0.2296875 0.5390625 0.021875 0.009375
3 0.240625 0.5375 0.0078125 0.00625
3 0.2640625 0.5390625 0.0234375 0.0078125
3 0.296875 0.5390625 0.021875 0.009375
3 0.328125 0.5390625 0.021875 0.0078125
3 0.325 0.5328125 0.0109375 0.003125
3 0.3546875 0.5375 0.0203125 0.00625
3 0.353125 0.5328125 0.0125 0.003125
3 0.3796875 0.53125 0.0109375 0.0046875
3 0.38125 0.5359375 0.015625 0.0046875
3 0.4046875 0.53125 0.0109375 0.00625
3 0.428125 0.53125 0.0109375 0.0046875
3 0.4359375 0.5328125 0.0140625 0.003125
3 0.45 0.53125 0.0109375 0.0046875
3 0.4609375 0.5328125 0.0140625 0.00625
3 0.4859375 0.5328125 0.015625 0.0078125
3 0.4734375 0.53125 0.009375 0.0046875
3 0.4953125 0.53125 0.0078125 0.0046875
3 0.5078125 0.53125 0.01875 0.009375
3 0.5328125 0.5296875 0.01875 0.0109375
3 0.5546875 0.5296875 0.0171875 0.00625
3 0.56875 0.5265625 0.0078125 0.0046875
3 0.5875 0.5265625 0.0078125 0.0046875
3 0.5765625 0.5265625 0.015625 0.00625
3 0.6015625 0.5265625 0.0171875 0.009375
3 0.6234375 0.5265625 0.0171875 0.009375
3 0.640625 0.525 0.01875 0.0109375
3 0.6609375 0.525 0.0171875 0.0078125
3 0.6796875 0.5234375 0.0171875 0.009375
3 0.6984375 0.525 0.0171875 0.009375
3 0.7125 0.50625 0.0109375 0.00625
3 0.7203125 0.50625 0.00625 0.003125
3 0.7359375 0.50625 0.00625 0.003125
3 0.75 0.5078125 0.00625 0.003125
3 0.7171875 0.525 0.015625 0.00625
3 0.7359375 0.525 0.0171875 0.0078125
3 0.753125 0.5234375 0.0171875 0.0109375
3 0.7671875 0.525 0.009375 0.0046875
3 0.771875 0.521875 0.0125 0.0046875
3 0.7828125 0.521875 0.0078125 0.0046875
3 0.7921875 0.5203125 0.0078125 0.0046875
3 0.7953125 0.5171875 0.0078125 0.00625
3 0.7734375 0.50625 0.0109375 0.00625
3 0.7875 0.5078125 0.0109375 0.0046875
3 0.784375 0.5109375 0.003125 0.0015625
3 0.790625 0.5125 0.00625 0.0046875
3 0.8015625 0.509375 0.0125 0.0078125
3 0.815625 0.509375 0.0125 0.00625
3 0.83125 0.5109375 0.0109375 0.003125
3 0.846875 0.5125 0.0125 0.003125
3 0.865625 0.5203125 0.0140625 0.0046875
3 0.85 0.5203125 0.0140625 0.00625
3 0.8359375 0.521875 0.0125 0.0046875
3 0.865625 0.5125 0.0125 0.003125
3 0.8796875 0.5203125 0.0125 0.0046875
3 0.7609375 0.50625 0.009375 0.0046875
3 0.75 0.50625 0.0078125 0.003125
3 0.740625 0.5046875 0.00625 0.003125
3 0.7296875 0.503125 0.0078125 0.003125
3 0.7046875 0.50625 0.0046875 0.003125
3 0.7203125 0.503125 0.00625 0.0015625
3 0.7046875 0.503125 0.0078125 0.003125
3 0.696875 0.5015625 0.00625 0.0015625
3 0.6875 0.50625 0.00625 0.003125
3 0.6765625 0.5046875 0.00625 0.003125
3 0.6609375 0.50625 0.00625 0.003125
3 0.6546875 0.50625 0.0046875 0.003125
3 0.65 0.5046875 0.003125 0.003125
3 0.6 0.4953125 0.0078125 0.00625
3 0.6109375 0.4984375 0.003125 0.003125
3 0.6125 0.5015625 0.003125 0.0015625
3 0.615625 0.5015625 0.0015625 0.0015625
3 0.6203125 0.503125 0.003125 0.003125
3 0.6234375 0.503125 0.003125 0.003125
3 0.628125 0.503125 0.003125 0.003125
3 0.634375 0.503125 0.0046875 0.0015625
3 0.640625 0.5046875 0.0046875 0.003125
3 0.61875 0.49375 0.0046875 0.0046875
3 0.621875 0.49375 0.0046875 0.0046875
3 0.6078125 0.4984375 0.003125 0.003125
3 0.6265625 0.49375 0.0046875 0.0046875
3 0.63125 0.4953125 0.0046875 0.003125
3 0.6359375 0.4953125 0.00625 0.003125
3 0.640625 0.496875 0.0046875 0.003125
3 0.6453125 0.496875 0.00625 0.003125
3 0.6515625 0.4984375 0.0078125 0.003125
3 0.65625 0.5 0.0046875 0.003125
3 0.6625 0.5 0.00625 0.003125
3 0.66875 0.5015625 0.00625 0.0046875
3 0.675 0.5015625 0.00625 0.003125
3 0.68125 0.5015625 0.00625 0.003125
3 0.6890625 0.5015625 0.00625 0.003125
3 0.6984375 0.49375 0.0078125 0.0015625
3 0.709375 0.49375 0.0078125 0.0015625
3 0.690625 0.475 0.003125 0.0015625
3 0.6765625 0.475 0.003125 0.0015625
3 0.6609375 0.475 0.003125 0.0015625
3 0.6484375 0.475 0.003125 0.0015625
3 0.6421875 0.4703125 0.0015625 0.0015625
3 0.6453125 0.4703125 0.0015625 0.0015625
3 0.6484375 0.4703125 0.0015625 0.0015625
3 0.7046875 0.475 0.003125 0.0015625
3 0.71875 0.475 0.003125 0.0015625
3 0.7328125 0.475 0.003125 0.0015625
3 0.7578125 0.475 0.003125 0.0015625
3 0.7453125 0.475 0.003125 0.0015625
3 0.790625 0.4734375 0.0046875 0.0015625
3 0.7828125 0.475 0.003125 0.0015625
3 0.778125 0.475 0.003125 0.0015625
3 0.8 0.475 0.0046875 0.0015625
3 0.8125 0.4734375 0.0046875 0.0015625
3 0.825 0.4734375 0.0046875 0.0015625
3 0.8421875 0.475 0.0046875 0.0015625
3 0.8609375 0.475 0.0046875 0.003125
3 0.8828125 0.475 0.0046875 0.003125
3 0.9296875 0.4765625 0.0046875 0.003125
3 0.90625 0.475 0.00625 0.003125
3 0.9546875 0.4765625 0.0046875 0.003125
3 0.978125 0.4765625 0.00625 0.003125