3 0.43359375 0.51484375 0.0046875 0.003125
3 0.43984375 0.51484375 0.0046875 0.0046875
3 0.44609375 0.515625 0.0046875 0.003125
3 0.45234375 0.515625 0.0046875 0.003125
3 0.45859375 0.5109375 0.0046875 0.003125
3 0.46484375 0.5125 0.003125 0.0015625
3 0.46953125 0.51328125 0.0015625 0.0015625
3 0.4796875 0.51015625 0.003125 0.0015625
3 0.475 0.51015625 0.003125 0.0015625
3 0.4703125 0.51015625 0.0015625 0.0015625
3 0.509375 0.509375 0.003125 0.0015625
3 0.5046875 0.509375 0.0015625 0.0015625
3 0.5015625 0.509375 0.0015625 0.0015625
3 0.5125 0.54140625 0.0125 0.009375
3 0.5265625 0.54140625 0.0125 0.009375
3 0.540625 0.5421875 0.0125 0.009375
3 0.55625 0.54296875 0.0125 0.0078125
1 0.58984375 0.5328125 0.00625 0.0515625
3 0.4828125 0.50703125 0.0015625 0.0015625