3 0.24921875 0.47890625 0.0390625 0.0296875
3 0.05703125 0.515625 0.0515625 0.040625
3 0.39765625 0.4421875 0.034375 0.0265625
3 0.50078125 0.4203125 0.0328125 0.025
3 0.6046875 0.4 0.028125 0.021875
3 0.68828125 0.38046875 0.0296875 0.0234375
3 0.740625 0.36875 0.0265625 0.021875
3 0.81953125 0.3515625 0.028125 0.021875
3 0.86953125 0.3390625 0.021875 0.015625
3 0.92421875 0.3234375 0.0234375 0.01875
3 0.75078125 0.32578125 0.0046875 0.0046875
3 0.75546875 0.32421875 0.0046875 0.0046875
3 0.76796875 0.321875 0.0046875 0.003125
3 0.77578125 0.3203125 0.0046875 0.0046875
3 0.43125 0.384375 0.00625 0.0046875
3 0.703125 0.33125 0.003125 0.0015625
3 0.96953125 0.31328125 0.00625 0.0109375