3 0.1203125 0.4328125 0.240625 0.125
3 0.453125 0.3953125 0.2671875 0.0828125
3 0.1203125 0.21875 0.0140625 0.00625
3 0.14375 0.2171875 0.0125 0.0078125
3 0.165625 0.215625 0.0109375 0.0046875
3 0.184375 0.2015625 0.0078125 0.0046875
3 0.2890625 0.1859375 0.0140625 0.00625
3 0.3078125 0.184375 0.0140625 0.00625
3 0.325 0.18125 0.015625 0.0046875
3 0.3421875 0.1796875 0.0140625 0.0046875
3 0.359375 0.1765625 0.0125 0.0046875
3 0.1203125 0.03125 0.0140625 0.00625
3 0.14375 0.0328125 0.0125 0.0078125
3 0.165625 0.034375 0.0109375 0.0046875
3 0.184375 0.0484375 0.0078125 0.0046875
3 0.2890625 0.0640625 0.0140625 0.00625
3 0.3078125 0.065625 0.0140625 0.00625
3 0.325 0.06875 0.015625 0.0046875
3 0.3421875 0.0703125 0.0140625 0.0046875
3 0.359375 0.0734375 0.0125 0.0046875