3 0.35390625 0.5671875 0.0703125 0.059375
3 0.00625 0.4015625 0.00625 0.0125
3 0.89609375 0.5296875 0.046875 0.0359375
3 0.9328125 0.46953125 0.0125 0.003125
3 0.703125 0.45234375 0.009375 0.0046875
3 0.7671875 0.459375 0.0109375 0.0046875
3 0.62578125 0.4453125 0.00625 0.0015625
3 0.49921875 0.4328125 0.0046875 0.003125
3 0.9171875 0.46796875 0.0078125 0.003125
3 0.903125 0.4671875 0.0109375 0.003125
3 0.8890625 0.46640625 0.0078125 0.003125
3 0.871875 0.46484375 0.009375 0.003125
3 0.85625 0.4640625 0.0078125 0.003125
3 0.8421875 0.46171875 0.0078125 0.003125
3 0.809375 0.459375 0.00625 0.0015625
3 0.79375 0.45859375 0.0078125 0.003125
3 0.7796875 0.45625 0.00625 0.0015625
3 0.753125 0.45703125 0.009375 0.00625
3 0.7390625 0.45546875 0.009375 0.0046875
3 0.7265625 0.4546875 0.009375 0.0046875
3 0.69375 0.45078125 0.0078125 0.00625
3 0.6828125 0.4484375 0.0078125 0.0046875
3 0.6671875 0.44765625 0.0078125 0.003125
3 0.61484375 0.44296875 0.00625 0.0015625
3 0.60390625 0.44140625 0.00625 0.0015625
3 0.59609375 0.440625 0.00625 0.003125
3 0.58828125 0.4390625 0.0078125 0.003125
3 0.57890625 0.43828125 0.00625 0.003125
3 0.57109375 0.43828125 0.00625 0.0015625
3 0.49140625 0.43125 0.00625 0.003125
3 0.48671875 0.43046875 0.00625 0.003125
3 0.47578125 0.42890625 0.00625 0.0046875
3 0.46796875 0.42890625 0.0046875 0.003125
3 0.46171875 0.4265625 0.0046875 0.003125
3 0.45546875 0.4265625 0.0046875 0.0015625
3 0.42578125 0.42109375 0.00625 0.003125
3 0.4421875 0.41484375 0.003125 0.0015625
3 0.4359375 0.41484375 0.003125 0.0015625
3 0.4296875 0.41484375 0.003125 0.0015625
3 0.48515625 0.42421875 0.0046875 0.0015625
3 0.3546875 0.41484375 0.0046875 0.003125
3 0.3359375 0.41328125 0.0046875 0.003125
3 0.3734375 0.409375 0.003125 0.0015625
3 0.378125 0.409375 0.003125 0.0015625
3 0.2421875 0.40625 0.0078125 0.003125
3 0.1765625 0.39609375 0.009375 0.003125
3 0.1140625 0.39765625 0.0078125 0.003125
3 0.021875 0.40234375 0.01875 0.0125
3 0.046875 0.4046875 0.0171875 0.0140625
3 0.0671875 0.40546875 0.015625 0.0140625