3 0.10078125 0.3703125 0.0046875 0.003125
3 0.10703125 0.3703125 0.00625 0.003125
3 0.11328125 0.37109375 0.00625 0.0046875
3 0.1203125 0.371875 0.0078125 0.00625
3 0.13125 0.375 0.00625 0.0046875
3 0.1375 0.37734375 0.00625 0.003125
3 0.1453125 0.378125 0.0078125 0.00625
3 0.15078125 0.38125 0.00625 0.0015625
3 0.3203125 0.41328125 0.009375 0.0078125
3 0.328125 0.415625 0.0078125 0.0078125
3 0.3359375 0.41796875 0.0109375 0.0078125
3 0.3875 0.4328125 0.0125 0.0109375
3 0.37734375 0.42890625 0.0125 0.0109375
3 0.36640625 0.425 0.0109375 0.009375
3 0.35546875 0.4234375 0.009375 0.0078125
3 0.434375 0.43515625 0.009375 0.0078125
3 0.4234375 0.43359375 0.0046875 0.003125
3 0.57890625 0.53984375 0.0515625 0.0328125
3 0.571875 0.45546875 0.009375 0.0078125
3 0.5890625 0.459375 0.009375 0.00625
3 0.60625 0.4609375 0.009375 0.0078125
3 0.55625 0.45546875 0.0109375 0.0078125
3 0.53828125 0.45234375 0.0109375 0.00625
3 0.51953125 0.4484375 0.0078125 0.00625
3 0.70078125 0.47421875 0.00625 0.003125
3 0.69296875 0.471875 0.0046875 0.0015625
3 0.68203125 0.4703125 0.00625 0.0015625
3 0.67265625 0.46953125 0.00625 0.003125
3 0.66328125 0.46875 0.0046875 0.003125
3 0.6546875 0.465625 0.00625 0.0015625
3 0.71640625 0.47578125 0.0046875 0.0015625
3 0.7390625 0.48125 0.009375 0.0046875
3 0.72265625 0.478125 0.009375 0.0046875
3 0.84609375 0.5265625 0.0296875 0.0171875
3 0.87578125 0.5234375 0.0296875 0.0171875
3 0.978125 0.5234375 0.0234375 0.0125
3 0.87265625 0.4953125 0.009375 0.00625
3 0.88515625 0.4984375 0.009375 0.00625
3 0.89609375 0.49921875 0.009375 0.0078125
3 0.90546875 0.5 0.009375 0.00625
3 0.809375 0.48671875 0.0046875 0.0015625
3 0.825 0.48828125 0.0046875 0.0015625
3 0.8328125 0.4890625 0.00625 0.0015625
3 0.8171875 0.4875 0.0046875 0.003125
3 0.134375 0.3625 0.00625 0.003125
3 0.1546875 0.37890625 0.00625 0.003125
3 0.159375 0.3796875 0.00625 0.003125
3 0.15859375 0.384375 0.003125 0.003125
3 0.16171875 0.384375 0.0015625 0.0015625
3 0.16640625 0.38515625 0.00625 0.003125
3 0.17265625 0.38515625 0.009375 0.0046875
3 0.17890625 0.3875 0.00625 0.003125
3 0.18515625 0.38828125 0.00625 0.003125
3 0.190625 0.390625 0.00625 0.003125
3 0.1984375 0.39140625 0.0078125 0.0046875
3 0.2078125 0.39375 0.00625 0.003125
3 0.2140625 0.39453125 0.0078125 0.00625
3 0.2234375 0.3953125 0.0078125 0.0046875
3 0.23125 0.39765625 0.00625 0.003125
3 0.240625 0.39921875 0.009375 0.00625
3 0.24921875 0.4015625 0.009375 0.0046875
3 0.26015625 0.40390625 0.009375 0.0046875
3 0.26953125 0.40625 0.0078125 0.003125
3 0.3046875 0.41328125 0.009375 0.00625
3 0.28203125 0.409375 0.00625 0.0015625
3 0.29375 0.4109375 0.00625 0.0015625
3 0.2140625 0.36640625 0.003125 0.0015625
3 0.2203125 0.3671875 0.003125 0.0015625
3 0.2265625 0.3671875 0.003125 0.0015625
3 0.22421875 0.375 0.00625 0.0015625
3 0.2015625 0.37890625 0.0046875 0.0015625
3 0.20625 0.3796875 0.003125 0.0015625
3 0.2109375 0.378125 0.0046875 0.0015625
3 0.215625 0.38046875 0.003125 0.0015625
3 0.221875 0.3796875 0.0046875 0.0015625
3 0.1703125 0.37890625 0.0078125 0.003125
3 0.3390625 0.390625 0.003125 0.0015625
3 0.33125 0.38984375 0.003125 0.0015625
3 0.35 0.41953125 0.0078125 0.0046875
3 0.36640625 0.39453125 0.003125 0.0015625
3 0.36953125 0.3953125 0.003125 0.0015625
3 0.37421875 0.39375 0.003125 0.0015625
3 0.4234375 0.39453125 0.0015625 0.0015625
3 0.428125 0.3953125 0.0015625 0.0015625
3 0.43125 0.3953125 0.003125 0.0015625
3 0.91640625 0.5015625 0.0078125 0.0046875
3 0.92734375 0.50078125 0.0078125 0.003125
3 0.98515625 0.50390625 0.009375 0.0046875
3 0.99453125 0.5046875 0.0078125 0.0046875
3 0.97578125 0.5046875 0.0078125 0.0046875
3 0.86015625 0.49375 0.0078125 0.0046875
3 0.84765625 0.49296875 0.0078125 0.0046875
3 0.840625 0.48984375 0.0046875 0.0015625
3 0.8015625 0.4859375 0.0046875 0.0015625
3 0.790625 0.48515625 0.0046875 0.0015625
3 0.7953125 0.48671875 0.0078125 0.003125
3 0.78125 0.4859375 0.009375 0.0046875
3 0.78125 0.4828125 0.0046875 0.0015625
3 0.7671875 0.484375 0.009375 0.0046875
3 0.771875 0.4828125 0.0046875 0.0015625
3 0.7625 0.48046875 0.0046875 0.0015625
3 0.753125 0.4828125 0.009375 0.0046875
3 0.75390625 0.4796875 0.0046875 0.0015625
3 0.74609375 0.47890625 0.0046875 0.0015625
3 0.72734375 0.4765625 0.0046875 0.0015625
3 0.73515625 0.47734375 0.0046875 0.0015625
3 0.70859375 0.4765625 0.0078125 0.0046875
3 0.6421875 0.46484375 0.009375 0.0046875
3 0.6359375 0.4625 0.0046875 0.0015625
3 0.646875 0.46484375 0.003125 0.0015625
3 0.625 0.4625 0.009375 0.0046875
3 0.6140625 0.46171875 0.0046875 0.0015625
3 0.5953125 0.4578125 0.0046875 0.0015625
3 0.5828125 0.45703125 0.003125 0.0015625
3 0.56171875 0.4546875 0.003125 0.0015625
3 0.54921875 0.453125 0.0046875 0.0015625
3 0.52734375 0.44921875 0.0046875 0.0015625
3 0.51328125 0.44765625 0.0046875 0.0015625
3 0.50234375 0.4453125 0.009375 0.0046875
3 0.49140625 0.44453125 0.0046875 0.0015625
3 0.48515625 0.44375 0.0078125 0.003125
3 0.4796875 0.44140625 0.003125 0.0015625
3 0.46875 0.43984375 0.009375 0.0046875
3 0.4578125 0.4390625 0.0046875 0.0015625
3 0.44375 0.4359375 0.0046875 0.0015625
3 0.45 0.43671875 0.009375 0.0046875
3 0.41171875 0.43125 0.003125 0.0015625
3 0.415625 0.4328125 0.009375 0.00625
3 0.39921875 0.4296875 0.0078125 0.0046875
3 0.38984375 0.42734375 0.00625 0.0015625
3 0.93671875 0.503125 0.00625 0.0015625
3 0.94765625 0.503125 0.00625 0.0015625
3 0.95703125 0.50390625 0.00625 0.0015625
3 0.96640625 0.5046875 0.00625 0.0015625