2 0.55625 0.4390625 0.5171875 0.1109375
4 0.7109375 0.4328125 0.01875 0.03125
4 0.69375 0.4296875 0.009375 0.028125
4 0.675 0.4296875 0.0140625 0.03125
4 0.659375 0.4296875 0.015625 0.0328125
4 0.64375 0.4296875 0.0125 0.0359375
4 0.6296875 0.4265625 0.0125 0.03125
4 0.609375 0.4265625 0.0234375 0.025
4 0.7609375 0.4203125 0.0125 0.0328125
4 0.3875 0.4390625 0.0125 0.0359375
4 0.4046875 0.446875 0.0140625 0.025
4 0.3703125 0.446875 0.0140625 0.01875
4 0.4546875 0.40625 0.015625 0.028125
4 0.4921875 0.4140625 0.0171875 0.025
4 0.5171875 0.41875 0.0171875 0.028125
4 0.5421875 0.41875 0.021875 0.0296875