2 0.484375 0.5703125 0.1015625 0.075
3 0.44140625 0.57578125 0.003125 0.003125
3 0.44453125 0.57578125 0.003125 0.003125
3 0.44453125 0.58046875 0.003125 0.003125
3 0.44453125 0.58515625 0.0046875 0.003125
3 0.44375 0.58984375 0.003125 0.003125
3 0.44375 0.59453125 0.003125 0.003125
3 0.440625 0.59375 0.003125 0.003125
3 0.440625 0.5890625 0.003125 0.0046875
3 0.43984375 0.5859375 0.003125 0.003125
3 0.43984375 0.5796875 0.003125 0.003125
3 0.45 0.59140625 0.0046875 0.0078125
3 0.46640625 0.58203125 0.00625 0.0078125
3 0.5125 0.56640625 0.0046875 0.003125
3 0.5078125 0.5671875 0.003125 0.003125
3 0.4921875 0.56796875 0.0046875 0.003125