3 0.12265625 0.41953125 0.2453125 0.1328125
3 0.45703125 0.39375 0.2703125 0.0921875
3 0.13046875 0.20546875 0.0140625 0.00625
3 0.15390625 0.2046875 0.0125 0.0078125
3 0.17578125 0.20390625 0.0109375 0.0046875
3 0.1953125 0.190625 0.0078125 0.0046875
3 0.3 0.17890625 0.0140625 0.00625
3 0.31875 0.178125 0.0140625 0.00625
3 0.3359375 0.175 0.015625 0.0046875
3 0.353125 0.17421875 0.0140625 0.0046875
3 0.37109375 0.171875 0.0125 0.0046875
3 0.13671875 0.01796875 0.0140625 0.00625
3 0.16015625 0.0203125 0.0125 0.0078125
3 0.18203125 0.02265625 0.0109375 0.0046875
3 0.2 0.0375 0.0078125 0.0046875
3 0.3046875 0.05703125 0.0140625 0.00625
3 0.3234375 0.059375 0.0140625 0.00625
3 0.33984375 0.06328125 0.015625 0.0046875
3 0.35703125 0.06484375 0.0140625 0.0046875
3 0.37421875 0.06875 0.0125 0.0046875