2 0.3125 0.4734375 0.3890625 0.190625
2 0.6515625 0.53515625 0.321875 0.15625
3 0.31953125 0.515625 0.0234375 0.025
3 0.4234375 0.52734375 0.0265625 0.015625
3 0.4609375 0.48359375 0.0125 0.0171875
3 0.4734375 0.48828125 0.009375 0.015625
3 0.46640625 0.490625 0.0078125 0.0140625
3 0.7015625 0.515625 0.0328125 0.0140625
3 0.71015625 0.5078125 0.034375 0.0140625
3 0.80625 0.578125 0.00625 0.009375
3 0.871875 0.59453125 0.0078125 0.009375
3 0.8984375 0.596875 0.00625 0.0109375
2 0.8578125 0.57265625 0.121875 0.075
2 0.9703125 0.59921875 0.0390625 0.0203125
2 0.928125 0.5953125 0.034375 0.01875
3 0.96171875 0.603125 0.003125 0.0015625