2 0.4796875 0.5765625 0.3328125 0.1609375
4 0.53515625 0.54296875 0.0296875 0.078125
2 0.6859375 0.4984375 0.0625 0.0390625
2 0.634375 0.49453125 0.0640625 0.025
1 0.3515625 0.48203125 0.01875 0.0375
3 0.3234375 0.575 0.009375 0.009375
3 0.33125 0.578125 0.0078125 0.0046875
3 0.3296875 0.5875 0.009375 0.0078125
3 0.328125 0.5984375 0.009375 0.0078125
3 0.328125 0.6078125 0.0078125 0.00625
3 0.32578125 0.6171875 0.00625 0.00625
3 0.31640625 0.615625 0.0078125 0.009375
3 0.3203125 0.60625 0.00625 0.009375
3 0.3203125 0.5953125 0.00625 0.009375
3 0.3203125 0.584375 0.00625 0.009375
3 0.353125 0.61015625 0.01875 0.015625
3 0.4875 0.5984375 0.021875 0.025