1 0.55625 0.5 0.0546875 0.23125
1 0.81953125 0.5015625 0.03125 0.1390625
1 0.88515625 0.50703125 0.021875 0.09375
1 0.909375 0.51875 0.0046875 0.0140625
5 0.784375 0.603125 0.00625 0.0015625
5 0.83671875 0.615625 0.0046875 0.0015625
5 0.9359375 0.62578125 0.109375 0.0453125
5 0.86484375 0.59296875 0.00625 0.0015625
5 0.8046875 0.59921875 0.0046875 0.0015625
1 0.4953125 0.55625 0.075 0.1578125
5 0.84765625 0.61015625 0.0046875 0.0015625
5 0.84453125 0.61328125 0.0171875 0.003125
5 0.9671875 0.66015625 0.0046875 0.003125