2 0.10546875 0.390625 0.18125 0.1515625
2 0.58046875 0.4234375 0.3828125 0.290625
3 0.5484375 0.55078125 0.040625 0.028125
3 0.88515625 0.4828125 0.0359375 0.025
3 0.2 0.6203125 0.03125 0.0171875
3 0.021875 0.47421875 0.0046875 0.003125
3 0.04765625 0.46796875 0.0046875 0.003125
3 0.0625 0.4625 0.003125 0.0015625
3 0.07734375 0.45859375 0.0046875 0.003125
3 0.084375 0.45546875 0.003125 0.0015625
3 0.0984375 0.446875 0.0015625 0.0015625
3 0.11796875 0.440625 0.0015625 0.0015625
3 0.13046875 0.4328125 0.0015625 0.0015625
3 0.1453125 0.42578125 0.0015625 0.0015625
3 0.13984375 0.43046875 0.0015625 0.003125
2 0.17421875 0.39609375 0.015625 0.01875
2 0.68671875 0.3265625 0.0125 0.0078125
2 0.70078125 0.32265625 0.0140625 0.00625
2 0.7125 0.31953125 0.0078125 0.0046875
2 0.721875 0.31875 0.0125 0.00625
2 0.7359375 0.315625 0.0125 0.0046875