2 0.446875 0.5453125 0.6859375 0.2671875
3 0.42109375 0.59296875 0.0125 0.0203125
3 0.32734375 0.584375 0.003125 0.003125
3 0.340625 0.58359375 0.003125 0.003125
3 0.35703125 0.58046875 0.003125 0.003125
3 0.39453125 0.5828125 0.003125 0.003125
3 0.415625 0.59140625 0.0015625 0.003125
3 0.45234375 0.59609375 0.003125 0.003125
3 0.596875 0.62578125 0.0421875 0.03125
4 0.71171875 0.5890625 0.0234375 0.03125
2 0.82890625 0.61640625 0.2234375 0.10625
3 0.8921875 0.64609375 0.009375 0.00625
2 0.06953125 0.46875 0.1046875 0.0609375
3 0.11796875 0.49921875 0.0015625 0.003125
3 0.0796875 0.48359375 0.0046875 0.0046875
3 0.0234375 0.47890625 0.0078125 0.00625
3 0.0171875 0.4796875 0.003125 0.0015625
3 0.0078125 0.47734375 0.0046875 0.003125