2 0.4890625 0.503125 0.603125 0.3234375
2 0.12890625 0.54453125 0.190625 0.1015625
3 0.515625 0.56875 0.0328125 0.0484375
3 0.65078125 0.56171875 0.0359375 0.0484375
3 0.7578125 0.53828125 0.0421875 0.05
3 0.7859375 0.475 0.0265625 0.040625
3 0.59140625 0.45546875 0.0078125 0.009375
3 0.59453125 0.46640625 0.0109375 0.009375
3 0.61015625 0.46484375 0.0125 0.0109375
3 0.61796875 0.4546875 0.0109375 0.009375
3 0.62109375 0.46328125 0.009375 0.009375
3 0.6265625 0.4625 0.00625 0.00625
3 0.62578125 0.453125 0.0078125 0.0078125
2 0.0484375 0.5453125 0.096875 0.09375
2 0.125 0.5671875 0.0078125 0.00625