2 0.46875 0.590625 0.5421875 0.1546875
2 0.871875 0.5328125 0.253125 0.0796875
3 0.2921875 0.63125 0.0109375 0.028125
3 0.315625 0.6171875 0.009375 0.0171875
3 0.603125 0.5984375 0.03125 0.0125
3 0.6671875 0.5921875 0.028125 0.0140625
3 0.69375 0.5859375 0.021875 0.015625
3 0.715625 0.5875 0.01875 0.015625
3 0.60625 0.5796875 0.025 0.0171875
3 0.6296875 0.58125 0.01875 0.0078125
3 0.9234375 0.5578125 0.0140625 0.009375
3 0.9359375 0.5546875 0.0125 0.00625
3 0.7921875 0.575 0.0140625 0.0078125
3 0.7625 0.575 0.0140625 0.0078125
3 0.7390625 0.575 0.0125 0.00625
3 0.653125 0.5734375 0.0140625 0.0046875
3 0.6765625 0.575 0.0109375 0.0046875
3 0.6375 0.5734375 0.0125 0.00625
3 0.5765625 0.571875 0.0125 0.0046875
3 0.596875 0.571875 0.0125 0.00625