3 0.5375 0.53984375 0.0953125 0.0703125
3 0.1 0.4484375 0.0125 0.0078125
3 0.1234375 0.44609375 0.0125 0.009375
3 0.36640625 0.44375 0.0140625 0.0109375
3 0.39765625 0.44296875 0.0140625 0.009375
3 0.42578125 0.4421875 0.0140625 0.009375
3 0.45859375 0.44375 0.0140625 0.0109375
3 0.48984375 0.44296875 0.0125 0.0078125
3 0.52109375 0.440625 0.0140625 0.0078125
3 0.55703125 0.43828125 0.0140625 0.009375
3 0.58515625 0.4390625 0.0140625 0.009375
3 0.6921875 0.43046875 0.0140625 0.0078125
3 0.7140625 0.42890625 0.0140625 0.0078125
3 0.734375 0.42734375 0.0140625 0.0078125
3 0.753125 0.42578125 0.0140625 0.0078125
3 0.771875 0.42421875 0.0140625 0.0078125
3 0.7890625 0.4234375 0.0140625 0.00625
3 0.80625 0.4234375 0.0140625 0.0078125
3 0.8234375 0.42265625 0.0140625 0.0078125
3 0.3359375 0.44375 0.0140625 0.0078125
3 0.30625 0.44453125 0.0125 0.00625
3 0.2796875 0.44453125 0.0125 0.00625
3 0.2515625 0.4453125 0.0140625 0.00625
3 0.153125 0.44609375 0.0140625 0.0078125
3 0.1734375 0.44765625 0.0125 0.00625
3 0.990625 0.4140625 0.00625 0.00625
3 0.9828125 0.41484375 0.0109375 0.00625
3 0.971875 0.415625 0.0109375 0.00625
3 0.9625 0.415625 0.0109375 0.00625
3 0.9515625 0.41640625 0.0125 0.0078125
3 0.9390625 0.41796875 0.0125 0.00625
3 0.928125 0.4203125 0.0125 0.00625
3 0.9140625 0.41953125 0.0125 0.00625
3 0.9 0.4203125 0.0140625 0.0078125
3 0.884375 0.41953125 0.0140625 0.0078125
3 0.8703125 0.42109375 0.0140625 0.0078125
3 0.8546875 0.4203125 0.0140625 0.00625
3 0.8390625 0.42109375 0.0140625 0.0078125
3 0.7046875 0.42890625 0.003125 0.003125
3 0.68125 0.43125 0.00625 0.0015625
3 0.6703125 0.43046875 0.0125 0.00625
3 0.65078125 0.434375 0.0125 0.0046875
3 0.6546875 0.43125 0.00625 0.0015625
3 0.61015625 0.4375 0.0078125 0.0015625