3 0.24921875 0.47421875 0.0390625 0.0296875
3 0.05703125 0.50859375 0.0515625 0.040625
3 0.39921875 0.43984375 0.034375 0.025
3 0.5015625 0.4203125 0.0328125 0.025
3 0.60625 0.4015625 0.028125 0.021875
3 0.690625 0.38359375 0.0296875 0.0234375
3 0.74296875 0.3734375 0.0265625 0.0203125
3 0.82265625 0.3578125 0.028125 0.021875
3 0.87265625 0.3453125 0.021875 0.015625
3 0.92734375 0.33125 0.0234375 0.0171875
3 0.75390625 0.3296875 0.0046875 0.003125
3 0.75859375 0.32890625 0.0046875 0.003125
3 0.77109375 0.3265625 0.0046875 0.003125
3 0.77890625 0.32578125 0.0046875 0.003125
3 0.43359375 0.38359375 0.00625 0.0046875
3 0.70546875 0.33515625 0.003125 0.0015625
3 0.97265625 0.32109375 0.00625 0.0109375