3 0.05859375 0.48125 0.0734375 0.0515625
3 0.5671875 0.52109375 0.028125 0.01875
3 0.01875 0.40390625 0.0203125 0.0125
3 0.05703125 0.4125 0.0234375 0.0109375
3 0.03359375 0.40234375 0.0140625 0.009375
3 0.05546875 0.40546875 0.0140625 0.00625
3 0.078125 0.41015625 0.0140625 0.009375
3 0.09296875 0.41640625 0.021875 0.0125
3 0.1015625 0.4140625 0.0125 0.0078125
3 0.1234375 0.41640625 0.0140625 0.009375
3 0.1328125 0.4234375 0.021875 0.0125
3 0.14765625 0.4203125 0.0125 0.0078125
3 0.17109375 0.4234375 0.0109375 0.0046875
3 0.16875 0.428125 0.0203125 0.009375
3 0.19375 0.42890625 0.0109375 0.00625
3 0.2171875 0.43203125 0.0109375 0.00625
3 0.2375 0.4359375 0.0109375 0.00625
3 0.25546875 0.43984375 0.0109375 0.00625
3 0.27734375 0.44296875 0.0109375 0.00625
3 0.2953125 0.446875 0.0109375 0.00625
3 0.30078125 0.4515625 0.01875 0.0109375
3 0.315625 0.45 0.0125 0.0078125
3 0.3328125 0.4578125 0.01875 0.009375
3 0.35078125 0.45703125 0.009375 0.00625
3 0.3328125 0.453125 0.009375 0.003125
3 0.3625 0.4609375 0.01875 0.0109375
3 0.37265625 0.46171875 0.00625 0.00625
3 0.38671875 0.46328125 0.009375 0.00625
3 0.38984375 0.46875 0.01875 0.009375
3 0.403125 0.46640625 0.009375 0.00625
3 0.41796875 0.47265625 0.01875 0.0109375
3 0.43359375 0.4734375 0.009375 0.0046875
3 0.4421875 0.478125 0.01875 0.009375
3 0.44921875 0.475 0.0078125 0.0046875
3 0.46328125 0.478125 0.0078125 0.0046875
3 0.465625 0.48125 0.015625 0.009375
3 0.478125 0.48125 0.009375 0.0046875
3 0.4921875 0.4828125 0.009375 0.0046875
3 0.4921875 0.48515625 0.0140625 0.0078125
3 0.5078125 0.4859375 0.009375 0.0046875
3 0.51328125 0.48984375 0.0109375 0.003125
3 0.521875 0.48828125 0.0078125 0.0046875
3 0.534375 0.48984375 0.0078125 0.0046875
3 0.5359375 0.49453125 0.0125 0.00625
3 0.54609375 0.4921875 0.0078125 0.0046875
3 0.55625 0.49765625 0.0140625 0.0078125
3 0.55859375 0.49453125 0.0078125 0.003125
3 0.57109375 0.49765625 0.0078125 0.0046875
3 0.578125 0.50078125 0.0140625 0.0078125
3 0.58359375 0.4984375 0.00625 0.003125
3 0.5984375 0.503125 0.015625 0.0109375
3 0.61875 0.50625 0.0171875 0.0125
3 0.6375 0.50859375 0.015625 0.0125
3 0.65390625 0.51171875 0.015625 0.0109375
3 0.67109375 0.515625 0.0171875 0.0125
3 0.690625 0.51953125 0.0171875 0.0109375
3 0.7078125 0.521875 0.0140625 0.0109375
3 0.7390625 0.51875 0.0046875 0.0046875
3 0.753125 0.525 0.0140625 0.0078125
3 0.7671875 0.528125 0.0109375 0.00625
3 0.78125 0.5296875 0.0125 0.0078125
3 0.79140625 0.53359375 0.0140625 0.009375
3 0.8 0.53203125 0.0125 0.0078125
3 0.80625 0.5328125 0.009375 0.00625
3 0.81484375 0.53515625 0.009375 0.00625
3 0.82265625 0.53671875 0.0078125 0.00625
3 0.82734375 0.5375 0.0078125 0.00625
3 0.83359375 0.5390625 0.009375 0.00625
3 0.83984375 0.5390625 0.0078125 0.0078125
3 0.84921875 0.5390625 0.0171875 0.0109375
3 0.86796875 0.54140625 0.0078125 0.00625
3 0.86171875 0.54140625 0.00625 0.0046875
3 0.87265625 0.5421875 0.0078125 0.00625
3 0.88203125 0.54453125 0.0109375 0.00625
3 0.88828125 0.54453125 0.00625 0.0046875
3 0.89609375 0.54609375 0.0125 0.0078125
3 0.90703125 0.546875 0.0046875 0.0046875
3 0.91640625 0.546875 0.0109375 0.00625
3 0.92421875 0.5484375 0.0046875 0.0046875
3 0.93203125 0.55 0.009375 0.0046875
3 0.94140625 0.55078125 0.0078125 0.0046875
3 0.94765625 0.55234375 0.0046875 0.0046875
3 0.95078125 0.55234375 0.0078125 0.00625
3 0.99453125 0.55703125 0.009375 0.00625
3 0.73203125 0.51875 0.00625 0.003125