5 0.0875 0.528125 0.0109375 0.0046875
5 0.23984375 0.5015625 0.015625 0.00625
5 0.19296875 0.50703125 0.0140625 0.0046875
5 0.16015625 0.54921875 0.034375 0.0125
5 0.1140625 0.5734375 0.2171875 0.0578125
5 0.25546875 0.509375 0.015625 0.00625
5 0.4796875 0.47890625 0.0078125 0.00625
5 0.53203125 0.4703125 0.0078125 0.0046875
5 0.821875 0.4453125 0.0140625 0.00625
5 0.9234375 0.4265625 0.009375 0.0078125
5 0.9359375 0.42421875 0.009375 0.0078125
5 0.9578125 0.42421875 0.0046875 0.003125
5 0.9703125 0.42421875 0.0125 0.0046875
5 0.9875 0.421875 0.0046875 0.0015625