2 0.478125 0.5234375 0.1546875 0.053125
2 0.7359375 0.496875 0.1765625 0.0375
2 0.60625 0.50625 0.071875 0.021875
2 0.2796875 0.5140625 0.05 0.0203125
2 0.35625 0.5125 0.046875 0.01875
3 0.3953125 0.51875 0.0015625 0.0015625
3 0.4015625 0.521875 0.003125 0.0015625
3 0.38125 0.51875 0.003125 0.0015625
3 0.3625 0.51875 0.0046875 0.0015625
3 0.3359375 0.51875 0.003125 0.0015625
3 0.346875 0.51875 0.003125 0.0015625
3 0.3390625 0.521875 0.0046875 0.0015625
3 0.3359375 0.5234375 0.0015625 0.0015625
3 0.33125 0.5234375 0.0015625 0.0015625
3 0.2859375 0.5203125 0.003125 0.0015625
3 0.3078125 0.5203125 0.003125 0.0015625
3 0.20625 0.521875 0.0015625 0.0046875
3 0.1984375 0.521875 0.003125 0.003125
2 0.1828125 0.515625 0.0703125 0.021875
2 0.915625 0.5078125 0.0421875 0.0109375
2 0.9703125 0.50625 0.0484375 0.0125
3 0.9765625 0.5109375 0.0015625 0.003125
3 0.9703125 0.5125 0.0015625 0.0015625
3 0.9625 0.5109375 0.0015625 0.003125
3 0.9859375 0.509375 0.0015625 0.0015625
3 0.8015625 0.509375 0.0046875 0.003125
3 0.628125 0.5140625 0.0015625 0.003125
3 0.63125 0.5125 0.0015625 0.0015625
3 0.634375 0.5125 0.0015625 0.0015625
3 0.6375 0.5109375 0.003125 0.0015625
3 0.640625 0.5109375 0.0015625 0.0015625