3 0.2921875 0.653125 0.109375 0.0640625
3 0.646875 0.5609375 0.0765625 0.0375
3 0.82109375 0.5140625 0.059375 0.028125
3 0.93046875 0.4859375 0.05 0.0203125
3 0.98515625 0.46875 0.0265625 0.0140625
3 0.0984375 0.58515625 0.0109375 0.00625
3 0.10859375 0.5765625 0.009375 0.0046875
3 0.159375 0.56875 0.009375 0.0046875
3 0.190625 0.57109375 0.0078125 0.003125
3 0.20859375 0.56015625 0.00625 0.003125
3 0.22734375 0.55703125 0.0046875 0.0015625
3 0.27265625 0.5578125 0.009375 0.00625
3 0.2609375 0.55078125 0.00625 0.0015625
3 0.3015625 0.5453125 0.00625 0.0015625
3 0.33125 0.54140625 0.0046875 0.003125
3 0.3421875 0.54375 0.00625 0.0015625
3 0.353125 0.54609375 0.009375 0.0046875
3 0.36953125 0.53515625 0.0046875 0.0015625
3 0.39296875 0.5359375 0.0078125 0.0015625
3 0.4234375 0.53515625 0.009375 0.0046875
3 0.44140625 0.52734375 0.00625 0.003125
3 0.48984375 0.52421875 0.009375 0.00625
3 0.60859375 0.5046875 0.009375 0.0046875
3 0.5515625 0.5140625 0.009375 0.0046875
0 0.6921875 0.49140625 0.065625 0.0140625