3 0.4234375 0.56328125 0.0421875 0.0234375
3 0.3015625 0.53046875 0.040625 0.015625
3 0.21796875 0.509375 0.0375 0.0140625
3 0.15546875 0.49453125 0.03125 0.0125
3 0.1109375 0.48359375 0.0265625 0.009375
3 0.07578125 0.4734375 0.025 0.009375
3 0.628125 0.578125 0.0109375 0.0046875
3 0.7125 0.59609375 0.0125 0.00625
3 0.81796875 0.6203125 0.0140625 0.00625
3 0.95078125 0.6484375 0.0171875 0.0078125
3 0.35234375 0.5171875 0.0046875 0.0015625
3 0.3359375 0.51328125 0.0046875 0.0015625
3 0.39375 0.52578125 0.0046875 0.0015625
3 0.009375 0.45625 0.015625 0.00625
3 0.02734375 0.46015625 0.0203125 0.0078125
3 0.046875 0.46640625 0.021875 0.0078125