2 0.3875 0.6125 0.584375 0.1640625
3 0.2734375 0.63125 0.0265625 0.0171875
3 0.3 0.6328125 0.021875 0.015625
3 0.3921875 0.6546875 0.0203125 0.0203125
3 0.4234375 0.628125 0.015625 0.01875
3 0.459375 0.6375 0.0171875 0.01875
3 0.4765625 0.6359375 0.025 0.025
3 0.49375 0.6234375 0.0203125 0.0171875
3 0.4375 0.61875 0.025 0.0140625
3 0.5234375 0.6625 0.0265625 0.0171875
3 0.553125 0.6234375 0.0234375 0.01875
3 0.6140625 0.6484375 0.025 0.0234375
3 0.6625 0.61875 0.0234375 0.021875
3 0.6234375 0.6234375 0.0203125 0.0171875
3 0.640625 0.640625 0.0265625 0.0265625
3 0.6875 0.696875 0.0171875 0.015625