3 0.6796875 0.559375 0.0375 0.0171875
3 0.55859375 0.55546875 0.0265625 0.0125
3 0.48203125 0.553125 0.0203125 0.0109375
3 0.4296875 0.55 0.0171875 0.009375
3 0.39375 0.5484375 0.015625 0.0078125
3 0.365625 0.546875 0.0125 0.00625
3 0.34375 0.546875 0.0109375 0.003125
0 0.6140625 0.5421875 0.046875 0.009375
0 0.65625 0.5421875 0.05625 0.0125
0 0.58125 0.54140625 0.0390625 0.009375
0 0.553125 0.54140625 0.0328125 0.0078125
0 0.528125 0.5421875 0.0296875 0.00625
0 0.5078125 0.54140625 0.0265625 0.00625
0 0.4890625 0.54140625 0.0234375 0.0046875
0 0.4734375 0.54140625 0.0203125 0.0046875
0 0.45859375 0.540625 0.01875 0.0046875
0 0.446875 0.54140625 0.0171875 0.0046875
0 0.43515625 0.540625 0.015625 0.0046875
0 0.42421875 0.54140625 0.0140625 0.0046875
0 0.41484375 0.540625 0.0125 0.0046875
3 0.7015625 0.5390625 0.0046875 0.0015625
3 0.7328125 0.53828125 0.0046875 0.0015625
3 0.765625 0.5375 0.0046875 0.0015625
0 0.40703125 0.540625 0.0125 0.003125
3 0.328125 0.546875 0.0109375 0.003125
3 0.3140625 0.54609375 0.009375 0.003125
3 0.30390625 0.5453125 0.0078125 0.003125
3 0.29453125 0.54375 0.0078125 0.0015625
3 0.28671875 0.54296875 0.00625 0.0015625
3 0.27890625 0.54375 0.00625 0.0015625
3 0.27265625 0.5421875 0.0046875 0.0015625