3 0.61875 0.59921875 0.0265625 0.015625
3 0.790625 0.6234375 0.028125 0.01875
3 0.50234375 0.58359375 0.025 0.015625
3 0.41875 0.571875 0.021875 0.0109375
3 0.35703125 0.56328125 0.01875 0.009375
3 0.30859375 0.55703125 0.0171875 0.0078125
3 0.26875 0.55078125 0.015625 0.0078125
3 0.2359375 0.54609375 0.0140625 0.00625
3 0.209375 0.54140625 0.0125 0.00625
3 0.14921875 0.53359375 0.0109375 0.0046875
3 0.13515625 0.53203125 0.009375 0.003125
3 0.12109375 0.53125 0.009375 0.0046875
3 0.109375 0.528125 0.009375 0.003125
3 0.0875 0.52578125 0.0078125 0.003125
3 0.096875 0.5265625 0.0078125 0.003125
0 0.17734375 0.53828125 0.03125 0.0078125