3 0.4109375 0.54296875 0.0234375 0.0140625
3 0.3140625 0.54921875 0.0234375 0.0125
3 0.3921875 0.53515625 0.0140625 0.0078125
3 0.46796875 0.53046875 0.0125 0.0078125
3 0.525 0.53828125 0.0203125 0.0125
3 0.54765625 0.52421875 0.0125 0.009375
3 0.6328125 0.5203125 0.0109375 0.009375
3 0.66015625 0.53125 0.0203125 0.015625
3 0.72578125 0.51328125 0.0140625 0.009375
3 0.83046875 0.521875 0.028125 0.01875
3 0.82109375 0.50625 0.01875 0.0109375
3 0.928125 0.49921875 0.0234375 0.015625
3 0.25390625 0.54453125 0.015625 0.009375
3 0.32109375 0.53984375 0.015625 0.009375
3 0.18984375 0.54921875 0.0171875 0.009375