3 0.48125 0.478125 0.3265625 0.215625
3 0.20625 0.1609375 0.0625 0.0421875
3 0.44375 0.21484375 0.0609375 0.0390625
3 0.71875 0.2765625 0.06875 0.04375
3 0.97890625 0.29453125 0.03125 0.01875
3 0.8953125 0.2671875 0.0234375 0.0140625
3 0.80703125 0.26015625 0.0296875 0.0171875
3 0.6484375 0.2265625 0.03125 0.015625
3 0.503125 0.19609375 0.0296875 0.0171875
3 0.36328125 0.16875 0.03125 0.0171875
3 0.23515625 0.140625 0.03125 0.0171875
3 0.1125 0.1140625 0.03125 0.015625
3 0.49296875 0.01015625 0.0609375 0.0203125
3 0.7671875 0.06640625 0.06875 0.04375
3 0.996875 0.1640625 0.00625 0.01875
3 0.921875 0.1515625 0.0234375 0.0140625
3 0.83984375 0.11953125 0.0296875 0.0171875
3 0.68203125 0.08046875 0.03125 0.015625
3 0.53828125 0.04375 0.0296875 0.0171875
3 0.4 0.0078125 0.03125 0.015625