0 0.6234375 0.628125 0.753125 0.225
3 0.78046875 0.521875 0.0234375 0.0140625
3 0.91484375 0.5109375 0.0296875 0.015625
3 0.815625 0.509375 0.009375 0.0046875
3 0.87265625 0.5046875 0.0109375 0.00625
3 0.92890625 0.5 0.0125 0.0046875
3 0.65625 0.53359375 0.0171875 0.0109375
3 0.70625 0.51875 0.0078125 0.0046875
3 0.759375 0.5140625 0.009375 0.0046875
3 0.653125 0.52421875 0.00625 0.0046875
3 0.603125 0.528125 0.00625 0.0046875
3 0.540625 0.54140625 0.015625 0.0109375
3 0.55390625 0.53359375 0.00625 0.0046875
3 0.4359375 0.5515625 0.0171875 0.0109375
3 0.46171875 0.53984375 0.00625 0.0046875
3 0.50703125 0.53671875 0.00625 0.0046875
3 0.37265625 0.54921875 0.0078125 0.0046875
3 0.41640625 0.54453125 0.00625 0.0046875
3 0.33046875 0.55234375 0.0078125 0.0046875
3 0.33828125 0.5609375 0.01875 0.009375
3 0.24765625 0.56875 0.021875 0.0125
3 0.29140625 0.55625 0.0078125 0.0046875
3 0.2515625 0.56015625 0.009375 0.0046875
3 0.2140625 0.5625 0.009375 0.0046875
3 0.16015625 0.57578125 0.0234375 0.0109375
3 0.1765625 0.565625 0.009375 0.0046875
3 0.08046875 0.5828125 0.025 0.0109375
3 0.0109375 0.5875 0.0078125 0.0078125