2 0.8046875 0.609375 0.1640625 0.059375
2 0.69375 0.5828125 0.071875 0.0421875
2 0.46640625 0.525 0.084375 0.084375
2 0.35234375 0.5203125 0.08125 0.0578125
2 0.28203125 0.52421875 0.0671875 0.03125
2 0.21953125 0.496875 0.0984375 0.071875
2 0.09375 0.49375 0.0953125 0.0390625
3 0.23203125 0.51953125 0.0078125 0.009375
3 0.36953125 0.53984375 0.0125 0.0125
3 0.42734375 0.5453125 0.0078125 0.0125
3 0.49921875 0.5515625 0.0078125 0.0125
3 0.628125 0.578125 0.009375 0.00625
3 0.6078125 0.5734375 0.0078125 0.0046875
3 0.87734375 0.63359375 0.015625 0.0109375
2 0.5375 0.55703125 0.053125 0.028125
2 0.58515625 0.565625 0.046875 0.0171875