3 0.6828125 0.55 0.0375 0.01875
3 0.56171875 0.55234375 0.028125 0.0140625
3 0.484375 0.55390625 0.021875 0.0125
3 0.4328125 0.55390625 0.01875 0.009375
3 0.39609375 0.55390625 0.015625 0.0078125
3 0.36796875 0.55390625 0.0125 0.00625
3 0.34609375 0.55546875 0.0109375 0.0046875
0 0.61640625 0.5359375 0.046875 0.0125
0 0.65859375 0.534375 0.05625 0.015625
0 0.58359375 0.53671875 0.0390625 0.0109375
0 0.55546875 0.5390625 0.0328125 0.0109375
0 0.53046875 0.540625 0.0296875 0.0078125
0 0.51015625 0.54140625 0.0265625 0.0078125
0 0.490625 0.5421875 0.0234375 0.00625
0 0.475 0.5421875 0.0203125 0.00625
0 0.4609375 0.5421875 0.01875 0.0046875
0 0.4484375 0.54375 0.0171875 0.0046875
0 0.4375 0.54375 0.015625 0.0046875
0 0.4265625 0.5453125 0.0140625 0.0046875
0 0.4171875 0.54453125 0.0125 0.0046875
3 0.703125 0.52890625 0.0046875 0.0015625
3 0.734375 0.5265625 0.0046875 0.0015625
3 0.7671875 0.52421875 0.0046875 0.0015625
0 0.409375 0.54609375 0.0125 0.003125
3 0.33046875 0.55546875 0.0109375 0.0046875
3 0.31640625 0.55546875 0.009375 0.0046875
3 0.30703125 0.55546875 0.0078125 0.0046875
3 0.29765625 0.5546875 0.0078125 0.003125
3 0.2890625 0.55390625 0.00625 0.0015625
3 0.28203125 0.55546875 0.00625 0.0015625
3 0.275 0.5546875 0.0046875 0.0015625