3 0.1734375 0.5515625 0.0171875 0.00625
0 0.2546875 0.5515625 0.0765625 0.0078125
0 0.31875 0.5515625 0.0875 0.009375
0 0.390625 0.553125 0.0984375 0.009375
0 0.4765625 0.553125 0.1140625 0.009375
0 0.575 0.5546875 0.1296875 0.0109375
0 0.7828125 0.546875 0.096875 0.00625
0 0.7015625 0.5453125 0.084375 0.0046875
0 0.565625 0.5453125 0.06875 0.0046875
0 0.459375 0.5453125 0.0578125 0.0046875
3 0.903125 0.55625 0.0375 0.0125
3 0.8609375 0.5421875 0.0140625 0.0046875
3 0.04375 0.5484375 0.0296875 0.00625
3 0.09375 0.55 0.0171875 0.00625
3 0.1265625 0.5515625 0.015625 0.00625
3 0.06875 0.55 0.0140625 0.0046875
3 0.9234375 0.546875 0.0171875 0.00625
3 0.91875 0.5421875 0.0140625 0.003125
3 0.7546875 0.55625 0.028125 0.0109375
3 0.803125 0.5421875 0.0125 0.003125
3 0.775 0.540625 0.0078125 0.0015625
3 0.7484375 0.5421875 0.009375 0.003125
3 0.740625 0.540625 0.0078125 0.003125
3 0.8078125 0.5390625 0.0078125 0.0015625
3 0.696875 0.5421875 0.009375 0.003125
3 0.7078125 0.540625 0.0078125 0.0015625
3 0.6484375 0.5421875 0.0078125 0.003125
3 0.640625 0.540625 0.00625 0.003125
3 0.6734375 0.540625 0.0078125 0.003125
3 0.6046875 0.5421875 0.0078125 0.003125
3 0.5640625 0.5421875 0.0078125 0.003125
3 0.571875 0.5421875 0.00625 0.0015625
3 0.5390625 0.5421875 0.00625 0.0015625
3 0.5265625 0.5421875 0.0078125 0.003125
3 0.4921875 0.5421875 0.0078125 0.0015625
3 0.5078125 0.5421875 0.00625 0.003125
3 0.459375 0.5421875 0.0078125 0.003125
3 0.4765625 0.5421875 0.00625 0.0015625
3 0.446875 0.5421875 0.00625 0.0015625
3 0.39375 0.5453125 0.009375 0.003125
3 0.4296875 0.5421875 0.00625 0.003125
3 0.41875 0.5421875 0.00625 0.0015625
3 0.4 0.5421875 0.0078125 0.0015625
3 0.375 0.5421875 0.00625 0.0015625
3 0.3921875 0.5421875 0.00625 0.0015625
3 0.36875 0.5421875 0.0046875 0.0015625
3 0.3484375 0.5421875 0.0078125 0.003125
3 0.328125 0.5421875 0.0078125 0.0015625