2 0.26640625 0.4796875 0.296875 0.1328125
2 0.53671875 0.4921875 0.1859375 0.0828125
2 0.61875 0.50625 0.153125 0.0546875
2 0.7 0.50078125 0.196875 0.065625
2 0.82890625 0.5203125 0.078125 0.0265625
2 0.94453125 0.5296875 0.103125 0.0203125
2 0.39453125 0.51796875 0.10625 0.0453125
3 0.021875 0.51875 0.0140625 0.009375
3 0.04375 0.52265625 0.015625 0.0078125
3 0.10078125 0.53046875 0.015625 0.0109375
3 0.14296875 0.534375 0.0203125 0.009375
3 0.22421875 0.5328125 0.0109375 0.0109375
3 0.75078125 0.51796875 0.0171875 0.0125