3 0.39921875 0.65625 0.1234375 0.0796875
3 0.6890625 0.56328125 0.084375 0.046875
3 0.81953125 0.52734375 0.059375 0.0359375
3 0.90234375 0.5015625 0.04375 0.025
3 0.95546875 0.48671875 0.040625 0.0203125
3 0.540625 0.51953125 0.015625 0.0078125
3 0.48828125 0.528125 0.01875 0.009375
3 0.4265625 0.5390625 0.01875 0.0109375
3 0.36015625 0.55 0.0234375 0.0109375
3 0.27109375 0.5640625 0.025 0.0109375
3 0.1578125 0.5828125 0.028125 0.0140625
3 0.0265625 0.603125 0.03125 0.015625
3 0.08671875 0.57890625 0.0109375 0.0078125
3 0.0296875 0.58828125 0.0140625 0.00625
1 0.0828125 0.56328125 0.00625 0.0109375
1 0.26953125 0.53515625 0.0140625 0.0203125
3 0.1859375 0.56484375 0.0109375 0.00625
3 0.1375 0.57109375 0.0140625 0.00625
3 0.22734375 0.55703125 0.0109375 0.00625
3 0.265625 0.5515625 0.0140625 0.00625
3 0.3 0.546875 0.0125 0.00625
3 0.33203125 0.5421875 0.0109375 0.00625
3 0.36015625 0.53671875 0.0109375 0.0046875
3 0.38828125 0.5328125 0.0109375 0.00625
3 0.4109375 0.5296875 0.0109375 0.00625
3 0.98828125 0.475 0.0234375 0.015625