3 0.4546875 0.5765625 0.0140625 0.0046875
3 0.2875 0.5703125 0.0109375 0.003125
3 0.3203125 0.571875 0.0125 0.003125
3 0.35625 0.5734375 0.0140625 0.003125
3 0.4015625 0.575 0.0140625 0.0046875
3 0.5203125 0.5796875 0.015625 0.0046875
3 0.6015625 0.584375 0.0171875 0.00625
3 0.7078125 0.5890625 0.01875 0.0078125
3 0.846875 0.5953125 0.0203125 0.0109375
3 0.2578125 0.56875 0.0109375 0.0015625
3 0.234375 0.56875 0.0109375 0.0015625
3 0.2109375 0.5671875 0.009375 0.0015625
3 0.190625 0.565625 0.009375 0.0015625
3 0.1734375 0.565625 0.009375 0.0015625
3 0.15625 0.5640625 0.009375 0.0015625
3 0.140625 0.5640625 0.0078125 0.0015625