3 0.53046875 0.5625 0.0390625 0.025
3 0.29921875 0.60625 0.05 0.028125
3 0.13671875 0.63828125 0.0546875 0.0296875
3 0.86796875 0.503125 0.059375 0.034375
3 0.4609375 0.55 0.0078125 0.0046875
3 0.50859375 0.54140625 0.0078125 0.0046875
0 0.521875 0.53515625 0.0359375 0.009375
3 0.559375 0.53046875 0.00625 0.0046875
0 0.5859375 0.521875 0.0375 0.009375
3 0.6125 0.51953125 0.00625 0.0046875
3 0.63671875 0.5109375 0.003125 0.0015625
3 0.66953125 0.50703125 0.00625 0.0046875
0 0.69375 0.50078125 0.04375 0.0109375
0 0.72890625 0.49609375 0.0078125 0.0046875
0 0.77265625 0.48359375 0.0484375 0.0109375
3 0.79375 0.48203125 0.009375 0.0046875
3 0.83828125 0.46953125 0.00625 0.003125
3 0.8625 0.46796875 0.0125 0.00625
3 0.8859375 0.459375 0.0078125 0.0046875
3 0.9328125 0.4546875 0.0140625 0.0078125
0 0.9609375 0.4453125 0.0625 0.015625