3 0.415625 0.55 0.075 0.03125
3 0.6625 0.534375 0.0640625 0.0234375
3 0.834375 0.525 0.05625 0.01875
3 0.95625 0.51875 0.0484375 0.015625
3 0.8359375 0.4859375 0.0234375 0.009375
3 0.75 0.484375 0.025 0.009375
3 0.6484375 0.4875 0.025 0.0109375
3 0.53125 0.4875 0.0265625 0.0140625
3 0.396875 0.4859375 0.028125 0.0125
3 0.2328125 0.4890625 0.0296875 0.0125
3 0.0296875 0.4875 0.03125 0.0125
3 0.021875 0.57421875 0.04375 0.0421875
3 0.61875 0.465625 0.009375 0.003125
3 0.65 0.465625 0.0078125 0.003125
3 0.6796875 0.465625 0.0078125 0.003125
3 0.7078125 0.4671875 0.0078125 0.003125
3 0.734375 0.4671875 0.0078125 0.003125
3 0.7578125 0.4671875 0.0078125 0.003125
3 0.78125 0.4671875 0.0078125 0.0015625
3 0.8015625 0.4671875 0.0078125 0.003125
3 0.9921875 0.4765625 0.0109375 0.003125
3 0.821875 0.4671875 0.0078125 0.003125
3 0.840625 0.4671875 0.0078125 0.0015625
3 0.8578125 0.4671875 0.00625 0.0015625
3 0.875 0.4671875 0.0078125 0.0015625
3 0.890625 0.4671875 0.00625 0.0015625
3 0.9046875 0.4671875 0.00625 0.0015625
3 0.9203125 0.46875 0.00625 0.0015625
3 0.9328125 0.46875 0.00625 0.0015625
3 0.946875 0.46875 0.0046875 0.0015625