3 0.06328125 0.446875 0.046875 0.0265625
3 0.1546875 0.46171875 0.040625 0.021875
3 0.2296875 0.47578125 0.034375 0.0203125
3 0.2921875 0.4890625 0.0328125 0.01875
3 0.3421875 0.4953125 0.03125 0.0171875
3 0.3859375 0.50234375 0.0296875 0.0171875
3 0.1125 0.56796875 0.1796875 0.1078125
3 0.396875 0.58515625 0.1203125 0.075
3 0.5453125 0.59375 0.09375 0.0609375
3 0.6375 0.59765625 0.0703125 0.05
3 0.70546875 0.60234375 0.059375 0.0375
3 0.75625 0.60546875 0.0484375 0.03125
3 0.79609375 0.60859375 0.0359375 0.025
3 0.8234375 0.61171875 0.03125 0.025
3 0.84765625 0.6125 0.021875 0.0171875
3 0.86796875 0.6140625 0.01875 0.015625