3 0.5875 0.4890625 0.0609375 0.0421875
3 0.7171875 0.440625 0.05 0.0359375
3 0.85859375 0.4375 0.0828125 0.0578125
3 0.53828125 0.47890625 0.0390625 0.028125
3 0.43515625 0.51875 0.05 0.0328125
3 0.44296875 0.49921875 0.034375 0.021875
3 0.33671875 0.5359375 0.040625 0.025
3 0.2625 0.55078125 0.0359375 0.0234375
3 0.21015625 0.56015625 0.0296875 0.01875
3 0.1671875 0.56796875 0.0265625 0.015625
3 0.13203125 0.57578125 0.025 0.015625
3 0.10078125 0.58125 0.021875 0.0125
3 0.92421875 0.35703125 0.0171875 0.0109375
3 0.85703125 0.38359375 0.025 0.015625
3 0.82265625 0.3828125 0.015625 0.009375
3 0.95078125 0.346875 0.0109375 0.00625
3 0.88671875 0.3625 0.0109375 0.00625
3 0.7265625 0.41484375 0.021875 0.0140625
3 0.73984375 0.4046875 0.015625 0.009375
3 0.6671875 0.42421875 0.0140625 0.0078125
3 0.625 0.440625 0.0203125 0.0125
3 0.60390625 0.43984375 0.0140625 0.0078125
3 0.53984375 0.46171875 0.0171875 0.009375
3 0.54921875 0.453125 0.0125 0.0078125
3 0.50078125 0.465625 0.0125 0.0078125
3 0.54140625 0.45 0.00625 0.003125
3 0.3171875 0.51328125 0.0078125 0.0046875
3 0.03515625 0.5953125 0.015625 0.0078125
3 0.05390625 0.5921875 0.0171875 0.009375
3 0.07734375 0.5875 0.0203125 0.0109375
3 0.34921875 0.5046875 0.009375 0.0046875
3 0.3828125 0.49609375 0.009375 0.0046875
3 0.4140625 0.49375 0.0140625 0.0078125
3 0.471875 0.478125 0.0171875 0.009375
3 0.45859375 0.47734375 0.009375 0.0046875
3 0.41875 0.4875 0.009375 0.0046875
3 0.5703125 0.4421875 0.00625 0.003125
3 0.60234375 0.43359375 0.00625 0.003125
3 0.63515625 0.425 0.00625 0.0046875
3 0.6703125 0.4171875 0.00625 0.003125
3 0.709375 0.40703125 0.00625 0.003125
3 0.75 0.39609375 0.00625 0.0046875
3 0.7796875 0.39140625 0.009375 0.0046875
3 0.79375 0.384375 0.00625 0.0046875
3 0.84375 0.3703125 0.0078125 0.003125
3 0.8953125 0.35703125 0.0078125 0.0046875