3 0.43515625 0.62265625 0.1328125 0.0859375
3 0.70546875 0.5421875 0.1046875 0.0640625
3 0.865625 0.49375 0.075 0.0484375
3 0.97421875 0.4578125 0.0515625 0.040625
3 0.82265625 0.45390625 0.0234375 0.0140625
3 0.8640625 0.44296875 0.021875 0.0109375
3 0.8984375 0.43515625 0.021875 0.0125
3 0.77578125 0.46484375 0.0234375 0.0140625
3 0.72109375 0.478125 0.025 0.0140625
3 0.65625 0.49453125 0.0296875 0.0140625
3 0.5796875 0.51171875 0.028125 0.0171875
3 0.48984375 0.5328125 0.03125 0.01875
3 0.38671875 0.559375 0.034375 0.0203125
3 0.25625 0.58984375 0.0359375 0.021875
3 0.02265625 0.61328125 0.0109375 0.00625
3 0.06953125 0.60234375 0.009375 0.0046875
3 0.096875 0.628125 0.040625 0.025
3 0.1140625 0.5921875 0.009375 0.0046875
3 0.16328125 0.584375 0.0125 0.0078125
3 0.19375 0.57578125 0.009375 0.0046875
3 0.2109375 0.5734375 0.0125 0.0078125
3 0.2546875 0.56328125 0.009375 0.0046875
3 0.22890625 0.5671875 0.009375 0.0046875
3 0.26328125 0.559375 0.0078125 0.003125
3 0.29453125 0.55546875 0.009375 0.0046875
3 0.32421875 0.55 0.0125 0.0078125
3 0.37421875 0.53828125 0.0125 0.0078125
3 0.36796875 0.53828125 0.0078125 0.0046875
3 0.35078125 0.540625 0.0078125 0.003125
3 0.334375 0.54609375 0.009375 0.0046875
3 0.4015625 0.53046875 0.009375 0.0046875
3 0.4203125 0.5296875 0.0109375 0.00625
3 0.43359375 0.5234375 0.009375 0.0046875
3 0.4625 0.51953125 0.0109375 0.00625
3 0.48984375 0.51171875 0.0078125 0.0046875
3 0.50234375 0.5109375 0.0109375 0.00625
3 0.515625 0.50625 0.0078125 0.003125
3 0.5421875 0.503125 0.009375 0.0046875
3 0.57734375 0.4953125 0.009375 0.0046875
3 0.609375 0.49375 0.015625 0.0078125
3 0.6125 0.48671875 0.009375 0.0046875
3 0.64296875 0.4796875 0.0109375 0.0046875
3 0.659375 0.48203125 0.015625 0.00625
3 0.671875 0.4734375 0.0078125 0.0046875
3 0.70234375 0.46640625 0.009375 0.0046875
3 0.70546875 0.471875 0.0140625 0.0078125
3 0.784375 0.45390625 0.0140625 0.00625
3 0.74609375 0.4625 0.015625 0.00625
3 0.728125 0.46171875 0.009375 0.0046875
3 0.7546875 0.45546875 0.009375 0.0046875
3 0.77734375 0.45078125 0.0078125 0.0046875
3 0.8 0.4453125 0.0078125 0.0046875
3 0.81796875 0.44609375 0.0140625 0.00625
3 0.84140625 0.4359375 0.0078125 0.0046875
3 0.85 0.43828125 0.0125 0.00625
3 0.88046875 0.43125 0.0125 0.00625
3 0.9078125 0.425 0.0125 0.00625
3 0.93203125 0.41953125 0.0109375 0.00625
3 0.92890625 0.428125 0.0203125 0.0109375
3 0.95546875 0.421875 0.0171875 0.0078125
3 0.97578125 0.415625 0.0171875 0.0078125
3 0.97734375 0.40859375 0.0109375 0.00625
3 0.95625 0.4140625 0.0109375 0.00625