3 0.4796875 0.540625 0.0234375 0.0140625
3 0.59921875 0.52578125 0.025 0.015625
3 0.77734375 0.50234375 0.028125 0.01875
3 0.39296875 0.55078125 0.0203125 0.009375
3 0.328125 0.55859375 0.0203125 0.009375
3 0.278125 0.56484375 0.01875 0.009375
3 0.2390625 0.56953125 0.0171875 0.0078125
3 0.20546875 0.57421875 0.015625 0.00625
3 0.17734375 0.57734375 0.0140625 0.00625
3 0.15390625 0.58046875 0.0140625 0.00625
3 0.13359375 0.5828125 0.0125 0.00625
3 0.115625 0.58515625 0.0125 0.00625
0 0.32265625 0.5453125 0.0234375 0.00625
0 0.33984375 0.54140625 0.025 0.00625
0 0.35859375 0.5390625 0.0265625 0.00625
0 0.38125 0.53515625 0.0296875 0.00625
0 0.4046875 0.53203125 0.0328125 0.009375
0 0.43125 0.52734375 0.0359375 0.009375
0 0.46171875 0.5234375 0.040625 0.0109375
0 0.49609375 0.51796875 0.0453125 0.0125
0 0.5375 0.5109375 0.053125 0.0109375
0 0.58359375 0.50390625 0.059375 0.0140625
0 0.63984375 0.4953125 0.0703125 0.0140625
0 0.70625 0.4859375 0.0828125 0.0171875
0 0.7859375 0.47265625 0.1015625 0.021875
0 0.88984375 0.45703125 0.1296875 0.025