3 0.1984375 0.41875 0.0859375 0.040625
3 0.3515625 0.4296875 0.0640625 0.0234375
3 0.44453125 0.44140625 0.0484375 0.0234375
3 0.503125 0.4484375 0.0421875 0.0203125
3 0.3609375 0.38671875 0.0140625 0.00625
3 0.38125 0.390625 0.0140625 0.00625
3 0.40078125 0.3953125 0.0125 0.0046875
3 0.41953125 0.3984375 0.0125 0.00625
3 0.43671875 0.40234375 0.0109375 0.00625
3 0.453125 0.4046875 0.0109375 0.0046875
3 0.4671875 0.409375 0.0109375 0.0046875
3 0.48203125 0.4125 0.0109375 0.0046875
3 0.49609375 0.41484375 0.0109375 0.0046875
3 0.50859375 0.41796875 0.009375 0.0046875
3 0.52109375 0.41875 0.009375 0.0046875
3 0.5421875 0.425 0.0078125 0.0046875
3 0.53125 0.421875 0.009375 0.0046875
3 0.553125 0.4265625 0.0078125 0.0046875
3 0.5625 0.42890625 0.00625 0.003125
3 0.571875 0.4296875 0.0078125 0.003125
3 0.58046875 0.4328125 0.00625 0.0015625
3 0.55859375 0.45703125 0.0375 0.0125
3 0.60078125 0.46171875 0.03125 0.0140625
3 0.628125 0.4671875 0.0296875 0.0125
3 0.6640625 0.47109375 0.025 0.009375
3 0.6859375 0.47421875 0.0203125 0.009375
3 0.71015625 0.47890625 0.0203125 0.0078125
3 0.72890625 0.48125 0.0171875 0.009375
3 0.75390625 0.48515625 0.03125 0.009375
3 0.7765625 0.48828125 0.0140625 0.00625
3 0.7921875 0.4921875 0.0140625 0.00625