3 0.61953125 0.61328125 0.15 0.090625
3 0.4359375 0.51328125 0.0953125 0.0578125
3 0.346875 0.46171875 0.0640625 0.0375
3 0.296875 0.43515625 0.0515625 0.03125
3 0.265625 0.4140625 0.040625 0.021875
3 0.61328125 0.471875 0.01875 0.009375
3 0.56171875 0.459375 0.0171875 0.009375
3 0.6703125 0.4875 0.0234375 0.0109375
3 0.74453125 0.50625 0.025 0.0125
3 0.83046875 0.53125 0.0265625 0.0140625
3 0.9390625 0.559375 0.0296875 0.015625
3 0.596875 0.453125 0.00625 0.003125
3 0.61484375 0.4578125 0.00625 0.003125
3 0.63359375 0.4625 0.00625 0.003125
3 0.6546875 0.46796875 0.0078125 0.003125
3 0.67578125 0.47265625 0.00625 0.003125
3 0.70234375 0.48125 0.009375 0.0046875
3 0.6984375 0.47890625 0.00625 0.003125
3 0.72265625 0.484375 0.0078125 0.003125
3 0.7359375 0.48984375 0.0109375 0.00625
3 0.7484375 0.49140625 0.0078125 0.003125
3 0.77265625 0.4984375 0.0109375 0.00625
3 0.81171875 0.50859375 0.0125 0.0078125
3 0.83828125 0.51328125 0.0078125 0.003125
3 0.853125 0.51875 0.0125 0.0078125
3 0.87109375 0.521875 0.009375 0.003125
3 0.8984375 0.5296875 0.0125 0.00625
3 0.946875 0.5421875 0.0125 0.0078125
3 0.996875 0.55625 0.00625 0.00625
3 0.98828125 0.55078125 0.009375 0.003125
3 0.24296875 0.40234375 0.0359375 0.0203125
3 0.22578125 0.39296875 0.0296875 0.015625
3 0.21328125 0.38515625 0.025 0.0140625
3 0.196875 0.378125 0.0109375 0.009375
3 0.18671875 0.3734375 0.009375 0.009375
3 0.18125 0.36875 0.0078125 0.0078125
3 0.17578125 0.36640625 0.00625 0.0078125
3 0.16875 0.3625 0.0078125 0.0078125