3 0.675 0.596875 0.040625 0.0265625
3 0.49140625 0.575 0.0328125 0.0203125
3 0.37578125 0.5625 0.0296875 0.015625
3 0.2953125 0.55234375 0.0265625 0.0125
3 0.98671875 0.63203125 0.0265625 0.0296875
3 0.2359375 0.5453125 0.0234375 0.0109375
3 0.18984375 0.5390625 0.01875 0.0078125
3 0.15234375 0.5359375 0.0171875 0.00625
3 0.12109375 0.53203125 0.0171875 0.0046875
3 0.09921875 0.528125 0.015625 0.0046875
3 0.33515625 0.53046875 0.009375 0.003125
3 0.35703125 0.5328125 0.009375 0.003125
3 0.38515625 0.53359375 0.009375 0.0046875