3 0.18125 0.58359375 0.0296875 0.0109375
3 0.4703125 0.56484375 0.0171875 0.0109375
3 0.49140625 0.55390625 0.0078125 0.0046875
3 0.42890625 0.55859375 0.009375 0.0046875
3 0.56015625 0.55078125 0.0078125 0.0046875
3 0.59140625 0.5578125 0.01875 0.0109375
3 0.70703125 0.55 0.021875 0.009375
3 0.81953125 0.54375 0.021875 0.0109375
3 0.01640625 0.59453125 0.0234375 0.0140625
3 0.0796875 0.578125 0.0125 0.00625
3 0.0171875 0.58203125 0.0125 0.0046875
3 0.13671875 0.57421875 0.0109375 0.0046875
3 0.19453125 0.57109375 0.0109375 0.003125
3 0.48046875 0.553125 0.0046875 0.003125
3 0.8375 0.5359375 0.0140625 0.0046875
3 0.93515625 0.53515625 0.0296875 0.0109375