2 0.446875 0.54609375 0.290625 0.1921875
2 0.6328125 0.5390625 0.2796875 0.1359375
2 0.75 0.53515625 0.184375 0.0828125
2 0.82265625 0.53203125 0.1921875 0.0625
2 0.93359375 0.528125 0.0671875 0.028125
3 0.12421875 0.67890625 0.034375 0.025
3 0.16875 0.63671875 0.0421875 0.021875
3 0.34140625 0.6171875 0.01875 0.009375
3 0.396875 0.61015625 0.015625 0.0171875
3 0.3765625 0.61328125 0.0140625 0.009375
3 0.4578125 0.60625 0.01875 0.009375
3 0.5921875 0.5859375 0.0109375 0.00625
3 0.634375 0.58515625 0.015625 0.0078125