0 0.23984375 0.5625 0.1046875 0.0125
0 0.30546875 0.5625 0.053125 0.0125
0 0.36484375 0.56171875 0.0921875 0.009375
0 0.41796875 0.5625 0.0359375 0.009375
0 0.46796875 0.56328125 0.0875 0.0109375
3 0.84453125 0.565625 0.0125 0.00625
3 0.82734375 0.56640625 0.015625 0.00625
3 0.79140625 0.56484375 0.0140625 0.0046875
3 0.75546875 0.565625 0.015625 0.00625
0 0.70546875 0.56484375 0.06875 0.009375
3 0.66640625 0.5640625 0.0078125 0.00625
0 0.55859375 0.56328125 0.0890625 0.009375
3 0.14296875 0.5625 0.0203125 0.009375
3 0.50546875 0.5578125 0.0078125 0.003125
3 0.55546875 0.55859375 0.0078125 0.003125
3 0.64609375 0.56015625 0.0078125 0.003125
3 0.68671875 0.5609375 0.0078125 0.003125
3 0.72578125 0.56015625 0.0078125 0.003125
3 0.89921875 0.56796875 0.0171875 0.00625
3 0.93984375 0.565625 0.0140625 0.00625
3 0.98359375 0.56796875 0.0140625 0.0046875
3 0.96796875 0.56875 0.0171875 0.0046875