3 0.1625 0.5734375 0.0296875 0.0109375
3 0.3125 0.5703125 0.021875 0.009375
3 0.465625 0.56875 0.015625 0.009375
3 0.621875 0.5671875 0.01875 0.0109375
3 0.7859375 0.5671875 0.028125 0.0125
3 0.95625 0.565625 0.0359375 0.0109375
3 0.8625 0.553125 0.009375 0.003125
3 0.9125 0.5515625 0.0109375 0.003125
3 0.9640625 0.5515625 0.0109375 0.0015625
0 0.7078125 0.5515625 0.0375 0.003125
0 0.740625 0.55 0.0375 0.0015625
0 0.7734375 0.55 0.0390625 0.0015625
0 0.80625 0.55 0.0390625 0.0015625
0 0.840625 0.55 0.0390625 0.0015625
0 0.875 0.55 0.040625 0.0015625
0 0.909375 0.55 0.040625 0.0015625