3 0.659375 0.5421875 0.03125 0.01875
3 0.79375 0.5484375 0.0328125 0.021875
3 0.95625 0.55625 0.0421875 0.01875
0 0.5015625 0.5359375 0.115625 0.0203125
3 0.3796875 0.528125 0.0171875 0.0109375
3 0.3203125 0.5234375 0.015625 0.0109375
3 0.26875 0.5203125 0.0171875 0.0078125
3 0.2265625 0.51875 0.0171875 0.0078125
3 0.19375 0.515625 0.0171875 0.00625
3 0.1671875 0.5140625 0.015625 0.00625
3 0.1453125 0.5125 0.015625 0.00625
3 0.128125 0.5109375 0.0140625 0.0046875
3 0.3984375 0.5125 0.0078125 0.003125
3 0.425 0.515625 0.00625 0.003125
3 0.4578125 0.515625 0.0078125 0.003125
3 0.3734375 0.5125 0.0078125 0.003125
3 0.353125 0.5109375 0.0078125 0.003125
3 0.334375 0.5109375 0.00625 0.0015625
3 0.31875 0.509375 0.00625 0.0015625
3 0.49375 0.5171875 0.0078125 0.003125
3 0.534375 0.51875 0.0078125 0.003125
3 0.58125 0.5203125 0.00625 0.003125
3 0.6328125 0.521875 0.00625 0.003125
3 0.690625 0.525 0.00625 0.003125
3 0.7546875 0.5265625 0.009375 0.003125
3 0.8234375 0.5296875 0.0125 0.003125
3 0.896875 0.5328125 0.0140625 0.0046875