0 0.32265625 0.66796875 0.0703125 0.046875
3 0.69296875 0.559375 0.015625 0.009375
3 0.71328125 0.55703125 0.0171875 0.009375
3 0.73984375 0.55390625 0.0203125 0.0125
3 0.77109375 0.55078125 0.021875 0.0109375
3 0.809375 0.54453125 0.025 0.0125
3 0.67421875 0.56171875 0.015625 0.009375
3 0.659375 0.56484375 0.0125 0.00625
3 0.64453125 0.565625 0.0125 0.00625
3 0.8546875 0.5390625 0.028125 0.015625
3 0.06875 0.690625 0.025 0.0125
3 0.634375 0.56796875 0.0109375 0.0046875
3 0.6234375 0.56875 0.009375 0.0046875
3 0.6125 0.5703125 0.009375 0.0046875
3 0.6046875 0.571875 0.00625 0.003125
3 0.5984375 0.571875 0.0078125 0.003125
3 0.5921875 0.57265625 0.0078125 0.003125
3 0.5859375 0.57265625 0.0078125 0.003125
3 0.5765625 0.57421875 0.0078125 0.0046875
0 0.340625 0.65390625 0.05625 0.03125
0 0.3546875 0.64453125 0.0453125 0.0265625
0 0.3640625 0.6375 0.0359375 0.0203125