3 0.1671875 0.4984375 0.053125 0.028125
3 0.2515625 0.50390625 0.040625 0.021875
3 0.30859375 0.50625 0.0328125 0.0203125
3 0.34765625 0.509375 0.028125 0.01875
3 0.38046875 0.5109375 0.0234375 0.0125
3 0.403125 0.51171875 0.0203125 0.0109375
3 0.421875 0.51328125 0.01875 0.0109375
3 0.4390625 0.51484375 0.015625 0.009375
3 0.4796875 0.515625 0.0078125 0.00625
3 0.4515625 0.51484375 0.0125 0.0078125
3 0.4625 0.515625 0.009375 0.00625
3 0.471875 0.515625 0.009375 0.0078125
3 0.02890625 0.4546875 0.025 0.0125
3 0.08203125 0.459375 0.021875 0.009375
3 0.125 0.465625 0.0203125 0.009375
3 0.159375 0.46875 0.0171875 0.009375
3 0.1890625 0.4734375 0.015625 0.0078125
3 0.215625 0.4765625 0.0140625 0.0078125
3 0.2359375 0.47890625 0.0140625 0.0078125
3 0.77265625 0.5890625 0.04375 0.0234375
3 0.4875 0.5171875 0.00625 0.00625
3 0.49375 0.51640625 0.00625 0.00625