3 0.21640625 0.25703125 0.021875 0.015625
3 0.2671875 0.27109375 0.0359375 0.025
3 0.2890625 0.30859375 0.0828125 0.0625
3 0.30546875 0.25234375 0.028125 0.0171875
3 0.334375 0.24140625 0.021875 0.0140625
3 0.35546875 0.23515625 0.0125 0.009375
3 0.4609375 0.234375 0.025 0.015625
3 0.4859375 0.24296875 0.034375 0.025
3 0.153125 0.26875 0.0296875 0.01875
3 0.096875 0.26953125 0.025 0.0140625
3 0.0453125 0.296875 0.0453125 0.025
3 0.00859375 0.28828125 0.0171875 0.0171875
3 0.73359375 0.25546875 0.090625 0.05625
3 0.71328125 0.21640625 0.040625 0.025
3 0.61796875 0.215625 0.0265625 0.0171875
3 0.571875 0.21484375 0.025 0.0171875
3 0.54140625 0.21328125 0.015625 0.009375
3 0.7765625 0.1984375 0.03125 0.0171875
3 0.69296875 0.19921875 0.021875 0.015625
3 0.734375 0.190625 0.015625 0.009375
3 0.6375 0.2015625 0.01875 0.0171875
3 0.8171875 0.184375 0.0234375 0.0140625
3 0.93046875 0.18203125 0.0515625 0.0390625
3 0.446875 0.53359375 0.29375 0.2234375
3 0.18828125 0.078125 0.021875 0.015625
3 0.23203125 0.0484375 0.0359375 0.025
3 0.27421875 0.0546875 0.028125 0.0171875
3 0.3046875 0.05625 0.021875 0.0140625
3 0.3265625 0.05625 0.0125 0.009375
3 0.428125 0.02421875 0.025 0.015625
3 0.44921875 0.009375 0.0328125 0.01875
3 0.12421875 0.08671875 0.0296875 0.01875
3 0.0703125 0.103125 0.025 0.0140625
3 0.01796875 0.0921875 0.0359375 0.025
3 0.5390625 0.0078125 0.025 0.015625
3 0.5109375 0.01875 0.015625 0.009375
3 0.60625 0.0046875 0.01875 0.009375