3 0.18671875 0.51015625 0.0453125 0.021875
3 0.10859375 0.49375 0.0375 0.01875
3 0.5328125 0.55234375 0.0171875 0.009375
3 0.440625 0.53515625 0.0109375 0.00625
3 0.39140625 0.52734375 0.0125 0.00625
3 0.0203125 0.47265625 0.0328125 0.0125
3 0.28359375 0.50703125 0.0078125 0.0046875
3 0.259375 0.503125 0.0078125 0.003125
3 0.31328125 0.51171875 0.009375 0.003125
3 0.346875 0.51875 0.009375 0.003125
3 0.3828125 0.52109375 0.00625 0.003125
3 0.42890625 0.528125 0.00625 0.003125
3 0.34765625 0.5140625 0.0046875 0.0015625
3 0.3640625 0.51796875 0.00625 0.003125
3 0.4046875 0.52421875 0.00625 0.003125
3 0.45625 0.534375 0.0078125 0.003125
3 0.48671875 0.534375 0.003125 0.0015625
3 0.4875 0.5390625 0.0078125 0.003125
3 0.46640625 0.53125 0.003125 0.0015625
3 0.4453125 0.52734375 0.003125 0.0015625
3 0.4265625 0.525 0.003125 0.0015625
3 0.503125 0.53828125 0.0046875 0.0015625
3 0.52578125 0.546875 0.0078125 0.003125
3 0.5234375 0.54140625 0.0046875 0.0015625
3 0.54609375 0.546875 0.00625 0.003125
3 0.55703125 0.546875 0.003125 0.0015625
3 0.57265625 0.55078125 0.00625 0.003125
3 0.5703125 0.55390625 0.0078125 0.003125
3 0.6 0.55546875 0.00625 0.003125
3 0.62265625 0.5640625 0.009375 0.0046875
3 0.63125 0.56015625 0.00625 0.0046875
3 0.66328125 0.5671875 0.00625 0.0046875
3 0.70234375 0.5734375 0.00625 0.0046875
3 0.6875 0.57421875 0.009375 0.0046875
3 0.74375 0.5796875 0.00625 0.0046875
3 0.79140625 0.5875 0.00625 0.0046875
3 0.84375 0.596875 0.00625 0.0046875
3 0.8984375 0.6125 0.0140625 0.0046875
3 0.90390625 0.60703125 0.0078125 0.0046875
3 0.971875 0.61875 0.009375 0.0046875