3 0.5171875 0.5671875 0.0359375 0.0171875
3 0.28125 0.5625 0.046875 0.01875
3 0.115625 0.559375 0.0515625 0.01875
3 0.859375 0.5796875 0.05625 0.0234375
3 0.4515625 0.540625 0.0078125 0.003125
3 0.5 0.5421875 0.0078125 0.003125
0 0.5140625 0.5390625 0.0359375 0.0015625
3 0.5515625 0.5421875 0.00625 0.003125
0 0.5796875 0.5390625 0.0375 0.0015625
3 0.60625 0.5421875 0.00625 0.003125
3 0.63125 0.5390625 0.003125 0.0015625
3 0.6640625 0.5421875 0.00625 0.003125
0 0.6890625 0.540625 0.04375 0.0015625
0 0.725 0.54375 0.0078125 0.003125
0 0.7703125 0.540625 0.0484375 0.0015625
3 0.790625 0.54375 0.009375 0.003125
3 0.8375 0.540625 0.00625 0.0015625
3 0.8609375 0.54375 0.0125 0.003125
3 0.8859375 0.540625 0.0078125 0.003125
3 0.9328125 0.5453125 0.0140625 0.0046875
0 0.9625 0.5421875 0.0625 0.003125