3 0.57578125 0.47578125 0.0734375 0.0640625
3 0.67578125 0.428125 0.040625 0.0296875
3 0.38515625 0.3828125 0.046875 0.0296875
3 0.11875 0.3375 0.0546875 0.0296875
3 0.05703125 0.38671875 0.096875 0.0609375
3 0.98203125 0.475 0.0359375 0.03125
3 0.9625 0.434375 0.0265625 0.0140625
3 0.54375 0.365625 0.0125 0.0078125
3 0.63046875 0.3796875 0.0109375 0.00625
3 0.12109375 0.3015625 0.015625 0.0078125
3 0.0421875 0.2890625 0.0171875 0.0078125
3 0.2046875 0.31328125 0.015625 0.0078125
3 0.4578125 0.35390625 0.0140625 0.0078125
3 0.81171875 0.40625 0.0125 0.0078125
3 0.9953125 0.43515625 0.009375 0.0078125
3 0.95859375 0.42578125 0.0125 0.00625
3 0.90546875 0.42109375 0.0140625 0.0078125
3 0.8828125 0.41328125 0.0109375 0.00625
3 0.80546875 0.40078125 0.0109375 0.0078125
3 0.7328125 0.390625 0.009375 0.0078125
3 0.7203125 0.39375 0.0109375 0.0078125
3 0.65859375 0.38046875 0.0078125 0.00625
3 0.5859375 0.3703125 0.009375 0.00625
3 0.51484375 0.35859375 0.009375 0.00625
3 0.4453125 0.3484375 0.009375 0.00625
3 0.37265625 0.33984375 0.0125 0.0078125
3 0.37734375 0.3375 0.0109375 0.00625
3 0.35390625 0.328125 0.00625 0.0046875
3 0.31015625 0.3265625 0.0109375 0.00625
3 0.2875 0.3265625 0.0125 0.0078125
3 0.24375 0.315625 0.0109375 0.00625
3 0.178125 0.30625 0.0125 0.00625
3 0.115625 0.29609375 0.0125 0.00625
3 0.053125 0.2875 0.0125 0.00625