3 0.640625 0.571875 0.109375 0.04375
3 0.496875 0.5328125 0.075 0.0296875
3 0.4046875 0.5109375 0.0640625 0.0234375
3 0.3484375 0.496875 0.0484375 0.021875
3 0.30625 0.4890625 0.0375 0.0171875
3 0.271875 0.48125 0.04375 0.01875
3 0.2484375 0.4765625 0.0328125 0.015625
3 0.228125 0.471875 0.0328125 0.0140625
3 0.2125 0.4671875 0.028125 0.0125
3 0.1984375 0.465625 0.0203125 0.0109375
3 0.1734375 0.459375 0.04375 0.0171875
0 0.9046875 0.4671875 0.121875 0.0265625
0 0.8171875 0.459375 0.15 0.028125
0 0.703125 0.45625 0.1453125 0.021875
0 0.615625 0.4546875 0.078125 0.0125
0 0.5390625 0.45 0.06875 0.0078125