3 0.246875 0.5046875 0.08125 0.065625
3 0.7796875 0.2578125 0.0328125 0.0171875
3 0.6703125 0.253125 0.0296875 0.0171875
0 0.5421875 0.25 0.1015625 0.0171875
0 0.4703125 0.246875 0.0875 0.0140625
0 0.4125 0.246875 0.075 0.0125
0 0.3609375 0.2453125 0.065625 0.0109375
0 0.315625 0.24375 0.0609375 0.0109375
0 0.275 0.2421875 0.0546875 0.0109375
0 0.2375 0.240625 0.0515625 0.009375
0 0.203125 0.240625 0.0484375 0.009375
0 0.1703125 0.2390625 0.046875 0.009375
0 0.1390625 0.2390625 0.04375 0.0078125
0 0.109375 0.2375 0.0421875 0.0078125
3 0.0671875 0.2359375 0.0125 0.00625
3 0.6171875 0.2421875 0.0140625 0.00625
3 0.6765625 0.2421875 0.015625 0.00625
3 0.740625 0.24375 0.015625 0.00625
3 0.8125 0.24375 0.0171875 0.00625
3 0.7828125 0.2375 0.0109375 0.0046875
3 0.8328125 0.2375 0.0109375 0.0046875
3 0.8921875 0.2453125 0.01875 0.00625
3 0.8875 0.2390625 0.0109375 0.0046875
3 0.946875 0.2390625 0.0125 0.0046875
3 0.98125 0.2453125 0.0203125 0.0078125
3 0.971875 0.2359375 0.009375 0.003125
3 0.9296875 0.2359375 0.009375 0.003125
3 0.846875 0.2359375 0.009375 0.0015625
3 0.809375 0.2359375 0.0078125 0.0015625
3 0.6515625 0.2375 0.009375 0.003125
3 0.6921875 0.2375 0.009375 0.003125
3 0.7359375 0.2375 0.009375 0.003125
3 0.5625 0.240625 0.0140625 0.0046875
3 0.4625 0.240625 0.0125 0.0046875
3 0.66953125 0.00234375 0.0296875 0.0046875
0 0.54140625 0.00390625 0.1015625 0.0078125
0 0.4703125 0.0046875 0.0875 0.009375
0 0.4125 0.0046875 0.075 0.009375
0 0.3609375 0.0046875 0.065625 0.009375
0 0.315625 0.00625 0.0609375 0.0109375
0 0.275 0.0078125 0.0546875 0.0109375
0 0.2375 0.009375 0.0515625 0.009375
0 0.203125 0.009375 0.0484375 0.009375
0 0.1703125 0.0109375 0.046875 0.009375
0 0.1390625 0.0109375 0.04375 0.0078125
0 0.109375 0.0125 0.0421875 0.0078125
3 0.0671875 0.0140625 0.0125 0.00625
3 0.6171875 0.0078125 0.0140625 0.00625
3 0.6765625 0.0078125 0.015625 0.00625
3 0.740625 0.00625 0.015625 0.00625
3 0.8125 0.00625 0.0171875 0.00625
3 0.7828125 0.0125 0.0109375 0.0046875
3 0.8328125 0.0125 0.0109375 0.0046875
3 0.8921875 0.0046875 0.01875 0.00625
3 0.8875 0.0109375 0.0109375 0.0046875
3 0.946875 0.0109375 0.0125 0.0046875
3 0.98125 0.0046875 0.0203125 0.0078125
3 0.971875 0.0140625 0.009375 0.003125
3 0.9296875 0.0140625 0.009375 0.003125
3 0.846875 0.0140625 0.009375 0.0015625
3 0.809375 0.0140625 0.0078125 0.0015625
3 0.6515625 0.0125 0.009375 0.003125
3 0.6921875 0.0125 0.009375 0.003125
3 0.7359375 0.0125 0.009375 0.003125
3 0.5625 0.009375 0.0140625 0.0046875
3 0.4625 0.009375 0.0125 0.0046875