3 0.0671875 0.6171875 0.134375 0.078125
3 0.471875 0.5515625 0.09375 0.0484375
3 0.653125 0.5203125 0.0703125 0.0328125
3 0.7609375 0.50625 0.05625 0.028125
3 0.8296875 0.4953125 0.0453125 0.0234375
3 0.878125 0.4890625 0.0390625 0.0203125
3 0.9078125 0.4828125 0.034375 0.015625
3 0.2234375 0.48125 0.0484375 0.01875
3 0.3703125 0.4765625 0.040625 0.0171875
3 0.4765625 0.471875 0.034375 0.0140625
3 0.55625 0.46875 0.0296875 0.0140625
3 0.6203125 0.4671875 0.028125 0.0125
3 0.6703125 0.4640625 0.025 0.0109375
3 0.7125 0.4625 0.021875 0.009375
3 0.7484375 0.4609375 0.0203125 0.009375
3 0.778125 0.459375 0.01875 0.00625
3 0.01875 0.4890625 0.0375 0.025
3 0.05 0.4453125 0.0265625 0.009375
3 0.0078125 0.440625 0.015625 0.0046875
3 0.065625 0.440625 0.0140625 0.0046875
3 0.1171875 0.440625 0.0125 0.0046875
3 0.165625 0.440625 0.0140625 0.0046875
3 0.1328125 0.4453125 0.021875 0.0078125
3 0.2015625 0.4453125 0.01875 0.0078125
3 0.2609375 0.4453125 0.0171875 0.0078125
3 0.3109375 0.4453125 0.0171875 0.00625
3 0.353125 0.4453125 0.0140625 0.00625
3 0.3921875 0.4453125 0.0140625 0.00625
3 0.425 0.4453125 0.0140625 0.0046875
3 0.4546875 0.4453125 0.0125 0.0046875
3 0.4796875 0.4453125 0.0125 0.0046875
3 0.5 0.4453125 0.0109375 0.0046875
3 0.5203125 0.44375 0.0109375 0.003125
3 0.934375 0.478125 0.0296875 0.015625
3 0.953125 0.475 0.0265625 0.0125
3 0.9671875 0.4703125 0.0234375 0.0109375
3 0.984375 0.46875 0.009375 0.0109375
3 0.99375 0.4671875 0.009375 0.0078125