3 0.5390625 0.5015625 0.028125 0.01875
3 0.86953125 0.42578125 0.0328125 0.01875
3 0.35078125 0.546875 0.025 0.0171875
3 0.07890625 0.5796875 0.0109375 0.00625
3 0.01171875 0.59609375 0.0078125 0.00625
3 0.1421875 0.59375 0.0296875 0.0171875
3 0.134375 0.571875 0.015625 0.009375
3 0.14375 0.56484375 0.0109375 0.00625
3 0.2078125 0.55 0.009375 0.00625
3 0.2203125 0.55390625 0.0140625 0.009375
3 0.26953125 0.53671875 0.00625 0.0046875
3 0.30546875 0.53359375 0.0109375 0.0078125
3 0.33046875 0.52265625 0.0078125 0.00625
3 0.3875 0.51484375 0.0125 0.009375
3 0.38828125 0.51015625 0.00625 0.0046875
3 0.46875 0.4984375 0.0125 0.0078125
3 0.44453125 0.49765625 0.00625 0.0046875
3 0.50078125 0.48515625 0.0078125 0.0046875
3 0.546875 0.48046875 0.0125 0.0078125
3 0.55625 0.4734375 0.009375 0.00625
3 0.609375 0.46171875 0.009375 0.0046875
3 0.62421875 0.4625 0.0140625 0.009375
3 0.709375 0.4625 0.0328125 0.0171875
3 0.70078125 0.4453125 0.0125 0.0078125
3 0.79453125 0.4171875 0.0078125 0.003125
3 0.77578125 0.4296875 0.0140625 0.0078125
3 0.85 0.4109375 0.015625 0.0078125
3 0.87578125 0.3984375 0.0078125 0.0046875
3 0.834375 0.40703125 0.0078125 0.003125
3 0.915625 0.38984375 0.0078125 0.0046875
3 0.9546875 0.38046875 0.0078125 0.0046875
3 0.9234375 0.39609375 0.01875 0.0109375