0 0.24453125 0.58046875 0.1046875 0.015625
0 0.31015625 0.57578125 0.053125 0.0140625
0 0.36953125 0.57109375 0.0921875 0.0125
0 0.421875 0.56796875 0.0359375 0.0109375
0 0.471875 0.565625 0.0875 0.0140625
3 0.84765625 0.54140625 0.0125 0.00625
3 0.83125 0.54375 0.015625 0.0078125
3 0.79453125 0.54375 0.0140625 0.0046875
3 0.759375 0.54765625 0.015625 0.0078125
0 0.709375 0.55 0.06875 0.0109375
3 0.6703125 0.55234375 0.0078125 0.00625
0 0.5625 0.559375 0.0890625 0.0125
3 0.14765625 0.5875 0.0203125 0.0109375
3 0.509375 0.55703125 0.0078125 0.003125
3 0.559375 0.5546875 0.0078125 0.003125
3 0.65 0.55 0.0078125 0.003125
3 0.690625 0.54765625 0.0078125 0.003125
3 0.72890625 0.54453125 0.0078125 0.003125
3 0.90234375 0.53984375 0.0171875 0.0078125
3 0.94296875 0.534375 0.0140625 0.00625
3 0.98671875 0.53359375 0.0140625 0.0046875
3 0.97109375 0.5359375 0.0171875 0.00625