3 0.92734375 0.55703125 0.0609375 0.0296875
3 0.6484375 0.5375 0.0390625 0.0265625
3 0.478125 0.52265625 0.0296875 0.021875
3 0.36171875 0.51328125 0.028125 0.015625
3 0.27734375 0.50390625 0.028125 0.0109375
3 0.21875 0.49921875 0.025 0.009375
3 0.1703125 0.49375 0.0203125 0.0109375
3 0.134375 0.48984375 0.0203125 0.009375
3 0.103125 0.48828125 0.0203125 0.009375
3 0.1609375 0.48515625 0.0078125 0.003125
3 0.178125 0.4859375 0.009375 0.003125
3 0.1921875 0.48671875 0.009375 0.003125
3 0.2125 0.48828125 0.0109375 0.003125
3 0.2359375 0.4890625 0.009375 0.003125
3 0.259375 0.490625 0.0109375 0.003125
3 0.2890625 0.4921875 0.0109375 0.003125
3 0.321875 0.49375 0.0125 0.0046875
3 0.359375 0.49765625 0.0109375 0.0046875
3 0.4 0.49765625 0.0109375 0.0046875
3 0.45 0.50234375 0.0125 0.0046875
3 0.66640625 0.51640625 0.0109375 0.0046875
3 0.77265625 0.521875 0.0140625 0.0078125
3 0.57890625 0.51015625 0.0125 0.0046875
3 0.509375 0.50703125 0.0140625 0.0046875
3 0.4765625 0.5 0.0078125 0.003125
3 0.5015625 0.5 0.00625 0.0015625
3 0.515625 0.50078125 0.00625 0.003125
3 0.5296875 0.5015625 0.0046875 0.0015625
3 0.5484375 0.50390625 0.0078125 0.003125
3 0.559375 0.503125 0.00625 0.0015625
3 0.59375 0.5046875 0.00625 0.0015625
3 0.63125 0.50703125 0.00625 0.0015625
3 0.675 0.509375 0.00625 0.003125
3 0.721875 0.51171875 0.00625 0.003125
3 0.775 0.5140625 0.00625 0.003125
3 0.83515625 0.51953125 0.009375 0.003125
3 0.90234375 0.52265625 0.009375 0.0046875
3 0.97890625 0.5265625 0.0125 0.003125