3 0.7125 0.75703125 0.01875 0.0140625
3 0.7015625 0.57890625 0.00625 0.0140625
3 0.7921875 0.58515625 0.0078125 0.0125
3 0.8265625 0.58515625 0.00625 0.015625
3 0.62890625 0.56640625 0.015625 0.0109375
3 0.33828125 0.55625 0.00625 0.009375
3 0.26484375 0.5484375 0.0046875 0.009375
2 0.34296875 0.53828125 0.25625 0.0875
2 0.71640625 0.5578125 0.284375 0.090625
2 0.88046875 0.52265625 0.19375 0.0578125
3 0.95625 0.53515625 0.0078125 0.003125
3 0.91484375 0.54140625 0.0046875 0.003125
3 0.6984375 0.88125 0.0484375 0.0265625
3 0.696875 0.90625 0.0484375 0.0265625