3 0.1125 0.39609375 0.0640625 0.0375
3 0.5453125 0.39765625 0.0671875 0.03125
3 0.878125 0.4 0.075 0.0328125
3 0.84765625 0.3453125 0.034375 0.0140625
3 0.96015625 0.346875 0.0328125 0.0140625
3 0.71796875 0.34453125 0.0359375 0.015625
3 0.565625 0.340625 0.0359375 0.015625
3 0.3859375 0.33984375 0.0375 0.01875
3 0.16875 0.33359375 0.0390625 0.0203125
3 0.2125 0.3125 0.0140625 0.0078125
3 0.1078125 0.31015625 0.0125 0.0078125
3 0.0015625 0.30390625 0.003125 0.0078125
3 0.2859375 0.31015625 0.009375 0.0046875
3 0.3109375 0.3171875 0.0125 0.0078125
3 0.353125 0.31171875 0.009375 0.0046875
3 0.40625 0.31875 0.0140625 0.0078125
3 0.415625 0.3140625 0.0109375 0.0046875
3 0.4765625 0.315625 0.009375 0.0046875
3 0.4953125 0.321875 0.0140625 0.00625
3 0.5359375 0.31640625 0.009375 0.0046875
3 0.5796875 0.325 0.0140625 0.0078125
3 0.59375 0.31875 0.009375 0.0046875
3 0.65 0.32109375 0.009375 0.0046875
3 0.6734375 0.31875 0.009375 0.003125
3 0.6625 0.3265625 0.0140625 0.00625
3 0.7046875 0.32109375 0.009375 0.0046875
3 0.7171875 0.31953125 0.009375 0.003125
3 0.7390625 0.32890625 0.0140625 0.00625
3 0.7578125 0.3234375 0.0109375 0.0046875
3 0.809375 0.32421875 0.009375 0.0046875
3 0.8015625 0.32265625 0.0078125 0.003125
3 0.8578125 0.325 0.0109375 0.0046875
3 0.8796875 0.32421875 0.0078125 0.003125
3 0.90625 0.32734375 0.0109375 0.003125
3 0.91875 0.32578125 0.009375 0.003125
3 0.953125 0.328125 0.0109375 0.0046875
3 0.990625 0.32734375 0.009375 0.003125