3 0.315625 0.6390625 0.103125 0.0625
3 0.96328125 0.45078125 0.0125 0.00625
3 0.9046875 0.4609375 0.0109375 0.00625
3 0.84921875 0.4703125 0.009375 0.0046875
3 0.796875 0.4796875 0.009375 0.0046875
3 0.51484375 0.53515625 0.0078125 0.0046875
3 0.45078125 0.5453125 0.0109375 0.00625
3 0.48203125 0.534375 0.003125 0.0015625
3 0.38671875 0.55703125 0.0109375 0.00625
3 0.38515625 0.55234375 0.0046875 0.003125
3 0.3234375 0.56796875 0.0109375 0.00625
3 0.26171875 0.57890625 0.0125 0.00625
3 0.203125 0.5890625 0.015625 0.00625
3 0.14453125 0.6 0.015625 0.00625
3 0.0890625 0.6109375 0.015625 0.00625
3 0.03359375 0.6203125 0.0171875 0.00625