3 0.85234375 0.66015625 0.0859375 0.0640625
3 0.42421875 0.5609375 0.0828125 0.05625
3 0.14375 0.49765625 0.06875 0.0453125
3 0.2546875 0.47890625 0.03125 0.0171875
3 0.3828125 0.50625 0.03125 0.0171875
3 0.53046875 0.53515625 0.03125 0.01875
3 0.15078125 0.45703125 0.03125 0.0171875
3 0.06015625 0.43984375 0.0296875 0.015625
3 0.2875 0.4734375 0.0203125 0.0109375
3 0.21796875 0.46015625 0.021875 0.0109375
3 0.15546875 0.4484375 0.01875 0.0109375
3 0.09921875 0.4359375 0.0171875 0.009375
3 0.046875 0.4265625 0.0203125 0.0109375
3 0.365625 0.4875 0.021875 0.0109375
3 0.43046875 0.5 0.021875 0.0125
3 0.48359375 0.51015625 0.01875 0.0109375
3 0.55 0.521875 0.0171875 0.009375
3 0.625 0.53671875 0.0171875 0.0109375
3 0.70625 0.57109375 0.0359375 0.021875
3 0.8015625 0.5703125 0.01875 0.0109375
3 0.709375 0.553125 0.01875 0.009375
3 0.9078125 0.5890625 0.0171875 0.0125
3 0.89921875 0.5765625 0.0078125 0.0046875
3 0.8375 0.565625 0.009375 0.0046875
3 0.77890625 0.55390625 0.0078125 0.0046875
3 0.96328125 0.58984375 0.0109375 0.00625