3 0.83359375 0.55703125 0.025 0.009375
3 0.96796875 0.56015625 0.0296875 0.0125
3 0.99375 0.5515625 0.0125 0.003125
3 0.93203125 0.55078125 0.0109375 0.003125
3 0.87265625 0.54921875 0.0109375 0.003125
3 0.8140625 0.5484375 0.009375 0.003125
3 0.759375 0.546875 0.009375 0.003125
3 0.653125 0.54609375 0.00625 0.0015625
3 0.7046875 0.54609375 0.0078125 0.003125
3 0.6046875 0.54453125 0.0046875 0.003125
3 0.00859375 0.5390625 0.015625 0.003125
3 0.05859375 0.540625 0.015625 0.003125
3 0.10859375 0.53984375 0.0140625 0.003125
3 0.1640625 0.54140625 0.0140625 0.003125
3 0.21875 0.54296875 0.0125 0.003125
3 0.275 0.54375 0.0109375 0.003125
3 0.3640625 0.5390625 0.0046875 0.0015625
3 0.334375 0.53828125 0.0046875 0.0015625
3 0.3046875 0.53828125 0.0046875 0.0015625