3 0.171875 0.55625 0.05 0.0203125
3 0.25625 0.546875 0.0390625 0.015625
3 0.3125 0.5390625 0.03125 0.015625
3 0.3515625 0.5359375 0.0265625 0.0140625
3 0.384375 0.53125 0.021875 0.009375
3 0.40625 0.528125 0.01875 0.0078125
3 0.425 0.5265625 0.0171875 0.0078125
3 0.4421875 0.525 0.0140625 0.00625
3 0.4828125 0.51875 0.0078125 0.0046875
3 0.4546875 0.5234375 0.0109375 0.00625
3 0.465625 0.521875 0.009375 0.0046875
3 0.475 0.5203125 0.0078125 0.00625
3 0.028125 0.5375 0.0234375 0.0078125
3 0.08125 0.5328125 0.021875 0.00625
3 0.125 0.53125 0.01875 0.00625
3 0.159375 0.528125 0.015625 0.00625
3 0.1890625 0.528125 0.015625 0.0046875
3 0.215625 0.5265625 0.0140625 0.0046875
3 0.2359375 0.525 0.0140625 0.0046875
3 0.784375 0.540625 0.040625 0.0171875
3 0.490625 0.51875 0.00625 0.0046875
3 0.496875 0.5171875 0.00625 0.0046875