0 0.27421875 0.59375 0.06875 0.046875
3 0.65859375 0.625 0.015625 0.009375
3 0.67890625 0.6296875 0.0171875 0.009375
3 0.7046875 0.6359375 0.0203125 0.0125
3 0.734375 0.64453125 0.021875 0.0109375
3 0.77265625 0.653125 0.025 0.0125
3 0.640625 0.6203125 0.015625 0.009375
3 0.625 0.6171875 0.0125 0.00625
3 0.61171875 0.61328125 0.0125 0.00625
3 0.8171875 0.6640625 0.028125 0.015625
3 0.0296875 0.5234375 0.025 0.0125
3 0.60078125 0.61171875 0.0109375 0.0046875
3 0.590625 0.6078125 0.009375 0.0046875
3 0.5796875 0.60625 0.009375 0.0046875
3 0.571875 0.6046875 0.00625 0.003125
3 0.56640625 0.60234375 0.0078125 0.003125
3 0.56015625 0.60078125 0.0078125 0.003125
3 0.55390625 0.5984375 0.0078125 0.003125
3 0.54453125 0.596875 0.0078125 0.0046875
0 0.29609375 0.5859375 0.05625 0.03125
0 0.3125 0.5828125 0.0453125 0.0265625
0 0.32421875 0.5796875 0.0359375 0.0203125