3 0.74609375 0.38046875 0.2546875 0.1375
3 0.0953125 0.1984375 0.0234375 0.009375
3 0.05390625 0.18125 0.0078125 0.003125
3 0.10390625 0.17890625 0.0078125 0.003125
3 0.15234375 0.17578125 0.0078125 0.0015625
3 0.21875 0.1890625 0.021875 0.009375
3 0.26328125 0.1765625 0.0140625 0.0046875
3 0.3296875 0.18203125 0.0203125 0.0078125
3 0.35234375 0.171875 0.0125 0.0046875
3 0.428125 0.17734375 0.0203125 0.00625
3 0.43203125 0.16796875 0.0109375 0.0046875
3 0.44296875 0.1609375 0.0078125 0.0046875
3 0.48203125 0.16015625 0.009375 0.0046875
3 0.50546875 0.16328125 0.0125 0.003125
3 0.51484375 0.17109375 0.0203125 0.00625
0 0.53671875 0.15625 0.0421875 0.0046875
3 0.57421875 0.159375 0.0125 0.0046875
3 0.59296875 0.1671875 0.01875 0.00625
0 0.60703125 0.15234375 0.0421875 0.00625
3 0.64140625 0.15546875 0.0125 0.0046875
3 0.6546875 0.14921875 0.0078125 0.0046875
3 0.6390625 0.14765625 0.00625 0.0015625
3 0.6703125 0.146875 0.00625 0.0015625
3 0.6859375 0.14609375 0.0078125 0.003125
3 0.70078125 0.15234375 0.0125 0.003125
3 0.7171875 0.1453125 0.00625 0.003125
3 0.7453125 0.14453125 0.0078125 0.003125
3 0.75859375 0.1484375 0.0125 0.003125
3 0.7734375 0.14140625 0.0078125 0.003125
3 0.8015625 0.140625 0.0078125 0.003125
3 0.809375 0.1453125 0.0125 0.003125
3 0.8578125 0.1421875 0.0125 0.003125
3 0.903125 0.1390625 0.0125 0.003125
3 0.09140625 0.0796875 0.0234375 0.009375
3 0.0515625 0.1 0.0078125 0.003125
3 0.1015625 0.09765625 0.0078125 0.003125
3 0.15 0.09765625 0.0078125 0.0015625
3 0.21484375 0.0796875 0.021875 0.009375
3 0.26015625 0.0890625 0.0140625 0.0046875
3 0.32578125 0.07890625 0.0203125 0.0078125
3 0.34921875 0.0875 0.0125 0.0046875
3 0.42421875 0.07734375 0.0203125 0.00625
3 0.42890625 0.08671875 0.0109375 0.0046875
3 0.440625 0.0921875 0.0078125 0.0046875
3 0.4796875 0.09140625 0.009375 0.0046875
3 0.50234375 0.0859375 0.0125 0.003125
3 0.51171875 0.07734375 0.0203125 0.00625
0 0.534375 0.090625 0.0421875 0.0046875
3 0.571875 0.084375 0.0125 0.0046875
3 0.58984375 0.0765625 0.01875 0.00625
0 0.6046875 0.08984375 0.0421875 0.00625
3 0.6390625 0.08359375 0.0125 0.0046875
3 0.653125 0.08984375 0.0078125 0.0046875
3 0.6375 0.0921875 0.00625 0.0015625
3 0.66875 0.090625 0.00625 0.0015625
3 0.684375 0.08984375 0.0078125 0.003125
3 0.6984375 0.08359375 0.0125 0.003125
3 0.715625 0.0890625 0.00625 0.003125
3 0.74375 0.08828125 0.0078125 0.003125
3 0.75625 0.0828125 0.0125 0.003125
3 0.771875 0.0890625 0.0078125 0.003125
3 0.8 0.0875 0.0078125 0.003125
3 0.8078125 0.0828125 0.0125 0.003125
3 0.85625 0.0828125 0.0125 0.003125
3 0.9015625 0.0828125 0.0125 0.003125