3 0.40625 0.546875 0.05625 0.0265625
3 0.1296875 0.5421875 0.05625 0.021875
3 0.7703125 0.534375 0.0484375 0.0484375
3 0.95625 0.5015625 0.0140625 0.015625
3 0.8171875 0.5046875 0.015625 0.00625
3 0.6953125 0.5046875 0.015625 0.00625
3 0.5953125 0.5046875 0.0171875 0.0046875
3 0.496875 0.5046875 0.0109375 0.00625
3 0.4125 0.50625 0.0125 0.0046875
3 0.3234375 0.50625 0.0140625 0.0046875
3 0.2515625 0.50625 0.015625 0.0046875
3 0.190625 0.50625 0.0140625 0.0046875
3 0.1234375 0.50625 0.0140625 0.0046875
3 0.0671875 0.50625 0.0140625 0.003125
3 0.0140625 0.50625 0.0140625 0.003125