3 0.38671875 0.4140625 0.14375 0.1390625
3 0.75390625 0.55234375 0.0890625 0.090625
3 0.8125 0.1734375 0.109375 0.153125
3 0.9078125 0.18359375 0.109375 0.15625
3 0.80703125 0.68515625 0.090625 0.0890625
3 0.7171875 0.80625 0.0828125 0.08125
3 0.78984375 0.79453125 0.0796875 0.075
3 0.9140625 0.096875 0.0484375 0.046875
3 0.778125 0.01875 0.1 0.0375
3 0.85078125 0.9328125 0.08125 0.0375
3 0.7296875 0.8765625 0.0828125 0.08125
3 0.8015625 0.8625 0.0796875 0.075
3 0.89609375 0.0109375 0.0484375 0.021875