3 0.5671875 0.45703125 0.071875 0.0640625
3 0.6515625 0.38515625 0.040625 0.0296875
3 0.359375 0.41640625 0.046875 0.028125
3 0.08984375 0.44140625 0.0546875 0.0296875
3 0.04453125 0.5046875 0.0890625 0.059375
3 0.96328125 0.35 0.04375 0.03125
3 0.92890625 0.31640625 0.0265625 0.0140625
3 0.5078125 0.35859375 0.0125 0.0078125
3 0.59453125 0.35 0.0109375 0.00625
3 0.08203125 0.40625 0.015625 0.0078125
3 0.00546875 0.41484375 0.0109375 0.0078125
3 0.16640625 0.39609375 0.015625 0.0078125
3 0.42109375 0.36953125 0.0140625 0.0078125
3 0.7765625 0.32890625 0.0125 0.0078125
3 0.96484375 0.309375 0.015625 0.0078125
3 0.9234375 0.309375 0.0125 0.00625
3 0.87109375 0.31875 0.0140625 0.0078125
3 0.84765625 0.3171875 0.0109375 0.00625
3 0.76953125 0.325 0.0109375 0.0078125
3 0.696875 0.334375 0.009375 0.0078125
3 0.68515625 0.340625 0.0109375 0.0078125
3 0.62265625 0.34296875 0.0078125 0.00625
3 0.54921875 0.35234375 0.009375 0.00625
3 0.478125 0.359375 0.009375 0.00625
3 0.40859375 0.36796875 0.009375 0.00625
3 0.33515625 0.378125 0.0125 0.0078125
3 0.33984375 0.375 0.0109375 0.00625
3 0.3140625 0.371875 0.00625 0.003125
3 0.27109375 0.38203125 0.0109375 0.00625
3 0.25 0.3875 0.0125 0.0078125
3 0.2046875 0.38828125 0.0109375 0.00625
3 0.1390625 0.39609375 0.0125 0.00625
3 0.07578125 0.40234375 0.0125 0.00625
3 0.01328125 0.41015625 0.0125 0.00625