0 0.3703125 0.4453125 0.1328125 0.0171875
0 0.2796875 0.4453125 0.1140625 0.015625
0 0.4796875 0.44375 0.1546875 0.01875
0 0.775 0.440625 0.2234375 0.0234375
0 0.6125 0.4421875 0.1859375 0.0203125
3 0.259375 0.5171875 0.1015625 0.0484375
3 0.0328125 0.50390625 0.065625 0.0359375
3 0.6640625 0.5328125 0.1296875 0.0609375
3 0.1671875 0.446875 0.0296875 0.0125
1 0.78125 0.39375 0.009375 0.03125
3 0.80625 0.4296875 0.028125 0.0078125
3 0.925 0.4296875 0.03125 0.0078125
3 0.7078125 0.43125 0.0265625 0.0078125
3 0.625 0.4328125 0.0234375 0.0078125
3 0.496875 0.434375 0.021875 0.0046875
3 0.5546875 0.434375 0.0234375 0.00625