3 0.4109375 0.59375 0.065625 0.034375
3 0.0921875 0.56484375 0.09375 0.025
3 0.84140625 0.6265625 0.0984375 0.0453125
3 0.92265625 0.56796875 0.0203125 0.0046875
3 0.83203125 0.56171875 0.015625 0.0046875
3 0.74609375 0.55625 0.0140625 0.0046875
3 0.66484375 0.5515625 0.0109375 0.0046875
3 0.58671875 0.546875 0.009375 0.0046875
3 0.51328125 0.5421875 0.009375 0.0046875
3 0.44296875 0.53828125 0.0109375 0.003125
3 0.37890625 0.53359375 0.0109375 0.003125
3 0.41796875 0.5296875 0.0046875 0.0015625
3 0.45078125 0.53203125 0.0046875 0.0015625
3 0.48515625 0.534375 0.0046875 0.0015625
3 0.51953125 0.5359375 0.0046875 0.0015625
3 0.55703125 0.53828125 0.003125 0.0015625
3 0.59296875 0.540625 0.003125 0.0015625
3 0.63046875 0.54296875 0.0046875 0.0015625
3 0.66953125 0.5453125 0.0046875 0.0015625
3 0.70859375 0.54765625 0.0046875 0.0015625
3 0.74765625 0.55 0.00625 0.0015625