3 0.40546875 0.54453125 0.2875 0.209375
3 0.7015625 0.4359375 0.0984375 0.0625
3 0.28515625 0.31796875 0.0984375 0.06875
3 0.47109375 0.32421875 0.0578125 0.0359375
3 0.2234375 0.253125 0.0578125 0.0359375
3 0.9921875 0.45078125 0.015625 0.0140625
3 0.9546875 0.4328125 0.021875 0.0125
3 0.8875 0.41953125 0.025 0.015625
3 0.86484375 0.40546875 0.0203125 0.0125
3 0.771875 0.38515625 0.0234375 0.0140625
3 0.6515625 0.3515625 0.025 0.015625
3 0.67890625 0.35234375 0.0203125 0.0140625
3 0.58125 0.32265625 0.01875 0.0140625
3 0.52734375 0.31484375 0.025 0.015625
3 0.61875 0.3296875 0.0171875 0.0109375
3 0.54453125 0.30859375 0.015625 0.0109375
3 0.48046875 0.29453125 0.0203125 0.0125
3 0.465625 0.28515625 0.015625 0.009375
3 0.39765625 0.2765625 0.0265625 0.015625
3 0.37734375 0.26328125 0.021875 0.0140625
3 0.26328125 0.2375 0.0265625 0.0140625
3 0.25546875 0.22890625 0.01875 0.0125
3 0.27421875 0.23203125 0.01875 0.0140625
3 0.21171875 0.2109375 0.015625 0.0109375
3 0.29921875 0.2359375 0.015625 0.0109375
3 0.11875 0.1953125 0.0234375 0.0125
3 0.1359375 0.19375 0.0234375 0.0125
3 0.121875 0.18359375 0.015625 0.0109375
3 0.09296875 0.17109375 0.0109375 0.0078125
3 0.240625 0.21328125 0.0109375 0.00625
3 0.33203125 0.23828125 0.0078125 0.0046875
3 0.403125 0.25703125 0.0109375 0.00625
3 0.42890625 0.26875 0.0109375 0.00625
3 0.4390625 0.2703125 0.009375 0.00625
3 0.4875 0.28671875 0.0109375 0.00625
3 0.57734375 0.31484375 0.0140625 0.0078125
3 0.6046875 0.32109375 0.009375 0.0046875
3 0.63828125 0.33359375 0.015625 0.009375
3 0.66171875 0.3375 0.009375 0.0046875
3 0.7015625 0.3515625 0.0140625 0.0078125
3 0.7734375 0.37734375 0.01875 0.0109375
3 0.75859375 0.36875 0.009375 0.00625
3 0.7171875 0.3546875 0.0125 0.0078125
3 0.81953125 0.38671875 0.0140625 0.0078125
3 0.878125 0.40390625 0.0140625 0.009375
3 0.98984375 0.43515625 0.0140625 0.0078125
3 0.93359375 0.4203125 0.0140625 0.0078125
3 0.984375 0.43046875 0.0125 0.0078125
3 0.9265625 0.41171875 0.0140625 0.0078125