2 0.3329848703125 0.7127635031249999 0.44253853750000005 0.6989548625 0.3887840296875 0.5371344828125 0.3474049625 0.4420720828125 0.332068415625 0.4199781953125 0.26464101093750003 0.4194180671875 0.2094788640625 0.474128065625 0.18174210625 0.5994247921875 0.134250096875 0.708416171875 0.12108189375 0.7725058859375 0.3329848703125 0.7127635031249999
2 0.4420155515625 0.4244810765625 0.3536631984375 0.43606141718749997 0.39380019375 0.5557248671874999 0.4499175859375 0.6744734218749999 0.4570124625 0.6691395171875001 0.61603356875 0.608837584375 0.621500796875 0.5807336734375 0.5574737265625 0.5324044609375 0.5000228703125 0.481089975 0.4420155515625 0.4244810765625
2 0.4480313515625 0.4307311109375 0.4969902140625 0.4959380890625 0.633657521875 0.5725735640625 0.7403493484375 0.5315363343749999 0.7541496328124999 0.48802715 0.6663655734375 0.461312534375 0.583601625 0.4386585515625 0.5064181859375 0.41082975 0.4480313515625 0.4307311109375
2 0.7824796187499999 0.5026377625 0.8383980203125001 0.47381935625000005 0.7481457234375 0.438187725 0.662512046875 0.41736473749999997 0.5687121875 0.3844000703125 0.5192486875 0.416363546875 0.6484316546875 0.46549158281249997 0.7824796187499999 0.5026377625
2 0.75530225625 0.35331812500000004 0.6736928609375 0.334366253125 0.65296458125 0.35566248749999996 0.632558290625 0.3654543234375 0.6100733515625001 0.39917044218750003 0.85026384375 0.4636020171875 0.9091282296875001 0.409797225 0.8854390406249999 0.4115223640625 0.7885647078125 0.4002925453125 0.75530225625 0.35331812500000004
2 0.371875 0.315625 0.05 0.0453125
2 0.33515625 0.31953125 0.040625 0.0421875
2 0.24609375 0.32421875 0.0953125 0.034375
2 0.12265625 0.33203125 0.11875 0.0390625
3 0.0859375 0.71796875 0.0671875 0.06875
3 0.1109375 0.63828125 0.075 0.08125
3 0.13203125 0.5734375 0.059375 0.0375
3 0.1546875 0.5359375 0.0546875 0.0390625