3 0.30390625 0.503125 0.1265625 0.0734375
0 0.64296875 0.5359375 0.24375 0.103125
0 0.74609375 0.54453125 0.1453125 0.065625
3 0.3671875 0.4453125 0.0515625 0.0296875
3 0.51328125 0.47265625 0.04375 0.025
3 0.61953125 0.49140625 0.0375 0.0203125
3 0.7 0.50390625 0.0359375 0.0203125
3 0.75546875 0.51328125 0.034375 0.01875
3 0.790625 0.51796875 0.03125 0.015625
3 0.8578125 0.528125 0.0125 0.0125
3 0.86640625 0.54765625 0.04375 0.0265625
3 0.83828125 0.546875 0.05 0.0296875
3 0.815625 0.521875 0.0203125 0.0125
3 0.89375 0.54765625 0.015625 0.015625