3 0.6375 0.56953125 0.0265625 0.015625
3 0.8109375 0.5546875 0.028125 0.01875
3 0.52109375 0.58125 0.025 0.015625
3 0.43671875 0.58828125 0.021875 0.0125
3 0.37421875 0.59375 0.0203125 0.009375
3 0.3265625 0.5984375 0.0171875 0.0078125
3 0.2859375 0.6015625 0.015625 0.0078125
3 0.253125 0.6046875 0.0140625 0.00625
3 0.2265625 0.60625 0.0125 0.00625
3 0.165625 0.61171875 0.0109375 0.0046875
3 0.1515625 0.61328125 0.009375 0.003125
3 0.13828125 0.615625 0.009375 0.0046875
3 0.125 0.615625 0.009375 0.003125
3 0.10390625 0.61796875 0.0078125 0.003125
3 0.11328125 0.61640625 0.0078125 0.003125
0 0.19375 0.61015625 0.03125 0.0078125