2 0.5234375 0.6296875 0.9078125 0.253125
2 0.2046875 0.490625 0.109375 0.0328125
2 0.0640625 0.5078125 0.1 0.025
2 0.4078125 0.4734375 0.0390625 0.0109375
2 0.703125 0.4421875 0.025 0.0078125
2 0.603125 0.440625 0.0375 0.009375
2 0.8484375 0.4296875 0.05625 0.0546875
2 0.7421875 0.440625 0.0359375 0.0078125
2 0.7953125 0.4375 0.015625 0.015625
2 0.653125 0.4421875 0.0390625 0.009375
3 0.1546875 0.6890625 0.03125 0.028125
3 0.5890625 0.46875 0.0453125 0.0078125
3 0.503125 0.4734375 0.028125 0.00625