2 0.4859375 0.5390625 0.8125 0.5953125
2 0.4625 0.25390625 0.165625 0.059375
2 0.62890625 0.2375 0.1234375 0.0484375
2 0.72265625 0.234375 0.1109375 0.0375
2 0.76796875 0.23203125 0.109375 0.0546875
2 0.81953125 0.22890625 0.0828125 0.0484375
2 0.91484375 0.2203125 0.1265625 0.071875
2 0.24375 0.275 0.1296875 0.0375
2 0.1375 0.63359375 0.275 0.3671875
3 0.41796875 0.7078125 0.0640625 0.0671875
3 0.25625 0.6578125 0.05625 0.0546875
2 0.44140625 0.01484375 0.1640625 0.0296875
2 0.6078125 0.00625 0.121875 0.0125
2 0.221875 0.02734375 0.128125 0.0203125