3 0.715625 0.33203125 0.1765625 0.128125
3 0.9828125 0.13671875 0.025 0.00625
3 0.80625 0.14609375 0.0234375 0.0109375
3 0.7828125 0.134375 0.009375 0.0046875
3 0.709375 0.14296875 0.009375 0.0046875
3 0.653125 0.15859375 0.021875 0.009375
3 0.615625 0.14765625 0.0078125 0.003125
3 0.665625 0.14375 0.0078125 0.003125
3 0.71875 0.13828125 0.0078125 0.003125
3 0.575 0.1546875 0.0109375 0.0015625
3 0.5671875 0.15234375 0.0078125 0.003125
3 0.5234375 0.1546875 0.0078125 0.0015625
3 0.5140625 0.159375 0.0109375 0.003125
3 0.52265625 0.16875 0.0234375 0.00625
3 0.41015625 0.1765625 0.0234375 0.00625
3 0.45546875 0.16484375 0.0109375 0.003125
3 0.4796875 0.15859375 0.0078125 0.003125
3 0.40234375 0.16875 0.009375 0.003125
3 0.31171875 0.184375 0.0234375 0.0078125
3 0.30078125 0.17578125 0.0109375 0.003125
3 0.35078125 0.17265625 0.0109375 0.0015625
3 0.36015625 0.16953125 0.0078125 0.003125
3 0.39765625 0.1671875 0.0078125 0.003125
3 0.22421875 0.1921875 0.0234375 0.009375
3 0.21015625 0.18359375 0.009375 0.003125
3 0.07265625 0.2015625 0.0234375 0.00625
3 0.14453125 0.196875 0.0234375 0.0078125
3 0.0109375 0.20625 0.0125 0.0078125
3 0.9828125 0.13046875 0.025 0.00625
3 0.80703125 0.11484375 0.0234375 0.0109375
3 0.7828125 0.125 0.009375 0.0046875
3 0.71015625 0.11484375 0.009375 0.0046875
3 0.65390625 0.09609375 0.021875 0.009375
3 0.61640625 0.10703125 0.0078125 0.003125
3 0.66640625 0.1125 0.0078125 0.003125
3 0.71953125 0.11953125 0.0078125 0.003125
3 0.57578125 0.0984375 0.0109375 0.0015625
3 0.56796875 0.09921875 0.0078125 0.003125
3 0.52421875 0.0953125 0.0078125 0.0015625
3 0.51484375 0.090625 0.0109375 0.003125
3 0.52421875 0.08125 0.0234375 0.00625
3 0.4125 0.0703125 0.0234375 0.00625
3 0.45703125 0.08359375 0.0109375 0.003125
3 0.48046875 0.08984375 0.0078125 0.003125
3 0.40390625 0.078125 0.009375 0.003125
3 0.3140625 0.059375 0.0234375 0.0078125
3 0.303125 0.0671875 0.0109375 0.003125
3 0.353125 0.07265625 0.0109375 0.0015625
3 0.36171875 0.07578125 0.0078125 0.003125
3 0.39921875 0.0796875 0.0078125 0.003125
3 0.2265625 0.0484375 0.0234375 0.009375
3 0.2125 0.05546875 0.009375 0.003125
3 0.075 0.0328125 0.0234375 0.00625
3 0.146875 0.040625 0.0234375 0.0078125
3 0.01484375 0.025 0.0125 0.0078125