3 0.4125 0.5671875 0.01875 0.0078125
3 0.5 0.5703125 0.0203125 0.0078125
3 0.6140625 0.571875 0.021875 0.0078125
3 0.7640625 0.5765625 0.021875 0.009375
3 0.3421875 0.565625 0.01875 0.00625
3 0.284375 0.5640625 0.01875 0.003125
3 0.234375 0.5625 0.0171875 0.0046875
3 0.1953125 0.5625 0.015625 0.003125
3 0.159375 0.5609375 0.015625 0.003125
3 0.128125 0.559375 0.0140625 0.003125
3 0.1 0.559375 0.0140625 0.003125
3 0.0765625 0.5578125 0.0140625 0.0015625
3 0.0546875 0.5578125 0.0140625 0.0015625
3 0.034375 0.5578125 0.0125 0.0015625
3 0.015625 0.5578125 0.0125 0.0015625