3 0.165625 0.546875 0.0125 0.003125
3 0.19375 0.546875 0.0109375 0.003125
3 0.221875 0.546875 0.0125 0.003125
3 0.259375 0.546875 0.0125 0.003125
3 0.30625 0.546875 0.0140625 0.0046875
3 0.35 0.546875 0.0140625 0.0046875
3 0.4046875 0.546875 0.0125 0.00625
3 0.46875 0.546875 0.0125 0.00625
3 0.5421875 0.5484375 0.0140625 0.0078125
3 0.63125 0.546875 0.0109375 0.0078125
3 0.73125 0.5484375 0.0125 0.0078125
3 0.853125 0.5484375 0.015625 0.0078125
3 0.990625 0.55 0.0171875 0.0078125
0 0.1015625 0.5828125 0.2015625 0.034375
0 0.2859375 0.5984375 0.33125 0.0609375