3 0.5859375 0.5203125 0.0578125 0.0328125
3 0.72421875 0.51796875 0.046875 0.028125
3 0.85859375 0.5640625 0.078125 0.0453125
3 0.54296875 0.49296875 0.0375 0.021875
3 0.4328125 0.4953125 0.046875 0.025
3 0.446875 0.4796875 0.0328125 0.0171875
3 0.334375 0.47734375 0.0390625 0.01875
3 0.26015625 0.46640625 0.034375 0.01875
3 0.20703125 0.45703125 0.0296875 0.015625
3 0.1640625 0.45 0.025 0.0109375
3 0.128125 0.4453125 0.0234375 0.0109375
3 0.09765625 0.43984375 0.0203125 0.009375
3 0.94765625 0.5109375 0.015625 0.009375
3 0.875 0.5125 0.0234375 0.0109375
3 0.84375 0.5 0.0140625 0.0078125
3 0.97578125 0.51015625 0.0109375 0.0046875
3 0.9109375 0.503125 0.0109375 0.0046875
3 0.74140625 0.49765625 0.0203125 0.0109375
3 0.7578125 0.49296875 0.0140625 0.0078125
3 0.6828125 0.4859375 0.0125 0.00625
3 0.6375 0.48671875 0.01875 0.009375
3 0.61796875 0.47890625 0.0125 0.00625
3 0.55078125 0.478125 0.015625 0.0078125
3 0.56171875 0.47265625 0.0109375 0.00625
3 0.5125 0.46796875 0.0109375 0.00625
3 0.55625 0.4671875 0.00625 0.0015625
3 0.32421875 0.45 0.0078125 0.003125
3 0.03046875 0.43046875 0.015625 0.00625
3 0.04921875 0.43359375 0.0171875 0.00625
3 0.07265625 0.4375 0.01875 0.0078125
3 0.35703125 0.453125 0.009375 0.0046875
3 0.390625 0.45625 0.009375 0.0046875
3 0.421875 0.46484375 0.0140625 0.00625
3 0.48046875 0.4703125 0.015625 0.0078125
3 0.46875 0.4640625 0.009375 0.0046875
3 0.428125 0.4609375 0.009375 0.0046875
3 0.5859375 0.46953125 0.00625 0.0015625
3 0.61875 0.47265625 0.00625 0.0015625
3 0.65234375 0.47578125 0.00625 0.003125
3 0.68828125 0.48046875 0.00625 0.0015625
3 0.72890625 0.48359375 0.00625 0.0015625
3 0.77109375 0.4875 0.00625 0.003125
3 0.8 0.49296875 0.009375 0.003125
3 0.815625 0.49140625 0.00625 0.003125
3 0.8671875 0.49609375 0.0078125 0.0015625
3 0.9203125 0.50078125 0.0078125 0.003125