3 0.0984375 0.565625 0.0546875 0.021875
3 0.5375 0.5390625 0.0296875 0.0125
3 0.5828125 0.5375 0.0265625 0.0109375
3 0.6171875 0.534375 0.0265625 0.009375
3 0.6546875 0.53125 0.0234375 0.0078125
3 0.6859375 0.5296875 0.021875 0.0078125
3 0.7125 0.528125 0.01875 0.00625
3 0.734375 0.5265625 0.0171875 0.00625
3 0.775 0.5234375 0.015625 0.00625
3 0.79375 0.521875 0.015625 0.0078125
0 0.2859375 0.5546875 0.14375 0.0234375
0 0.3765625 0.5484375 0.1171875 0.021875
0 0.4515625 0.54375 0.0984375 0.0203125
3 0.75625 0.525 0.0171875 0.00625
2 0.5296875 0.515625 0.0234375 0.009375