3 0.30234375 0.61015625 0.178125 0.175
3 0.71015625 0.66953125 0.1125 0.078125
3 0.93515625 0.66953125 0.0671875 0.0765625
3 0.14765625 0.475 0.028125 0.015625
3 0.2765625 0.49921875 0.028125 0.0140625
3 0.38515625 0.5203125 0.025 0.0140625
3 0.47890625 0.53828125 0.0203125 0.0125
0 0.10234375 0.44765625 0.1125 0.028125
0 0.1921875 0.46640625 0.1 0.028125
1 0.4578125 0.51015625 0.00625 0.01875
3 0.55078125 0.55234375 0.021875 0.0109375
3 0.615625 0.56484375 0.0203125 0.009375
3 0.67109375 0.575 0.0171875 0.009375
3 0.7171875 0.584375 0.015625 0.009375
3 0.76015625 0.5921875 0.015625 0.0078125
3 0.7984375 0.6 0.015625 0.0078125
0 0.29609375 0.48828125 0.1140625 0.028125
0 0.3734375 0.503125 0.071875 0.0203125