3 0.403125 0.3953125 0.125 0.11875
3 0.740625 0.5953125 0.0765625 0.078125
3 0.8640625 0.2328125 0.0859375 0.140625
3 0.95625 0.259375 0.0859375 0.14375
3 0.7703125 0.7359375 0.078125 0.0765625
3 0.6609375 0.8390625 0.071875 0.0703125
3 0.734375 0.840625 0.0703125 0.0640625
3 0.978125 0.175 0.0421875 0.040625
3 0.86328125 0.04375 0.0859375 0.0875
3 0.95546875 0.03125 0.0859375 0.0625
3 0.7703125 0.9875 0.078125 0.025
3 0.6609375 0.9109375 0.071875 0.0703125
3 0.734375 0.909375 0.0703125 0.0640625
3 0.978125 0.075 0.0421875 0.040625