2 0.3921875 0.634375 0.653125 0.2890625
2 0.6328125 0.5453125 0.5578125 0.184375
2 0.59375 0.3671875 0.090625 0.0265625
2 0.1015625 0.3796875 0.1703125 0.0671875
2 0.85625 0.484375 0.284375 0.0984375
2 0.86875 0.409375 0.2609375 0.0734375
3 0.45 0.7375 0.0328125 0.0515625
3 0.0203125 0.659375 0.0234375 0.021875
3 0.08125 0.6359375 0.028125 0.01875
3 0.6578125 0.6 0.11875 0.0453125
3 0.8140625 0.515625 0.0515625 0.025
3 0.8890625 0.525 0.0265625 0.0171875
3 0.9484375 0.5328125 0.0390625 0.0234375
3 0.44921875 0.99296875 0.0328125 0.0140625