3 0.4234375 0.5234375 0.1015625 0.08125
3 0.0328125 0.51796875 0.03125 0.01875
3 0.1078125 0.5046875 0.0328125 0.0203125
3 0.1984375 0.48515625 0.0359375 0.021875
3 0.228125 0.46328125 0.021875 0.0125
3 0.18828125 0.47109375 0.01875 0.0109375
3 0.27734375 0.45234375 0.021875 0.0125
3 0.30078125 0.4625 0.0375 0.021875
3 0.334375 0.44140625 0.0234375 0.0140625
3 0.4 0.4265625 0.0234375 0.0140625
3 0.415625 0.440625 0.0375 0.021875
3 0.4765625 0.4109375 0.025 0.0140625
3 0.55234375 0.41171875 0.0421875 0.0265625
3 0.56328125 0.3921875 0.0265625 0.0171875
3 0.6609375 0.37109375 0.0265625 0.0171875
3 0.70859375 0.38046875 0.046875 0.028125
3 0.77578125 0.34765625 0.028125 0.0171875
3 0.90390625 0.31875 0.0296875 0.01875
3 0.896875 0.34140625 0.0484375 0.03125