0 0.36875 0.45 0.1328125 0.021875
0 0.278125 0.453125 0.1140625 0.0203125
0 0.478125 0.44453125 0.1546875 0.0234375
0 0.77265625 0.43125 0.2234375 0.03125
0 0.61015625 0.43828125 0.1859375 0.0265625
3 0.26015625 0.52578125 0.103125 0.0515625
3 0.03359375 0.5203125 0.0671875 0.0375
3 0.66484375 0.52734375 0.13125 0.065625
3 0.165625 0.45859375 0.0296875 0.0140625
1 0.77734375 0.384375 0.0109375 0.03125
3 0.80390625 0.41875 0.028125 0.009375
3 0.92265625 0.41484375 0.03125 0.009375
3 0.70546875 0.42421875 0.0265625 0.009375
3 0.62265625 0.428125 0.0234375 0.009375
3 0.49453125 0.434375 0.021875 0.0046875
3 0.55234375 0.4328125 0.0234375 0.0078125