3 0.290625 0.553125 0.0609375 0.0421875
3 0.6125 0.61875 0.05625 0.0453125
3 0.93984375 0.678125 0.075 0.0578125
3 0.01796875 0.50078125 0.0359375 0.0359375
3 0.05 0.47265625 0.0234375 0.0109375
3 0.134375 0.490625 0.0234375 0.0125
3 0.225 0.50703125 0.021875 0.009375
3 0.315625 0.52421875 0.01875 0.0109375
3 0.40703125 0.5421875 0.015625 0.0109375
3 0.50078125 0.5609375 0.015625 0.009375
3 0.59453125 0.57890625 0.0171875 0.0109375
3 0.68984375 0.59609375 0.01875 0.0109375
3 0.78515625 0.6140625 0.021875 0.0109375
3 0.87890625 0.6328125 0.0234375 0.0109375
3 0.9703125 0.6515625 0.01875 0.009375
3 0.83359375 0.6171875 0.0109375 0.0046875
3 0.7328125 0.59765625 0.009375 0.0046875
3 0.68359375 0.58828125 0.009375 0.0046875
3 0.6328125 0.578125 0.0078125 0.0046875
3 0.534375 0.559375 0.00625 0.0046875
3 0.58359375 0.56875 0.00625 0.0046875
3 0.48671875 0.5515625 0.00625 0.003125
3 0.4390625 0.5421875 0.0078125 0.003125