3 0.6609375 0.58125 0.0421875 0.028125
3 0.3484375 0.575 0.05 0.021875
3 0.1015625 0.5703125 0.059375 0.0203125
3 0.9890625 0.540625 0.0140625 0.0046875
3 0.915625 0.540625 0.0125 0.0046875
3 0.846875 0.540625 0.0109375 0.0046875
3 0.8640625 0.5375 0.00625 0.0015625
3 0.7796875 0.540625 0.009375 0.0046875
3 0.81875 0.5375 0.00625 0.0015625
3 0.715625 0.5421875 0.0078125 0.003125
3 0.73125 0.5375 0.0046875 0.0015625
3 0.6921875 0.5375 0.0046875 0.0015625
3 0.6546875 0.540625 0.00625 0.003125
3 0.5953125 0.540625 0.00625 0.003125
3 0.634375 0.5390625 0.0421875 0.0015625
0 0.5609375 0.5390625 0.0390625 0.0015625
0 0.528125 0.5390625 0.0375 0.0015625
3 0.540625 0.5421875 0.00625 0.003125
3 0.478125 0.5390625 0.0046875 0.0015625
3 0.4875 0.540625 0.00625 0.003125
3 0.446875 0.5390625 0.0046875 0.0015625
3 0.4359375 0.540625 0.0078125 0.003125
3 0.3875 0.5390625 0.0046875 0.0015625
3 0.3859375 0.5421875 0.0078125 0.003125
3 0.4171875 0.5375 0.0046875 0.0015625
3 0.3390625 0.5421875 0.009375 0.003125