3 0.7015625 0.56328125 0.1546875 0.0828125
3 0.46640625 0.5328125 0.0828125 0.0390625
3 0.371875 0.521875 0.05625 0.028125
3 0.31953125 0.51875 0.0453125 0.0203125
3 0.2875 0.51484375 0.0375 0.015625
3 0.803125 0.4015625 0.028125 0.0125
3 0.8953125 0.38671875 0.0328125 0.0140625
3 0.728125 0.4125 0.025 0.0125
3 0.6703125 0.42265625 0.021875 0.0109375
3 0.6203125 0.42890625 0.0203125 0.009375
3 0.57734375 0.43515625 0.0171875 0.0078125
3 0.54140625 0.44140625 0.015625 0.0078125
3 0.5109375 0.4453125 0.0140625 0.00625
3 0.4828125 0.45 0.0125 0.00625
3 0.459375 0.453125 0.0109375 0.00625
3 0.2640625 0.51171875 0.028125 0.009375
3 0.25390625 0.5078125 0.0234375 0.0109375
3 0.23125 0.50625 0.0203125 0.009375
3 0.2171875 0.50625 0.009375 0.00625
3 0.2609375 0.48671875 0.009375 0.0046875
3 0.253125 0.4875 0.00625 0.0015625
3 0.246875 0.48828125 0.00625 0.003125
3 0.240625 0.4890625 0.0046875 0.003125
3 0.234375 0.48984375 0.0046875 0.0015625
3 0.228125 0.490625 0.0046875 0.003125
3 0.4375 0.45546875 0.0109375 0.0046875
3 0.503125 0.43828125 0.00625 0.0015625
3 0.51875 0.4359375 0.00625 0.0015625
3 0.5359375 0.4328125 0.00625 0.0015625
3 0.553125 0.43046875 0.00625 0.0015625
3 0.57265625 0.4265625 0.0078125 0.003125
3 0.59453125 0.42265625 0.0078125 0.003125
3 0.61953125 0.41953125 0.009375 0.003125
3 0.6453125 0.41484375 0.009375 0.003125
3 0.675 0.409375 0.009375 0.0046875
3 0.68984375 0.40390625 0.0078125 0.003125
3 0.70859375 0.40390625 0.0109375 0.0046875
3 0.7140625 0.4 0.0078125 0.003125
3 0.740625 0.39453125 0.0078125 0.003125
3 0.746875 0.396875 0.009375 0.0046875
3 0.76953125 0.38984375 0.0078125 0.003125
3 0.7890625 0.390625 0.0125 0.0046875
3 0.80234375 0.384375 0.009375 0.003125
3 0.83828125 0.38125 0.0125 0.0046875
3 0.8375 0.378125 0.009375 0.003125
3 0.87578125 0.3703125 0.009375 0.003125
3 0.8953125 0.37265625 0.0140625 0.00625
3 0.91953125 0.36328125 0.0109375 0.003125
3 0.96640625 0.359375 0.0171875 0.00625
3 0.9671875 0.3546875 0.0109375 0.0046875