3 0.225 0.5765625 0.075 0.028125
3 0.61796875 0.62734375 0.0625 0.040625
3 0.02578125 0.54921875 0.0515625 0.0234375
3 0.14296875 0.5234375 0.0078125 0.0046875
3 0.17109375 0.52578125 0.009375 0.003125
3 0.20390625 0.528125 0.0109375 0.003125
3 0.2421875 0.53203125 0.009375 0.003125
1 0.24609375 0.52109375 0.003125 0.009375
3 0.284375 0.53515625 0.0109375 0.003125
3 0.334375 0.53984375 0.009375 0.0046875
3 0.3921875 0.5453125 0.009375 0.003125
3 0.45546875 0.55 0.009375 0.0046875
3 0.53046875 0.55703125 0.009375 0.003125
3 0.61015625 0.5609375 0.0109375 0.00625
3 0.6953125 0.5703125 0.0109375 0.0046875