3 0.5015625 0.55 0.0171875 0.00625
3 0.5375 0.546875 0.0140625 0.00625
3 0.565625 0.546875 0.0125 0.00625
3 0.553125 0.54375 0.0109375 0.0046875
3 0.590625 0.5453125 0.0109375 0.0046875
3 0.615625 0.54375 0.0109375 0.0046875
3 0.6359375 0.54375 0.00625 0.0046875
3 0.6578125 0.5421875 0.009375 0.003125
3 0.64375 0.5421875 0.00625 0.003125
3 0.6671875 0.5421875 0.0078125 0.003125
3 0.678125 0.5421875 0.0078125 0.003125
3 0.6953125 0.5421875 0.0078125 0.003125
3 0.5140625 0.5453125 0.0125 0.0046875
3 0.465625 0.546875 0.0140625 0.0046875
3 0.40625 0.5453125 0.0109375 0.00625
3 0.3375 0.546875 0.0109375 0.00625
3 0.25625 0.5484375 0.0109375 0.00625
3 0.275 0.55 0.0109375 0.0046875
3 0.0265625 0.5515625 0.0140625 0.0078125
3 0.0078125 0.553125 0.015625 0.0078125
3 0.1546875 0.55 0.0140625 0.009375