3 0.43515625 0.56953125 0.034375 0.0171875
0 0.71015625 0.55859375 0.190625 0.021875
3 0.92265625 0.55078125 0.0375 0.015625
3 0.8328125 0.53984375 0.0125 0.00625
3 0.7453125 0.54140625 0.009375 0.00625
3 0.6671875 0.54296875 0.0078125 0.0046875
3 0.59375 0.54375 0.00625 0.0046875
3 0.525 0.54609375 0.0078125 0.0046875
3 0.459375 0.546875 0.0078125 0.0046875
3 0.39375 0.54921875 0.009375 0.0046875
3 0.2015625 0.55234375 0.009375 0.0046875
3 0.134375 0.5546875 0.0125 0.003125
3 0.2671875 0.5515625 0.009375 0.0046875
3 0.5515625 0.54375 0.00625 0.003125
3 0.6046875 0.54140625 0.00625 0.0015625
3 0.7125 0.53984375 0.00625 0.003125
3 0.6578125 0.54140625 0.00625 0.003125
3 0.93125 0.53828125 0.0125 0.00625
3 0.9578125 0.534375 0.0109375 0.0046875
3 0.76875 0.5390625 0.0078125 0.003125