3 0.61484375 0.6125 0.0390625 0.0234375
3 0.6 0.59609375 0.021875 0.0140625
3 0.2796875 0.53046875 0.009375 0.0046875
3 0.30078125 0.53515625 0.0125 0.0046875
3 0.31484375 0.5359375 0.0078125 0.003125
3 0.34609375 0.54140625 0.0109375 0.003125
3 0.34453125 0.53828125 0.0078125 0.003125
3 0.38359375 0.5453125 0.009375 0.0046875
3 0.4125 0.54921875 0.0078125 0.003125
3 0.5953125 0.5859375 0.0125 0.0078125
3 0.61171875 0.58046875 0.00625 0.0046875
3 0.61796875 0.5796875 0.0046875 0.003125
3 0.62578125 0.58046875 0.0046875 0.0015625
3 0.63203125 0.58203125 0.0046875 0.0015625
3 0.63984375 0.58125 0.0046875 0.0015625
3 0.64921875 0.5828125 0.0046875 0.0015625
3 0.65859375 0.58359375 0.0046875 0.0015625
3 0.66796875 0.58515625 0.003125 0.0015625
3 0.67734375 0.58515625 0.003125 0.0015625
3 0.68828125 0.58671875 0.003125 0.0015625