3 0.9515625 0.559375 0.0296875 0.0109375
3 0.8203125 0.5546875 0.0234375 0.009375
3 0.6984375 0.55 0.01875 0.009375
3 0.58125 0.5453125 0.0140625 0.009375
3 0.471875 0.540625 0.0140625 0.009375
3 0.3671875 0.5359375 0.015625 0.0078125
3 0.265625 0.5328125 0.01875 0.009375
3 0.1703125 0.5296875 0.021875 0.0078125
3 0.078125 0.5265625 0.0265625 0.009375
3 0.2046875 0.5234375 0.009375 0.0015625
3 0.24375 0.525 0.009375 0.003125
3 0.2859375 0.525 0.0078125 0.003125
3 0.3296875 0.5265625 0.0078125 0.003125
3 0.375 0.5296875 0.00625 0.003125
3 0.41875 0.5296875 0.00625 0.003125
3 0.465625 0.5328125 0.00625 0.003125
3 0.5125 0.534375 0.00625 0.003125
3 0.5609375 0.5359375 0.00625 0.003125
3 0.609375 0.5375 0.00625 0.003125
3 0.6609375 0.5390625 0.00625 0.003125
3 0.7125 0.5421875 0.0078125 0.003125
3 0.765625 0.54375 0.009375 0.0046875
3 0.81875 0.5453125 0.009375 0.003125
3 0.8734375 0.546875 0.0125 0.003125
3 0.9296875 0.55 0.0125 0.003125
3 0.9875 0.5515625 0.0140625 0.003125