3 0.6875 0.490625 0.1453125 0.06875
3 0.4265625 0.43125 0.0921875 0.03125
3 0.2875 0.4015625 0.071875 0.0234375
3 0.2046875 0.384375 0.05625 0.0203125
3 0.1453125 0.371875 0.046875 0.01875
3 0.1046875 0.3625 0.0359375 0.0125
3 0.6734375 0.353125 0.028125 0.009375
3 0.7578125 0.353125 0.04375 0.01875
3 0.8734375 0.3640625 0.0515625 0.0203125
3 0.5953125 0.35 0.025 0.009375
3 0.5296875 0.346875 0.0234375 0.009375
3 0.4765625 0.34375 0.021875 0.009375
3 0.428125 0.3421875 0.01875 0.009375
3 0.384375 0.3390625 0.01875 0.0078125
3 0.3484375 0.3375 0.0171875 0.00625
3 0.0734375 0.35625 0.034375 0.0109375