3 0.16171875 0.54765625 0.0390625 0.021875
3 0.203125 0.54765625 0.0515625 0.028125
3 0.29375 0.54609375 0.0703125 0.0390625
3 0.5671875 0.5484375 0.1453125 0.0921875
3 0.67421875 0.41328125 0.0203125 0.0109375
3 0.775 0.39296875 0.0234375 0.0125
3 0.9171875 0.36328125 0.0296875 0.015625
3 0.59765625 0.4296875 0.0171875 0.0078125
3 0.54375 0.43984375 0.0140625 0.00625
3 0.54765625 0.4296875 0.00625 0.003125
3 0.5265625 0.434375 0.0046875 0.003125
3 0.56953125 0.425 0.00625 0.003125
3 0.59375 0.41875 0.00625 0.003125
3 0.62109375 0.4140625 0.00625 0.003125
3 0.6515625 0.40703125 0.00625 0.003125
3 0.68515625 0.39921875 0.0078125 0.003125
3 0.725 0.390625 0.0078125 0.003125
3 0.76875 0.38046875 0.0078125 0.003125
3 0.77734375 0.375 0.00625 0.003125
3 0.82109375 0.36796875 0.009375 0.0046875
3 0.8203125 0.36484375 0.00625 0.003125
3 0.88046875 0.35625 0.009375 0.0046875
3 0.86875 0.35390625 0.0078125 0.003125
3 0.925 0.340625 0.0078125 0.003125
3 0.95078125 0.33984375 0.0109375 0.00625