0 0.2328125 0.5546875 0.18125 0.0171875
0 0.4046875 0.5484375 0.1015625 0.0078125
0 0.2109375 0.5421875 0.115625 0.0078125
0 0.103125 0.540625 0.125 0.009375
0 0.4921875 0.55 0.096875 0.0078125
3 0.4390625 0.5578125 0.0296875 0.0125
3 0.5546875 0.559375 0.0265625 0.0140625
3 0.6125 0.553125 0.0140625 0.00625
3 0.578125 0.546875 0.0140625 0.0046875
3 0.65625 0.5625 0.0265625 0.0109375
3 0.6875 0.5546875 0.015625 0.00625
3 0.7453125 0.5625 0.025 0.0109375
3 0.7578125 0.55625 0.015625 0.00625
0 0.8546875 0.559375 0.078125 0.0078125
3 0.94375 0.5609375 0.015625 0.00625
3 0.99375 0.5625 0.009375 0.0046875
3 0.53125 0.546875 0.0125 0.0046875
3 0.4765625 0.5453125 0.0125 0.0046875
3 0.4484375 0.540625 0.009375 0.003125
3 0.4171875 0.54375 0.0125 0.0046875
0 0.31875 0.540625 0.08125 0.0078125
0 0.3921875 0.540625 0.05 0.0046875
2 0.3453125 0.53125 0.0140625 0.003125
3 0.2328125 0.5375 0.0109375 0.003125
3 0.2453125 0.5375 0.009375 0.0015625
3 0.2140625 0.5390625 0.0140625 0.00625
3 0.2015625 0.5359375 0.009375 0.0015625
3 0.178125 0.5359375 0.0125 0.0046875
3 0.140625 0.5375 0.015625 0.00625
3 0.1171875 0.534375 0.0125 0.0046875
3 0.1359375 0.5296875 0.00625 0.003125
3 0.16875 0.5296875 0.00625 0.0015625
3 0.08125 0.5296875 0.009375 0.003125
3 0.103125 0.528125 0.00625 0.003125
3 0.0625 0.5328125 0.015625 0.0078125
3 0.0703125 0.528125 0.00625 0.003125
3 0.0328125 0.528125 0.009375 0.003125
3 0.0015625 0.525 0.003125 0.003125
3 0.2 0.53125 0.00625 0.0015625
3 0.2328125 0.53125 0.00625 0.0015625
3 0.2640625 0.5328125 0.00625 0.0015625
3 0.3296875 0.5390625 0.0109375 0.0046875