2 0.50078125 0.52890625 0.5640625 0.5484375
2 0.765625 0.62734375 0.46875 0.3734375
2 0.83984375 0.509375 0.3203125 0.30625
2 0.76171875 0.26875 0.196875 0.1078125
2 0.5640625 0.24375 0.1734375 0.08125
2 0.29140625 0.1859375 0.1390625 0.075
2 0.13046875 0.1484375 0.1203125 0.0734375
2 0.58203125 0.190625 0.190625 0.09375
3 0.39296875 0.64375 0.046875 0.04375
3 0.296875 0.4296875 0.034375 0.0390625
3 0.4921875 0.240625 0.0140625 0.0140625
3 0.44765625 0.2328125 0.0078125 0.00625
3 0.81640625 0.5609375 0.1140625 0.0890625
3 0.93046875 0.6203125 0.1203125 0.103125
3 0.690625 0.49609375 0.10625 0.08125
3 0.7 0.725 0.0484375 0.078125
3 0.703125 0.66171875 0.028125 0.034375
3 0.61171875 0.653125 0.034375 0.028125
2 0.8046875 0.09921875 0.196875 0.1078125
2 0.6171875 0.03359375 0.171875 0.0671875
2 0.60859375 0.084375 0.190625 0.09375
3 0.5515625 0.0015625 0.0125 0.003125