0 0.18046875 0.521875 0.3609375 0.109375
0 0.5140625 0.5890625 0.45625 0.125
3 0.0625 0.459375 0.0265625 0.0109375
3 0.1453125 0.47578125 0.025 0.0109375
3 0.2328125 0.490625 0.021875 0.0109375
3 0.328125 0.509375 0.021875 0.0109375
3 0.30625 0.49609375 0.0078125 0.0046875
3 0.26640625 0.4890625 0.0078125 0.0046875
3 0.34765625 0.50390625 0.0078125 0.0046875
3 0.390625 0.51328125 0.0078125 0.0046875
3 0.43515625 0.52109375 0.00625 0.0046875
3 0.228125 0.48046875 0.009375 0.0046875
3 0.478125 0.53046875 0.00625 0.0046875
3 0.18828125 0.4734375 0.009375 0.0046875
3 0.1515625 0.46640625 0.009375 0.0046875
3 0.1140625 0.46015625 0.009375 0.0046875
3 0.07890625 0.453125 0.0109375 0.0046875
3 0.04375 0.446875 0.0109375 0.003125
3 0.009375 0.440625 0.0109375 0.0046875