0 0.23125 0.5453125 0.18125 0.0234375
0 0.403125 0.5453125 0.1015625 0.0109375
0 0.209375 0.53203125 0.115625 0.0125
0 0.1015625 0.5265625 0.125 0.0140625
0 0.490625 0.55 0.096875 0.0109375
3 0.43671875 0.55546875 0.0296875 0.0140625
3 0.55234375 0.5609375 0.0265625 0.015625
3 0.6109375 0.55703125 0.0140625 0.00625
3 0.5765625 0.54921875 0.0140625 0.0046875
3 0.65390625 0.56796875 0.0265625 0.0125
3 0.68515625 0.5609375 0.015625 0.00625
3 0.74296875 0.57109375 0.025 0.0125
3 0.75546875 0.56484375 0.015625 0.00625
0 0.85234375 0.571875 0.078125 0.0109375
3 0.94140625 0.5765625 0.015625 0.00625
3 0.99140625 0.5796875 0.009375 0.0046875
3 0.5296875 0.54765625 0.0125 0.0046875
3 0.475 0.54453125 0.0125 0.0046875
3 0.446875 0.5390625 0.009375 0.003125
3 0.415625 0.540625 0.0125 0.0046875
0 0.3171875 0.534375 0.08125 0.0109375
0 0.390625 0.53671875 0.05 0.00625
2 0.34453125 0.52578125 0.0140625 0.003125
3 0.23203125 0.528125 0.0109375 0.003125
3 0.24453125 0.52890625 0.009375 0.0015625
3 0.2125 0.52890625 0.0140625 0.00625
3 0.20078125 0.52578125 0.009375 0.0015625
3 0.17734375 0.525 0.0125 0.0046875
3 0.13984375 0.525 0.015625 0.00625
3 0.11640625 0.52109375 0.0125 0.0046875
3 0.13515625 0.5171875 0.00625 0.003125
3 0.16796875 0.51796875 0.00625 0.0015625
3 0.08046875 0.51484375 0.009375 0.003125
3 0.10234375 0.5140625 0.00625 0.003125
3 0.06171875 0.5171875 0.015625 0.0078125
3 0.06953125 0.51328125 0.00625 0.003125
3 0.03203125 0.51171875 0.009375 0.003125
3 0.00078125 0.5078125 0.0015625 0.003125
3 0.19921875 0.52109375 0.00625 0.0015625
3 0.23203125 0.521875 0.00625 0.0015625
3 0.26328125 0.52421875 0.00625 0.0015625
3 0.328125 0.5328125 0.0109375 0.0046875