3 0.89921875 0.53515625 0.0390625 0.015625
3 0.68984375 0.54453125 0.028125 0.015625
3 0.5 0.5546875 0.0203125 0.015625
3 0.303125 0.56484375 0.0296875 0.015625
3 0.115625 0.575 0.0390625 0.0140625
3 0.64375 0.5296875 0.00625 0.003125
3 0.69375 0.52734375 0.0078125 0.003125
3 0.7421875 0.525 0.0078125 0.003125
3 0.79375 0.521875 0.009375 0.003125
3 0.84375 0.51953125 0.009375 0.003125
3 0.8921875 0.5171875 0.009375 0.003125
3 0.9421875 0.5140625 0.0109375 0.003125
3 0.990625 0.51171875 0.0125 0.003125
3 0.97734375 0.509375 0.0078125 0.0015625
3 0.94375 0.5109375 0.0078125 0.0015625
3 0.9078125 0.51328125 0.00625 0.0015625