3 0.775 0.50078125 0.0859375 0.05
3 0.528125 0.525 0.075 0.0421875
3 0.35390625 0.54609375 0.0625 0.0328125
3 0.2328125 0.56015625 0.053125 0.0265625
3 0.15234375 0.5625 0.04375 0.025
3 0.0875 0.57109375 0.0359375 0.0203125
3 0.0359375 0.57734375 0.0375 0.0203125
3 0.98515625 0.4 0.00625 0.00625
3 0.95703125 0.4015625 0.0109375 0.00625
3 0.94453125 0.41015625 0.015625 0.0078125
3 0.9171875 0.41875 0.01875 0.009375
3 0.9125 0.40859375 0.009375 0.0046875
3 0.91953125 0.41171875 0.0125 0.0046875
3 0.8703125 0.4203125 0.0140625 0.0078125
3 0.82421875 0.43359375 0.0171875 0.009375
3 0.85390625 0.421875 0.0125 0.00625
3 0.86875 0.415625 0.009375 0.0046875
3 0.83046875 0.42109375 0.009375 0.0046875
3 0.79921875 0.43125 0.01875 0.009375
3 0.740625 0.44453125 0.0171875 0.009375
3 0.6671875 0.4578125 0.015625 0.0078125
3 0.68359375 0.45 0.0125 0.00625
3 0.69375 0.446875 0.009375 0.0046875
3 0.64921875 0.4546875 0.0109375 0.0046875
3 0.63203125 0.4578125 0.0109375 0.0046875
3 0.60390625 0.4671875 0.015625 0.0078125
3 0.60859375 0.46015625 0.009375 0.0046875
3 0.5859375 0.465625 0.0109375 0.0046875
3 0.571875 0.46640625 0.009375 0.0046875
3 0.54375 0.4765625 0.0140625 0.0078125
3 0.490625 0.484375 0.0140625 0.00625
3 0.50546875 0.478125 0.0125 0.0046875
3 0.54453125 0.471875 0.009375 0.0046875
3 0.53671875 0.47265625 0.00625 0.0046875
3 0.73984375 0.43984375 0.015625 0.00625
3 0.44140625 0.49140625 0.0125 0.0046875
3 0.396875 0.49921875 0.0125 0.0046875
3 0.3578125 0.5046875 0.0125 0.0046875
3 0.32109375 0.5109375 0.0109375 0.0046875
3 0.34453125 0.50078125 0.00625 0.003125
3 0.38046875 0.49609375 0.00625 0.003125
3 0.32734375 0.503125 0.00625 0.003125
3 0.28515625 0.515625 0.0109375 0.0046875
3 0.253125 0.52109375 0.0109375 0.0046875
3 0.290625 0.51171875 0.00625 0.003125
3 0.24609375 0.51953125 0.009375 0.003125
3 0.225 0.5234375 0.0078125 0.0046875
3 0.23359375 0.5203125 0.0078125 0.003125
3 0.27109375 0.51484375 0.00625 0.003125
3 0.2046875 0.5265625 0.0078125 0.0046875
3 0.215625 0.5234375 0.0078125 0.003125
3 0.1859375 0.528125 0.0078125 0.003125
3 0.15234375 0.534375 0.00625 0.0046875
3 0.16796875 0.53125 0.0078125 0.003125
3 0.13671875 0.53671875 0.0078125 0.003125
3 0.12109375 0.53828125 0.00625 0.003125
3 0.10546875 0.540625 0.00625 0.003125
3 0.09375 0.54296875 0.00625 0.003125
3 0.0796875 0.5453125 0.00625 0.003125
3 0.03359375 0.55546875 0.009375 0.0046875
3 0.0171875 0.55859375 0.0078125 0.003125
3 0.071875 0.546875 0.00625 0.003125
3 0.36171875 0.49921875 0.00625 0.003125
3 0.3984375 0.4921875 0.00625 0.003125
3 0.3109375 0.50625 0.00625 0.003125
3 0.2953125 0.509375 0.0046875 0.003125
3 0.28125 0.51171875 0.0046875 0.003125
3 0.0609375 0.5484375 0.00625 0.003125