3 0.19296875 0.45078125 0.2203125 0.1234375
3 0.62578125 0.4484375 0.109375 0.0546875
3 0.76875 0.4453125 0.075 0.0359375
3 0.83203125 0.44296875 0.0546875 0.028125
3 0.8578125 0.4390625 0.040625 0.0203125
3 0.91015625 0.41796875 0.0109375 0.0046875
3 0.865625 0.43203125 0.034375 0.015625
3 0.875 0.41171875 0.0125 0.00625
3 0.93671875 0.4234375 0.0109375 0.0046875
3 0.978125 0.43828125 0.01875 0.0078125
3 0.9953125 0.440625 0.009375 0.009375
3 0.9578125 0.428125 0.0125 0.00625
3 0.971875 0.4296875 0.0109375 0.0046875
3 0.99609375 0.43203125 0.0078125 0.0046875