3 0.92265625 0.58671875 0.0625 0.034375
3 0.6453125 0.54765625 0.040625 0.0296875
3 0.47734375 0.52109375 0.0296875 0.0234375
3 0.3609375 0.503125 0.0296875 0.0171875
3 0.278125 0.48828125 0.0296875 0.0125
3 0.21875 0.4796875 0.025 0.0109375
3 0.17109375 0.4703125 0.021875 0.0125
3 0.1359375 0.46484375 0.021875 0.0109375
3 0.1046875 0.4609375 0.021875 0.0109375
3 0.16328125 0.46171875 0.0078125 0.0046875
3 0.18046875 0.4640625 0.009375 0.0046875
3 0.19375 0.465625 0.009375 0.0046875
3 0.2140625 0.46796875 0.0109375 0.0046875
3 0.2375 0.47109375 0.009375 0.0046875
3 0.2609375 0.4734375 0.0109375 0.0046875
3 0.290625 0.47734375 0.0109375 0.0046875
3 0.32265625 0.48125 0.0125 0.00625
3 0.36015625 0.4875 0.0109375 0.00625
3 0.4 0.490625 0.0109375 0.00625
3 0.45 0.4984375 0.0125 0.00625
3 0.66484375 0.528125 0.0109375 0.00625
3 0.7703125 0.54140625 0.015625 0.009375
3 0.578125 0.515625 0.0125 0.00625
3 0.50859375 0.50703125 0.0140625 0.00625
3 0.4765625 0.4984375 0.0078125 0.0046875
3 0.5015625 0.5 0.00625 0.0015625
3 0.515625 0.5015625 0.00625 0.003125
3 0.5296875 0.50390625 0.0046875 0.0015625
3 0.54765625 0.5078125 0.0078125 0.0046875
3 0.55859375 0.50703125 0.00625 0.0015625
3 0.59296875 0.51171875 0.00625 0.0015625
3 0.63046875 0.515625 0.00625 0.0015625
3 0.6734375 0.52109375 0.00625 0.003125
3 0.7203125 0.52734375 0.00625 0.003125
3 0.77265625 0.53359375 0.00625 0.003125
3 0.83359375 0.5421875 0.009375 0.0046875
3 0.9 0.55078125 0.009375 0.00625
3 0.97578125 0.56015625 0.0125 0.0046875