3 0.1953125 0.54375 0.059375 0.028125
3 0.31953125 0.5421875 0.04375 0.021875
3 0.3921875 0.5421875 0.0328125 0.015625
3 0.440625 0.5421875 0.0265625 0.0125
3 0.4796875 0.5453125 0.0234375 0.0109375
3 0.5125 0.5453125 0.01875 0.009375
3 0.540625 0.546875 0.0171875 0.0078125
3 0.565625 0.54765625 0.0140625 0.0078125
3 0.5921875 0.54921875 0.015625 0.0078125
3 0.615625 0.553125 0.0109375 0.0046875
3 0.6359375 0.55390625 0.0125 0.0046875
3 0.6578125 0.55546875 0.0109375 0.0046875
3 0.67734375 0.5578125 0.009375 0.0046875
3 0.60859375 0.54453125 0.0046875 0.0015625
3 0.62890625 0.546875 0.003125 0.0015625
3 0.63671875 0.54765625 0.0046875 0.0015625
3 0.64609375 0.5484375 0.003125 0.0015625
3 0.59921875 0.54375 0.0046875 0.0015625
3 0.58984375 0.5421875 0.0046875 0.0015625
3 0.58046875 0.54140625 0.0046875 0.0015625
3 0.57109375 0.5421875 0.0046875 0.0015625
3 0.56328125 0.53984375 0.0046875 0.0015625
3 0.55546875 0.540625 0.00625 0.0015625
3 0.54765625 0.53984375 0.00625 0.0015625
3 0.52734375 0.5375 0.00625 0.003125
3 0.51953125 0.53671875 0.00625 0.003125
3 0.50859375 0.53671875 0.0078125 0.0046875
3 0.46484375 0.534375 0.0109375 0.0046875
3 0.4984375 0.53125 0.0046875 0.0015625
3 0.4828125 0.5296875 0.0046875 0.0015625
0 0.521875 0.53359375 0.01875 0.003125
3 0.4671875 0.528125 0.0046875 0.0015625
3 0.45 0.5265625 0.0046875 0.0015625
3 0.4328125 0.52421875 0.0046875 0.0015625
3 0.4453125 0.52578125 0.003125 0.0015625
3 0.42734375 0.521875 0.0046875 0.0015625
3 0.415625 0.52265625 0.0046875 0.0015625
3 0.39765625 0.5203125 0.00625 0.0015625
3 0.37734375 0.51875 0.00625 0.0015625
3 0.35859375 0.51640625 0.00625 0.0015625
3 0.3359375 0.5203125 0.0125 0.00625
3 0.33671875 0.515625 0.00625 0.0015625
3 0.31953125 0.515625 0.0078125 0.0046875
0 0.30234375 0.5125 0.0328125 0.00625
3 0.32890625 0.51328125 0.0046875 0.0015625
3 0.26640625 0.51015625 0.009375 0.0046875
3 0.25546875 0.51171875 0.0140625 0.0078125
3 0.22890625 0.5046875 0.009375 0.0046875
3 0.20703125 0.50390625 0.009375 0.0046875
3 0.209375 0.50078125 0.00625 0.0015625
3 0.18125 0.49765625 0.0078125 0.003125
3 0.16171875 0.50390625 0.0140625 0.0078125
3 0.1390625 0.496875 0.0109375 0.00625
3 0.15 0.49453125 0.0078125 0.0046875
3 0.11484375 0.490625 0.0078125 0.0046875
3 0.05 0.4921875 0.015625 0.009375
3 0.0609375 0.48984375 0.0125 0.00625
3 0.07734375 0.48671875 0.009375 0.0046875
3 0.26015625 0.5078125 0.0078125 0.0046875