3 0.4734375 0.603125 0.2328125 0.103125
3 0.9078125 0.3453125 0.0265625 0.0140625
3 0.759375 0.34375 0.025 0.0140625
3 0.73125 0.3609375 0.0390625 0.015625
3 0.6234375 0.3421875 0.025 0.0140625
3 0.55625 0.3578125 0.0375 0.015625
3 0.49375 0.340625 0.025 0.0125
3 0.4 0.353125 0.0375 0.0140625
3 0.3734375 0.3390625 0.0234375 0.0109375
3 0.25625 0.3515625 0.0328125 0.0140625
3 0.2609375 0.3375 0.025 0.0109375
3 0.1265625 0.3484375 0.034375 0.0109375
3 0.15625 0.3359375 0.0234375 0.0109375
3 0.05625 0.3328125 0.0234375 0.0109375
3 0.0109375 0.3453125 0.021875 0.0125