1 0.33359375 0.45703125 0.0078125 0.009375
2 0.20625 0.4265625 0.0109375 0.00625
3 0.6265625 0.55390625 0.0046875 0.003125
3 0.60859375 0.55625 0.0078125 0.0046875
3 0.61875 0.56015625 0.0125 0.0078125
3 0.63359375 0.565625 0.0140625 0.0078125
3 0.6515625 0.571875 0.015625 0.0078125
3 0.67734375 0.5828125 0.0171875 0.009375
3 0.3 0.47421875 0.015625 0.0078125
3 0.31640625 0.475 0.0125 0.0078125
3 0.33046875 0.47734375 0.0171875 0.009375
3 0.34453125 0.47890625 0.009375 0.0046875
3 0.3515625 0.48046875 0.009375 0.0046875
3 0.3609375 0.48125 0.009375 0.0046875
3 0.3703125 0.48359375 0.009375 0.0046875
3 0.38125 0.48671875 0.009375 0.0046875
3 0.38984375 0.4890625 0.0078125 0.0046875
3 0.39921875 0.490625 0.0078125 0.0046875
3 0.41015625 0.4921875 0.0078125 0.0046875
3 0.42109375 0.49453125 0.00625 0.003125
3 0.4296875 0.496875 0.00625 0.003125
3 0.60234375 0.553125 0.00625 0.0046875
3 0.6203125 0.55234375 0.00625 0.003125
3 0.615625 0.5515625 0.0046875 0.003125
3 0.61328125 0.55078125 0.003125 0.0015625
3 0.60703125 0.54921875 0.00625 0.003125