3 0.1734375 0.584375 0.121875 0.05
3 0.45625 0.575 0.075 0.0328125
3 0.5890625 0.57109375 0.0515625 0.0265625
3 0.66328125 0.5671875 0.04375 0.0203125
3 0.7078125 0.56484375 0.0375 0.0171875
3 0.9328125 0.565625 0.0140625 0.00625
3 0.96015625 0.5703125 0.0171875 0.0078125
2 0.8984375 0.55078125 0.01875 0.00625
2 0.075 0.47109375 0.0453125 0.015625
3 0.0625 0.484375 0.025 0.0140625
3 0.121875 0.48984375 0.021875 0.0109375
3 0.73828125 0.5625 0.0296875 0.0125
3 0.77734375 0.5484375 0.0109375 0.0046875
3 0.696875 0.53671875 0.0078125 0.0046875
3 0.71484375 0.54375 0.009375 0.0046875
3 0.72734375 0.546875 0.0140625 0.0046875
3 0.75546875 0.5609375 0.01875 0.0078125
3 0.78828125 0.54765625 0.009375 0.0046875
3 0.7484375 0.54140625 0.0078125 0.0046875
3 0.7578125 0.54296875 0.00625 0.003125
3 0.7703125 0.54296875 0.00625 0.0015625
3 0.98671875 0.57421875 0.0125 0.0078125