3 0.0890625 0.50625 0.0765625 0.05
3 0.05625 0.446875 0.040625 0.0234375
3 0.54375 0.49375 0.0734375 0.040625
3 0.5734375 0.4453125 0.040625 0.021875
3 0.6109375 0.4140625 0.01875 0.009375
3 0.528125 0.4140625 0.0203125 0.0078125
3 0.434375 0.4140625 0.021875 0.009375
3 0.3453125 0.4453125 0.04375 0.021875
3 0.2125 0.4125 0.0234375 0.009375
3 0.3296875 0.4125 0.021875 0.0109375
3 0.8546875 0.48125 0.0703125 0.034375
3 0.759375 0.44375 0.040625 0.01875
3 0.9171875 0.4421875 0.0390625 0.0171875
3 0.9234375 0.4140625 0.0171875 0.00625
3 0.875 0.4140625 0.0171875 0.0078125
3 0.81875 0.4140625 0.01875 0.0078125
3 0.75625 0.4140625 0.01875 0.009375
3 0.6875 0.4140625 0.0203125 0.009375
3 0.078125 0.4109375 0.021875 0.0109375
3 0.190625 0.4078125 0.0140625 0.00625
3 0.140625 0.4015625 0.0125 0.0046875
3 0.103125 0.40625 0.0140625 0.0046875
3 0.0671875 0.4015625 0.0109375 0.0046875
3 0.00625 0.40625 0.0125 0.00625
3 0.2078125 0.403125 0.0109375 0.0046875
3 0.2734375 0.4078125 0.0140625 0.0046875
3 0.3484375 0.409375 0.0140625 0.0046875