0 0.3921875 0.5875 0.046875 0.01875
0 0.43046875 0.58046875 0.059375 0.021875
3 0.33203125 0.5984375 0.0109375 0.00625
3 0.35234375 0.5953125 0.0109375 0.00625
3 0.50859375 0.565625 0.021875 0.0140625
3 0.5921875 0.55234375 0.0265625 0.015625
3 0.58046875 0.54375 0.0140625 0.00625
3 0.2640625 0.6109375 0.009375 0.0046875
3 0.2734375 0.60859375 0.0078125 0.0046875
3 0.28125 0.60703125 0.0078125 0.0046875
3 0.290625 0.60625 0.0078125 0.0046875
3 0.30078125 0.60390625 0.0078125 0.0046875
3 0.31328125 0.60234375 0.009375 0.0046875
3 0.54375 0.55078125 0.009375 0.0046875
3 0.60859375 0.5390625 0.015625 0.00625
3 0.634375 0.534375 0.015625 0.00625
3 0.67109375 0.5265625 0.0203125 0.0078125
3 0.7125 0.51796875 0.0234375 0.009375
3 0.77265625 0.5078125 0.025 0.0109375
3 0.878125 0.48671875 0.03125 0.0125