3 0.2078125 0.56875 0.0328125 0.01875
3 0.44375 0.5671875 0.0296875 0.0171875
3 0.68125 0.5671875 0.0359375 0.0203125
3 0.9234375 0.5640625 0.0390625 0.0203125
0 0.725 0.5421875 0.11875 0.0109375
3 0.4578125 0.54375 0.0125 0.009375
3 0.1390625 0.546875 0.015625 0.0078125
3 0.24375 0.5453125 0.0125 0.0078125
3 0.11875 0.5421875 0.0125 0.00625
3 0.03125 0.5421875 0.0125 0.0046875
3 0.209375 0.5421875 0.0109375 0.00625
3 0.2984375 0.540625 0.0109375 0.0046875
3 0.096875 0.534375 0.009375 0.0046875
3 0.075 0.5359375 0.0078125 0.0046875
3 0.3515625 0.54375 0.0125 0.009375
3 0.3875 0.540625 0.009375 0.00625
3 0.4765625 0.5390625 0.0109375 0.00625
3 0.565625 0.54375 0.0125 0.0078125
3 0.65625 0.5390625 0.0109375 0.0046875
3 0.8796875 0.5421875 0.0140625 0.0078125
3 0.8328125 0.5390625 0.0125 0.0046875
3 0.9203125 0.5390625 0.0125 0.00625
3 0.9828125 0.5421875 0.015625 0.0078125
3 0.80625 0.5359375 0.009375 0.0046875
3 0.446875 0.5328125 0.0078125 0.0046875
3 0.378125 0.5328125 0.0078125 0.0046875
3 0.3078125 0.5328125 0.0078125 0.0046875
3 0.2375 0.5328125 0.009375 0.0046875
3 0.1578125 0.5359375 0.0078125 0.0046875
3 0.025 0.534375 0.009375 0.0046875