3 0.70390625 0.596875 0.0703125 0.0484375
3 0.8125 0.54765625 0.0296875 0.03125
3 0.840625 0.5390625 0.0140625 0.0125
3 0.9328125 0.56484375 0.028125 0.0125
3 0.73828125 0.51953125 0.021875 0.015625
3 0.65078125 0.51640625 0.0234375 0.015625
3 0.63671875 0.49453125 0.01875 0.0171875
3 0.4640625 0.47421875 0.0359375 0.0234375
3 0.4171875 0.44375 0.025 0.0171875
3 0.20703125 0.4859375 0.071875 0.0609375
3 0.2734375 0.43046875 0.034375 0.0296875
3 0.31484375 0.42109375 0.0265625 0.0203125
3 0.18984375 0.39375 0.028125 0.0203125
3 0.06015625 0.38125 0.03125 0.028125
3 0.07109375 0.3640625 0.025 0.015625