3 0.153125 0.50546875 0.021875 0.0140625
0 0.253125 0.5234375 0.1109375 0.0296875
0 0.31953125 0.53515625 0.053125 0.0203125
0 0.43046875 0.553125 0.0375 0.0140625
0 0.378125 0.54453125 0.0953125 0.028125
0 0.4796875 0.56328125 0.0890625 0.025
0 0.56484375 0.578125 0.0875 0.025
0 0.703125 0.603125 0.0625 0.0203125
0 0.84765625 0.6296875 0.05625 0.015625
3 0.7484375 0.61328125 0.015625 0.009375
3 0.778125 0.61640625 0.0140625 0.0078125
3 0.81484375 0.625 0.0140625 0.0078125
3 0.49765625 0.56171875 0.0078125 0.0046875
3 0.5453125 0.56953125 0.0078125 0.0046875
3 0.58984375 0.578125 0.0078125 0.0046875
3 0.6296875 0.5859375 0.0078125 0.0046875
0 0.63359375 0.59140625 0.0765625 0.021875
3 0.87890625 0.6375 0.015625 0.0078125
3 0.90859375 0.63984375 0.0140625 0.0078125
3 0.94765625 0.64765625 0.0125 0.00625
3 0.9390625 0.64921875 0.015625 0.00625