3 0.78125 0.58671875 0.0828125 0.0421875
3 0.425 0.55390625 0.0734375 0.0328125
3 0.1953125 0.534375 0.065625 0.0265625
3 0.028125 0.51875 0.05625 0.025
3 0.01328125 0.4796875 0.0140625 0.0046875
3 0.20703125 0.47578125 0.0046875 0.0015625
3 0.19140625 0.475 0.00625 0.0015625
3 0.22265625 0.478125 0.00625 0.0015625
3 0.22890625 0.48125 0.009375 0.0015625
3 0.23984375 0.478125 0.0046875 0.0015625
3 0.25390625 0.48203125 0.0109375 0.003125
3 0.25546875 0.47890625 0.0046875 0.0015625
3 0.27890625 0.4828125 0.0109375 0.003125
3 0.29140625 0.48046875 0.00625 0.0015625
3 0.30703125 0.48359375 0.009375 0.003125
3 0.30859375 0.48046875 0.0046875 0.0015625
3 0.33671875 0.48515625 0.009375 0.003125
3 0.32890625 0.48125 0.00625 0.0015625
3 0.34765625 0.48203125 0.00625 0.0015625
3 0.36953125 0.4828125 0.00625 0.0015625
3 0.3671875 0.4875 0.0109375 0.003125
3 0.38984375 0.48359375 0.00625 0.0015625
3 0.403125 0.4890625 0.0109375 0.0046875
3 0.41328125 0.484375 0.00625 0.003125
3 0.43671875 0.48515625 0.0078125 0.0015625
3 0.4390625 0.48984375 0.0109375 0.003125
3 0.4796875 0.49296875 0.0140625 0.0046875
3 0.525 0.49453125 0.0125 0.0046875
3 0.571875 0.49765625 0.0140625 0.00625
3 0.6265625 0.5 0.0140625 0.00625
3 0.64375 0.4953125 0.0109375 0.0046875
3 0.6890625 0.5015625 0.015625 0.00625
3 0.6953125 0.49765625 0.0109375 0.003125
3 0.7515625 0.50078125 0.0125 0.003125
3 0.7578125 0.5046875 0.015625 0.00625
3 0.8125 0.503125 0.0125 0.0046875
3 0.8390625 0.50859375 0.01875 0.0046875
3 0.878125 0.50546875 0.0109375 0.0046875
3 0.9296875 0.51171875 0.0203125 0.00625
3 0.9515625 0.5078125 0.0125 0.0046875