2 0.6828125 0.69765625 0.321875 0.1328125
3 0.51640625 0.6609375 0.009375 0.0109375
2 0.36796875 0.64765625 0.221875 0.096875
3 0.3546875 0.665625 0.00625 0.0109375
3 0.42890625 0.67109375 0.0078125 0.009375
3 0.41875 0.6640625 0.00625 0.009375
3 0.88203125 0.75234375 0.00625 0.00625
3 0.90078125 0.765625 0.0078125 0.0125
3 0.92578125 0.7671875 0.0109375 0.0125
3 0.940625 0.7703125 0.009375 0.0125
3 0.4578125 0.6828125 0.00625 0.009375
3 0.5203125 0.67578125 0.0109375 0.0109375
3 0.525 0.665625 0.009375 0.009375
3 0.53203125 0.6703125 0.0109375 0.009375
3 0.5171875 0.6671875 0.0078125 0.0078125
3 0.5265625 0.659375 0.0078125 0.00625
3 0.53359375 0.6796875 0.015625 0.0109375
3 0.5640625 0.6953125 0.009375 0.0171875
3 0.78203125 0.7375 0.0109375 0.0109375
3 0.796875 0.734375 0.0203125 0.0140625
2 0.92109375 0.75078125 0.0859375 0.0796875
3 0.88359375 0.75625 0.00625 0.0046875