3 0.5875 0.5125 0.05625 0.028125
3 0.725 0.4984375 0.0453125 0.025
3 0.8625 0.5328125 0.075 0.0390625
3 0.5421875 0.4890625 0.0359375 0.01875
3 0.4328125 0.5015625 0.0453125 0.021875
3 0.4453125 0.484375 0.03125 0.0140625
3 0.3328125 0.4921875 0.0375 0.015625
3 0.2578125 0.4875 0.0328125 0.015625
3 0.2046875 0.4828125 0.028125 0.0125
3 0.1609375 0.4796875 0.025 0.009375
3 0.125 0.478125 0.0234375 0.009375
3 0.09375 0.475 0.0203125 0.0078125
3 0.946875 0.471875 0.015625 0.0078125
3 0.875 0.4796875 0.0234375 0.009375
3 0.8421875 0.4703125 0.0140625 0.00625
3 0.975 0.46875 0.0109375 0.003125
3 0.909375 0.4671875 0.0109375 0.003125
3 0.740625 0.4765625 0.0203125 0.009375
3 0.75625 0.4703125 0.0140625 0.00625
3 0.68125 0.4703125 0.0125 0.0046875
3 0.6359375 0.475 0.01875 0.0078125
3 0.615625 0.46875 0.0125 0.0046875
3 0.5484375 0.4734375 0.015625 0.00625
3 0.559375 0.4671875 0.0109375 0.0046875
3 0.509375 0.4671875 0.0109375 0.0046875
3 0.553125 0.4625 0.00625 0.0015625
3 0.3203125 0.465625 0.0078125 0.003125
3 0.0265625 0.471875 0.015625 0.0046875
3 0.0453125 0.4734375 0.0171875 0.0046875
3 0.06875 0.475 0.01875 0.00625
3 0.353125 0.465625 0.009375 0.003125
3 0.3875 0.465625 0.009375 0.003125
3 0.41875 0.471875 0.0140625 0.0046875
3 0.478125 0.471875 0.015625 0.00625
3 0.465625 0.4671875 0.009375 0.003125
3 0.425 0.4671875 0.009375 0.003125
3 0.5828125 0.4625 0.00625 0.0015625
3 0.615625 0.4625 0.00625 0.0015625
3 0.65 0.4625 0.00625 0.003125
3 0.6859375 0.4640625 0.00625 0.0015625
3 0.7265625 0.4640625 0.00625 0.0015625
3 0.76875 0.4640625 0.00625 0.003125
3 0.7984375 0.4671875 0.009375 0.0015625
3 0.8140625 0.4640625 0.00625 0.003125
3 0.865625 0.4640625 0.0078125 0.0015625
3 0.91875 0.4640625 0.0078125 0.003125