3 0.734375 0.64921875 0.0734375 0.0296875
3 0.54765625 0.63984375 0.0578125 0.021875
3 0.41953125 0.6375 0.0484375 0.0203125
3 0.03125 0.628125 0.0234375 0.009375
3 0.0625 0.6296875 0.025 0.009375
3 0.0984375 0.63046875 0.0265625 0.009375
3 0.140625 0.6296875 0.0296875 0.0109375
3 0.1921875 0.63203125 0.0328125 0.0125
3 0.25234375 0.63359375 0.0359375 0.0140625
3 0.32734375 0.6359375 0.0390625 0.015625
3 0.50078125 0.6078125 0.0203125 0.0078125
3 0.98828125 0.65703125 0.0234375 0.0234375
3 0.9265625 0.603125 0.0328125 0.0109375
3 0.81015625 0.60234375 0.0265625 0.0109375
3 0.71328125 0.6046875 0.0265625 0.009375
3 0.63359375 0.60546875 0.0234375 0.0078125
3 0.56328125 0.60625 0.0203125 0.0078125