0 0.303125 0.54765625 0.171875 0.021875
0 0.4515625 0.55703125 0.165625 0.0234375
0 0.15390625 0.53984375 0.178125 0.021875
3 0.62109375 0.5546875 0.009375 0.0046875
3 0.678125 0.5578125 0.0109375 0.0046875
3 0.734375 0.5609375 0.0109375 0.0046875
3 0.7890625 0.56328125 0.0109375 0.003125
3 0.8421875 0.56640625 0.0109375 0.003125
3 0.48984375 0.54765625 0.009375 0.0046875
3 0.55859375 0.5515625 0.009375 0.0046875
3 0.60546875 0.55234375 0.009375 0.003125
3 0.64921875 0.5546875 0.0078125 0.003125
3 0.68828125 0.55703125 0.009375 0.0015625
3 0.7265625 0.55859375 0.0078125 0.003125
3 0.7625 0.5609375 0.009375 0.0015625
3 0.7984375 0.5625 0.0078125 0.0015625
3 0.896875 0.56953125 0.0125 0.0046875
3 0.95 0.571875 0.0125 0.003125