3 0.196875 0.55390625 0.059375 0.0265625
3 0.32109375 0.5484375 0.04375 0.0203125
3 0.39375 0.54609375 0.0328125 0.0140625
3 0.4421875 0.54453125 0.025 0.0109375
3 0.48125 0.5453125 0.021875 0.0109375
3 0.5140625 0.54453125 0.01875 0.009375
3 0.5421875 0.5453125 0.0171875 0.0078125
3 0.5671875 0.5453125 0.0140625 0.0078125
3 0.59375 0.54609375 0.015625 0.0078125
3 0.6171875 0.54921875 0.0109375 0.003125
3 0.6375 0.5484375 0.0125 0.0046875
3 0.659375 0.55 0.0109375 0.003125
3 0.6796875 0.5515625 0.009375 0.003125
3 0.61015625 0.540625 0.0046875 0.0015625
3 0.63046875 0.5421875 0.003125 0.0015625
3 0.63828125 0.5421875 0.0046875 0.0015625
3 0.64765625 0.54296875 0.003125 0.0015625
3 0.60078125 0.53984375 0.0046875 0.0015625
3 0.59140625 0.5390625 0.0046875 0.0015625
3 0.58203125 0.53828125 0.0046875 0.0015625
3 0.57265625 0.53984375 0.0046875 0.0015625
3 0.56484375 0.5375 0.0046875 0.0015625
3 0.55703125 0.53828125 0.00625 0.0015625
3 0.54921875 0.5375 0.00625 0.0015625
3 0.52890625 0.53671875 0.00625 0.003125
3 0.52109375 0.5359375 0.00625 0.003125
3 0.51015625 0.53671875 0.0078125 0.003125
3 0.46640625 0.53515625 0.0109375 0.003125
3 0.49921875 0.53125 0.0046875 0.0015625
3 0.48359375 0.53046875 0.0046875 0.0015625
0 0.52265625 0.5328125 0.01875 0.003125
3 0.46796875 0.52890625 0.0046875 0.0015625
3 0.45078125 0.528125 0.0046875 0.0015625
3 0.43359375 0.5265625 0.0046875 0.0015625
3 0.44609375 0.52734375 0.003125 0.0015625
3 0.428125 0.525 0.0046875 0.0015625
3 0.41640625 0.52578125 0.0046875 0.0015625
3 0.3984375 0.52421875 0.00625 0.0015625
3 0.378125 0.52265625 0.00625 0.0015625
3 0.359375 0.52109375 0.00625 0.0015625
3 0.33671875 0.5265625 0.0125 0.00625
3 0.3375 0.521875 0.00625 0.0015625
3 0.31953125 0.521875 0.0078125 0.003125
0 0.303125 0.51875 0.0328125 0.0046875
3 0.3296875 0.51953125 0.0046875 0.0015625
3 0.2671875 0.51796875 0.009375 0.003125
3 0.25546875 0.5203125 0.0140625 0.0078125
3 0.2296875 0.5140625 0.009375 0.003125
3 0.2078125 0.5140625 0.009375 0.003125
3 0.209375 0.5109375 0.00625 0.0015625
3 0.18125 0.509375 0.0078125 0.0015625
3 0.1625 0.515625 0.0140625 0.0078125
3 0.1390625 0.509375 0.0109375 0.0046875
3 0.15 0.50703125 0.0078125 0.003125
3 0.1140625 0.5046875 0.0078125 0.003125
3 0.05 0.5078125 0.015625 0.009375
3 0.0609375 0.50546875 0.0125 0.00625
3 0.07734375 0.5015625 0.009375 0.003125
3 0.2609375 0.51640625 0.0078125 0.003125