3 0.71484375 0.521875 0.0125 0.00625
3 0.79375 0.5109375 0.015625 0.00625
3 0.63515625 0.53125 0.0109375 0.0078125
3 0.559375 0.5421875 0.009375 0.0078125
3 0.48515625 0.55234375 0.009375 0.0078125
3 0.4109375 0.56328125 0.0125 0.0078125
3 0.34140625 0.57109375 0.0140625 0.009375
3 0.2734375 0.58046875 0.0140625 0.0078125
3 0.2078125 0.58984375 0.0140625 0.0078125
3 0.14609375 0.5984375 0.015625 0.0078125
3 0.03046875 0.61484375 0.0171875 0.0078125
3 0.0140625 0.6125 0.00625 0.0046875
3 0.0859375 0.60546875 0.015625 0.00625
3 0.4609375 0.55 0.0046875 0.0015625
3 0.42734375 0.5546875 0.0046875 0.0015625
3 0.4546875 0.54921875 0.003125 0.0015625
3 0.39296875 0.5578125 0.0046875 0.0015625
3 0.35859375 0.5625 0.00625 0.003125
3 0.4875 0.54453125 0.0046875 0.0015625
3 0.4984375 0.54453125 0.0046875 0.0015625
3 0.51953125 0.53984375 0.003125 0.0015625
3 0.53359375 0.5390625 0.003125 0.0015625
3 0.57265625 0.53359375 0.003125 0.0015625
3 0.56328125 0.53203125 0.003125 0.0015625
3 0.55546875 0.53515625 0.003125 0.0015625
3 0.58984375 0.53125 0.003125 0.0015625
3 0.609375 0.52890625 0.003125 0.0015625
3 0.625 0.5265625 0.003125 0.0015625
3 0.65 0.5234375 0.0046875 0.0015625
3 0.615625 0.5265625 0.003125 0.0015625
3 0.66796875 0.51875 0.003125 0.0015625
3 0.68828125 0.51796875 0.0046875 0.0015625
3 0.69453125 0.515625 0.003125 0.0015625
3 0.72109375 0.51171875 0.003125 0.0015625
3 0.746875 0.5078125 0.0046875 0.0015625
3 0.771875 0.5046875 0.003125 0.0015625