3 0.0828125 0.496875 0.10625 0.0546875
3 0.15 0.425 0.0515625 0.0203125
3 0.15625 0.396875 0.0234375 0.0140625
3 0.296875 0.3953125 0.021875 0.0109375
3 0.4203125 0.421875 0.046875 0.0234375
3 0.6609375 0.503125 0.0875 0.065625
3 0.7265625 0.4203125 0.0421875 0.025
3 0.8375 0.3734375 0.0125 0.00625
3 0.9390625 0.3734375 0.0140625 0.00625
3 0.54375 0.375 0.009375 0.0046875
3 0.553125 0.3796875 0.0125 0.00625
3 0.465625 0.38125 0.0125 0.00625
3 0.38125 0.3828125 0.0140625 0.00625
3 0.2984375 0.3828125 0.0140625 0.0046875
3 0.34375 0.3796875 0.0109375 0.0046875
3 0.28125 0.3796875 0.0109375 0.00625
3 0.21875 0.384375 0.0140625 0.0046875
3 0.0171875 0.4 0.0234375 0.0125
3 0.740625 0.3765625 0.0125 0.0046875
3 0.76875 0.371875 0.009375 0.0046875
3 0.8484375 0.3703125 0.009375 0.0046875
3 0.93125 0.36875 0.009375 0.00625
3 0.9703125 0.3625 0.0078125 0.003125
3 0.9125 0.3640625 0.00625 0.003125
3 0.8578125 0.3640625 0.00625 0.003125
3 0.7484375 0.365625 0.00625 0.003125
3 0.6921875 0.3734375 0.009375 0.0046875
3 0.6953125 0.3671875 0.00625 0.003125
3 0.6171875 0.375 0.009375 0.0046875
3 0.6453125 0.378125 0.0109375 0.00625
3 0.64375 0.36875 0.00625 0.003125
3 0.59375 0.3703125 0.00625 0.003125
3 0.409375 0.378125 0.0109375 0.0046875
3 0.475 0.3765625 0.009375 0.0046875
3 0.46875 0.3703125 0.00625 0.003125
3 0.496875 0.371875 0.00625 0.0015625
3 0.3859375 0.371875 0.00625 0.003125
3 0.34375 0.371875 0.00625 0.003125
3 0.3046875 0.371875 0.00625 0.0015625
3 0.2234375 0.38125 0.0125 0.0046875
3 0.2140625 0.371875 0.00625 0.003125