3 0.9125 0.5515625 0.084375 0.0390625
3 0.6125 0.5359375 0.0625 0.025
3 0.4328125 0.525 0.0546875 0.0203125
3 0.8703125 0.4953125 0.0375 0.0109375
3 0.7421875 0.49375 0.0265625 0.0125
3 0.6453125 0.49375 0.034375 0.015625
0 0.5171875 0.4875 0.1 0.0109375
3 0.359375 0.4875 0.021875 0.0078125
3 0.415625 0.4890625 0.0203125 0.009375
3 0.303125 0.515625 0.0453125 0.0125
3 0.2109375 0.5125 0.040625 0.0171875
3 0.140625 0.50625 0.034375 0.009375
3 0.084375 0.5015625 0.0296875 0.0109375
3 0.046875 0.4984375 0.0296875 0.0125
3 0.009375 0.4984375 0.01875 0.009375