3 0.315625 0.5203125 0.1578125 0.0828125
3 0.7265625 0.4890625 0.11875 0.05625
3 0.934375 0.4703125 0.0953125 0.0421875
3 0.9046875 0.4046875 0.0234375 0.0078125
3 0.940625 0.403125 0.021875 0.0078125
3 0.9703125 0.403125 0.0203125 0.00625
3 0.8625 0.403125 0.0234375 0.009375
3 0.8140625 0.403125 0.025 0.009375
3 0.7546875 0.4046875 0.0265625 0.0109375
3 0.6859375 0.403125 0.028125 0.0109375
3 0.6015625 0.4046875 0.0296875 0.0125
3 0.5015625 0.403125 0.0359375 0.0109375
3 0.3796875 0.4015625 0.0375 0.015625
3 0.228125 0.4 0.0390625 0.0203125
3 0.034375 0.3984375 0.04375 0.0203125
3 0.05 0.3671875 0.0140625 0.0046875
3 0.0640625 0.365625 0.0125 0.0046875
3 0.0140625 0.3625 0.0109375 0.003125
3 0.109375 0.36875 0.0140625 0.0046875
3 0.1625 0.36875 0.0125 0.0046875
3 0.19375 0.36875 0.009375 0.003125
3 0.2140625 0.3703125 0.0109375 0.0046875
3 0.2296875 0.3734375 0.0140625 0.0046875
3 0.23125 0.36875 0.009375 0.003125
3 0.2609375 0.371875 0.0109375 0.003125
3 0.290625 0.375 0.0140625 0.00625
3 0.3046875 0.3734375 0.0109375 0.0046875
3 0.33125 0.3734375 0.009375 0.0046875
3 0.346875 0.3765625 0.0125 0.0046875
3 0.359375 0.3734375 0.0078125 0.0015625
3 0.38125 0.375 0.009375 0.003125
3 0.3984375 0.378125 0.0125 0.0046875
3 0.4171875 0.3765625 0.009375 0.003125
3 0.446875 0.3796875 0.0109375 0.0046875
3 0.48125 0.378125 0.0078125 0.003125
3 0.49375 0.38125 0.009375 0.003125
3 0.5125 0.3796875 0.009375 0.003125
3 0.5375 0.3890625 0.01875 0.0046875
3 0.5359375 0.3828125 0.0109375 0.0046875
3 0.565625 0.3796875 0.0078125 0.003125
3 0.5765625 0.3828125 0.0109375 0.0046875
3 0.590625 0.38125 0.009375 0.003125
3 0.6015625 0.390625 0.0171875 0.0046875
3 0.615625 0.384375 0.0109375 0.003125
3 0.6375 0.3828125 0.0078125 0.003125
3 0.6515625 0.384375 0.0109375 0.003125
3 0.659375 0.390625 0.0171875 0.0046875
3 0.684375 0.3859375 0.009375 0.003125
3 0.7125 0.3921875 0.0171875 0.0046875
3 0.715625 0.3859375 0.009375 0.003125
3 0.7453125 0.3875 0.009375 0.003125
3 0.759375 0.3921875 0.015625 0.003125
3 0.7734375 0.3875 0.009375 0.003125
3 0.8 0.3875 0.009375 0.003125
3 0.8015625 0.39375 0.0140625 0.003125
3 0.825 0.3890625 0.009375 0.003125
3 0.8484375 0.3890625 0.009375 0.003125
3 0.840625 0.39375 0.0140625 0.003125
3 0.878125 0.39375 0.0140625 0.003125
3 0.909375 0.3953125 0.0125 0.003125
3 0.99375 0.3953125 0.009375 0.003125
3 0.96875 0.3953125 0.0125 0.003125
3 0.940625 0.3953125 0.0140625 0.003125