0 0.12734375 0.490625 0.1515625 0.0328125
0 0.2546875 0.50859375 0.16875 0.0375
0 0.3953125 0.528125 0.1890625 0.040625
0 0.56328125 0.55078125 0.2125 0.0453125
0 0.73828125 0.57578125 0.2203125 0.0484375
3 0.88125 0.56640625 0.0171875 0.0109375
3 0.775 0.55234375 0.0109375 0.009375
3 0.6734375 0.540625 0.0140625 0.0109375
3 0.5796875 0.52578125 0.0140625 0.009375
3 0.496875 0.515625 0.015625 0.0109375
3 0.41953125 0.50546875 0.0140625 0.0078125
3 0.3484375 0.49765625 0.015625 0.0078125
3 0.22265625 0.48046875 0.0140625 0.00625
3 0.2828125 0.4890625 0.015625 0.0078125