3 0.20625 0.69375 0.0296875 0.015625
3 0.0640625 0.6953125 0.0125 0.00625
3 0.14140625 0.68515625 0.0109375 0.00625
3 0.2171875 0.67265625 0.0109375 0.00625
3 0.29140625 0.6609375 0.009375 0.00625
3 0.3640625 0.6515625 0.0078125 0.00625
3 0.43515625 0.63984375 0.009375 0.0078125
3 0.50625 0.63046875 0.0078125 0.00625
3 0.57578125 0.61953125 0.009375 0.00625
3 0.6421875 0.61015625 0.009375 0.00625
3 0.7109375 0.60078125 0.0109375 0.00625
3 0.77734375 0.5921875 0.0125 0.00625
3 0.8421875 0.58203125 0.0125 0.00625
3 0.90546875 0.571875 0.0125 0.00625
0 0.06796875 0.68984375 0.0640625 0.0140625
0 0.12109375 0.68359375 0.0625 0.0140625
0 0.175 0.675 0.0609375 0.0125
0 0.28046875 0.66015625 0.0609375 0.0140625
0 0.3328125 0.6515625 0.059375 0.0140625
0 0.38515625 0.64296875 0.059375 0.0140625
3 0.4640625 0.63203125 0.0046875 0.003125
3 0.45078125 0.63125 0.0046875 0.0015625
3 0.48671875 0.62578125 0.003125 0.0015625
3 0.409375 0.6375 0.003125 0.0015625
2 0.37109375 0.64375 0.0046875 0.0015625
3 0.52265625 0.62109375 0.003125 0.003125
3 0.51484375 0.62578125 0.00625 0.0046875
3 0.559375 0.615625 0.0046875 0.003125
3 0.56640625 0.61796875 0.00625 0.0046875
3 0.5953125 0.61015625 0.0046875 0.003125
3 0.63203125 0.60546875 0.0046875 0.0015625
3 0.61875 0.6109375 0.00625 0.0046875
5 0.66796875 0.6 0.0046875 0.003125
3 0.703125 0.59609375 0.0046875 0.0015625
3 0.740625 0.58984375 0.0046875 0.0015625
3 0.77578125 0.584375 0.0046875 0.0015625
3 0.81171875 0.58046875 0.00625 0.003125
3 0.846875 0.575 0.00625 0.003125
3 0.8828125 0.56875 0.00625 0.003125
3 0.91875 0.56484375 0.00625 0.0046875
3 0.95390625 0.559375 0.00625 0.003125