3 0.0515625 0.5640625 0.05 0.01875
3 0.2390625 0.5625 0.0375 0.01875
3 0.4328125 0.5625 0.028125 0.01875
3 0.6328125 0.5625 0.028125 0.01875
3 0.8390625 0.5625 0.046875 0.01875
3 0.271875 0.546875 0.0140625 0.00625
3 0.196875 0.546875 0.0171875 0.00625
3 0.121875 0.546875 0.0171875 0.0046875
3 0.0484375 0.5484375 0.01875 0.00625
3 0.034375 0.5421875 0.0125 0.003125
3 0.075 0.5421875 0.009375 0.0015625
3 0.115625 0.5421875 0.009375 0.003125
3 0.15625 0.5421875 0.009375 0.003125
3 0.1984375 0.5421875 0.0078125 0.0015625
3 0.240625 0.5421875 0.0078125 0.003125
3 0.2828125 0.5421875 0.0078125 0.0015625
3 0.3265625 0.540625 0.0078125 0.003125
3 0.3703125 0.540625 0.0078125 0.0015625
3 0.9734375 0.5375 0.0109375 0.003125
3 0.921875 0.5375 0.0109375 0.0015625