0 0.58984375 0.5484375 0.0953125 0.0109375
0 0.51171875 0.5484375 0.09375 0.0109375
3 0.71484375 0.54609375 0.01875 0.00625
0 0.43515625 0.54765625 0.090625 0.0109375
0 0.15390625 0.55 0.0828125 0.009375
3 0.2734375 0.58203125 0.05 0.025
3 0.25390625 0.55 0.0171875 0.0078125
3 0.32265625 0.5484375 0.0171875 0.0078125
3 0.40546875 0.55625 0.0234375 0.009375
3 0.6015625 0.58125 0.0359375 0.0234375
3 0.68828125 0.5515625 0.0234375 0.0078125
3 0.77890625 0.5515625 0.0234375 0.0078125
3 0.79921875 0.54609375 0.0203125 0.0078125
3 0.86484375 0.5484375 0.025 0.0078125
3 0.88671875 0.54609375 0.025 0.0078125
3 0.94921875 0.5484375 0.0265625 0.009375
3 0.0203125 0.58515625 0.0375 0.015625
3 0.05703125 0.55 0.0203125 0.0078125
3 0.45078125 0.54296875 0.0078125 0.0015625
3 0.50859375 0.5546875 0.021875 0.0078125
3 0.48984375 0.5421875 0.0078125 0.0015625
3 0.52265625 0.5421875 0.0078125 0.003125
3 0.59921875 0.55625 0.021875 0.003125
3 0.55859375 0.54140625 0.00625 0.003125
3 0.59296875 0.540625 0.00625 0.0015625
3 0.62890625 0.54140625 0.0078125 0.0015625
3 0.66328125 0.540625 0.0078125 0.003125
3 0.69609375 0.540625 0.0078125 0.0015625
3 0.97890625 0.54453125 0.0265625 0.009375
3 0.95390625 0.5390625 0.0109375 0.003125
3 0.91015625 0.53828125 0.0109375 0.003125
3 0.9671875 0.58125 0.065625 0.0328125