3 0.29140625 0.5328125 0.0625 0.03125
3 0.56484375 0.60859375 0.05 0.03125
3 0.109375 0.48203125 0.0625 0.025
3 0.875 0.640625 0.0203125 0.0109375
3 0.665625 0.5875 0.0125 0.00625
3 0.7625 0.61171875 0.0140625 0.0078125
3 0.665625 0.578125 0.003125 0.0015625
3 0.58359375 0.5671875 0.0109375 0.00625
3 0.50859375 0.54921875 0.0109375 0.00625
3 0.5296875 0.546875 0.0046875 0.003125
3 0.56015625 0.553125 0.0046875 0.003125
3 0.56171875 0.55703125 0.0078125 0.003125
3 0.62734375 0.56875 0.0046875 0.003125
3 0.5921875 0.5609375 0.003125 0.0015625
3 0.44453125 0.534375 0.0125 0.0046875
3 0.46875 0.534375 0.0078125 0.0046875
3 0.4734375 0.53203125 0.0046875 0.003125
3 0.5125 0.5453125 0.0078125 0.0046875
3 0.42734375 0.5234375 0.00625 0.003125
3 0.38828125 0.5203125 0.0125 0.0046875
3 0.390625 0.515625 0.0078125 0.003125
3 0.4234375 0.52109375 0.0046875 0.003125
3 0.37734375 0.51015625 0.0046875 0.003125
3 0.35703125 0.5078125 0.00625 0.003125
3 0.40078125 0.515625 0.003125 0.0015625
3 0.29140625 0.496875 0.0125 0.0046875
3 0.33671875 0.5078125 0.0125 0.00625
3 0.32734375 0.5 0.00625 0.003125
3 0.215625 0.4765625 0.0125 0.0046875
3 0.25 0.4859375 0.0125 0.0046875
3 0.00546875 0.45234375 0.0109375 0.0125