3 0.5640625 0.5625 0.0109375 0.0078125
3 0.6625 0.58125 0.0171875 0.009375
3 0.7671875 0.59921875 0.021875 0.0109375
3 0.87421875 0.61875 0.025 0.0125
3 0.47109375 0.54609375 0.0125 0.0078125
3 0.38203125 0.53046875 0.0140625 0.0078125
3 0.01796875 0.4625 0.015625 0.0046875
3 0.0625 0.4703125 0.0140625 0.0046875
3 0.11015625 0.478125 0.0125 0.0046875
3 0.1609375 0.48671875 0.0125 0.0046875
3 0.21171875 0.49609375 0.0125 0.0046875
3 0.2640625 0.50625 0.0109375 0.00625
3 0.31953125 0.515625 0.009375 0.0046875
3 0.375 0.525 0.009375 0.0046875
3 0.43203125 0.534375 0.0078125 0.0046875
3 0.45390625 0.534375 0.00625 0.0046875
3 0.4890625 0.54609375 0.00625 0.0046875
3 0.49296875 0.54140625 0.003125 0.0015625
3 0.5328125 0.5484375 0.0046875 0.0015625
3 0.57265625 0.55625 0.0046875 0.0015625
3 0.6140625 0.56328125 0.0046875 0.0015625
3 0.6328125 0.565625 0.0046875 0.0015625
3 0.65546875 0.57109375 0.0046875 0.0015625
3 0.67109375 0.57265625 0.0046875 0.0015625
3 0.69921875 0.578125 0.00625 0.003125
3 0.7109375 0.58046875 0.0046875 0.0015625
3 0.7421875 0.5859375 0.00625 0.003125
3 0.78828125 0.59453125 0.00625 0.0046875
3 0.8328125 0.60234375 0.0078125 0.0046875