3 0.3328125 0.69375 0.0515625 0.0265625
3 0.41875 0.67421875 0.0375 0.01875
3 0.471875 0.66015625 0.028125 0.0140625
3 0.51015625 0.65 0.025 0.0109375
3 0.5375 0.64140625 0.0203125 0.0109375
3 0.55859375 0.63671875 0.0171875 0.0078125
3 0.57578125 0.6328125 0.015625 0.00625
3 0.5890625 0.628125 0.0125 0.00625
3 0.6015625 0.6265625 0.0125 0.0046875
3 0.39453125 0.64765625 0.00625 0.003125
3 0.40390625 0.64609375 0.0046875 0.0015625
3 0.4125 0.64296875 0.0046875 0.0015625
3 0.4203125 0.6421875 0.0046875 0.0015625
3 0.61171875 0.6234375 0.0078125 0.0046875
3 0.61953125 0.621875 0.009375 0.0046875
3 0.62734375 0.61953125 0.0078125 0.0046875
3 0.63359375 0.61875 0.0046875 0.0015625
3 0.6375 0.61640625 0.0046875 0.0015625
3 0.6421875 0.615625 0.003125 0.0015625
3 0.646875 0.61484375 0.003125 0.0015625
3 0.640625 0.6109375 0.003125 0.0015625