3 0.2984375 0.5765625 0.0984375 0.0796875
3 0.615625 0.503125 0.2046875 0.1796875
3 0.2921875 0.2296875 0.0203125 0.0109375
3 0.4484375 0.2296875 0.01875 0.0109375
3 0.609375 0.2265625 0.0171875 0.0125
3 0.771875 0.225 0.0171875 0.0125
3 0.9421875 0.221875 0.01875 0.0125
3 0.9828125 0.209375 0.0125 0.0046875
3 0.9484375 0.209375 0.0109375 0.0046875
3 0.8453125 0.2109375 0.0109375 0.00625
3 0.746875 0.2125 0.009375 0.00625
3 0.2921875 0.0203125 0.0203125 0.0109375
3 0.4484375 0.0203125 0.01875 0.0109375
3 0.609375 0.0234375 0.0171875 0.0125
3 0.771875 0.025 0.0171875 0.0125
3 0.9421875 0.028125 0.01875 0.0125
3 0.9828125 0.040625 0.0125 0.0046875
3 0.9484375 0.040625 0.0109375 0.0046875
3 0.8453125 0.0390625 0.0109375 0.00625
3 0.746875 0.0375 0.009375 0.00625