0 0.7859375 0.575 0.0890625 0.00625
0 0.7125 0.5765625 0.0828125 0.0078125
0 0.6421875 0.5765625 0.078125 0.00625
0 0.578125 0.5765625 0.0734375 0.00625
0 0.5171875 0.5765625 0.0703125 0.00625
0 0.459375 0.578125 0.0671875 0.0046875
3 0.0359375 0.58125 0.0109375 0.0046875
3 0.01875 0.5828125 0.0125 0.0046875
3 0.003125 0.58046875 0.00625 0.0046875
3 0.053125 0.5828125 0.0125 0.0046875
3 0.071875 0.58125 0.0109375 0.0046875
3 0.0890625 0.5828125 0.0140625 0.0046875
3 0.109375 0.5796875 0.0125 0.0046875
3 0.125 0.5828125 0.0125 0.0046875
3 0.1625 0.5828125 0.0140625 0.0046875
3 0.1484375 0.5796875 0.0125 0.0046875
3 0.2015625 0.58125 0.0140625 0.0046875
3 0.2421875 0.5828125 0.015625 0.00625
3 0.284375 0.58125 0.015625 0.00625
3 0.33125 0.58125 0.015625 0.00625
3 0.3796875 0.5828125 0.0171875 0.00625