2 0.33203125 0.62890625 0.4328125 0.4421875
2 0.7203125 0.61171875 0.559375 0.4203125
2 0.6109375 0.27734375 0.165625 0.05
2 0.8296875 0.2453125 0.2140625 0.090625
2 0.29609375 0.296875 0.1234375 0.04375
2 0.071875 0.3109375 0.14375 0.05625
3 0.08203125 0.615625 0.096875 0.08125
3 0.08828125 0.68671875 0.0984375 0.078125
3 0.08828125 0.796875 0.1359375 0.1671875
3 0.58125 0.71953125 0.1109375 0.1125
3 0.43828125 0.5625 0.0578125 0.0578125
3 0.521875 0.29296875 0.009375 0.0078125
3 0.471875 0.2984375 0.00625 0.0046875
2 0.22109375 0.315625 0.00625 0.00625
3 0.78515625 0.65859375 0.05625 0.053125
3 0.82265625 0.58515625 0.059375 0.05
3 0.9046875 0.82421875 0.01875 0.0265625
3 0.1015625 0.9640625 0.13125 0.071875
3 0.59921875 0.98046875 0.1046875 0.0359375
3 0.9078125 0.87109375 0.01875 0.0265625