3 0.47890625 0.6140625 0.1375 0.078125
3 0.359375 0.54765625 0.103125 0.05625
3 0.29375 0.51171875 0.0734375 0.0359375
3 0.25078125 0.490625 0.059375 0.0328125
3 0.2203125 0.47421875 0.053125 0.0296875
3 0.82421875 0.5828125 0.034375 0.0171875
3 0.8828125 0.59921875 0.0390625 0.0203125
3 0.95390625 0.61796875 0.04375 0.021875
3 0.77578125 0.56875 0.03125 0.015625
3 0.73671875 0.559375 0.028125 0.015625
3 0.7 0.54921875 0.0265625 0.0140625
3 0.19375 0.459375 0.021875 0.0140625
3 0.17734375 0.4515625 0.0171875 0.0140625
3 0.60234375 0.521875 0.01875 0.0078125
3 0.621875 0.528125 0.0203125 0.0109375
3 0.64453125 0.53359375 0.021875 0.0109375
3 0.6703125 0.5390625 0.0234375 0.0109375
3 0.95546875 0.5890625 0.0140625 0.0078125
3 0.98125 0.596875 0.0140625 0.00625
3 0.934375 0.584375 0.0125 0.00625