3 0.7578125 0.59453125 0.0859375 0.05
3 0.51796875 0.53359375 0.075 0.0421875
3 0.346875 0.49375 0.0625 0.0328125
3 0.22890625 0.46484375 0.053125 0.0265625
3 0.15234375 0.43984375 0.04375 0.025
3 0.0875 0.42578125 0.0359375 0.0203125
3 0.0375 0.4140625 0.0375 0.0203125
3 0.98984375 0.571875 0.00625 0.00625
3 0.96328125 0.5640625 0.0109375 0.00625
3 0.9484375 0.56796875 0.015625 0.0078125
3 0.91953125 0.56640625 0.01875 0.009375
3 0.91875 0.5546875 0.009375 0.0046875
3 0.92421875 0.56015625 0.0125 0.0046875
3 0.875 0.5515625 0.0140625 0.0078125
3 0.828125 0.5484375 0.0171875 0.009375
3 0.859375 0.54765625 0.0125 0.00625
3 0.87578125 0.546875 0.009375 0.0046875
3 0.8375 0.5390625 0.009375 0.0046875
3 0.8046875 0.5375 0.01875 0.009375
3 0.7453125 0.53046875 0.0171875 0.009375
3 0.67109375 0.5171875 0.015625 0.0078125
3 0.6890625 0.515625 0.0125 0.00625
3 0.7 0.51640625 0.009375 0.0046875
3 0.65546875 0.50859375 0.0109375 0.0046875
3 0.63828125 0.50546875 0.0109375 0.0046875
3 0.60859375 0.5046875 0.015625 0.0078125
3 0.615625 0.5 0.009375 0.0046875
3 0.5921875 0.49765625 0.0109375 0.0046875
3 0.57890625 0.49296875 0.009375 0.0046875
3 0.54921875 0.49296875 0.0140625 0.0078125
3 0.496875 0.48203125 0.0140625 0.00625
3 0.5125 0.48125 0.0125 0.0046875
3 0.5515625 0.48828125 0.009375 0.0046875
3 0.54375 0.48671875 0.00625 0.0046875
3 0.74609375 0.52578125 0.015625 0.00625
3 0.44765625 0.471875 0.0125 0.0046875
3 0.403125 0.4640625 0.0125 0.0046875
3 0.36484375 0.45546875 0.0125 0.0046875
3 0.328125 0.44921875 0.0109375 0.0046875
3 0.35390625 0.446875 0.00625 0.003125
3 0.3890625 0.4546875 0.00625 0.003125
3 0.33671875 0.44453125 0.00625 0.003125
3 0.29296875 0.44140625 0.0109375 0.0046875
3 0.2609375 0.4359375 0.0109375 0.0046875
3 0.3 0.4390625 0.00625 0.003125
3 0.2546875 0.43125 0.009375 0.003125
3 0.23359375 0.42734375 0.0078125 0.0046875
3 0.24296875 0.42734375 0.0078125 0.003125
3 0.2796875 0.4359375 0.00625 0.003125
3 0.21328125 0.42421875 0.0078125 0.0046875
3 0.22421875 0.42421875 0.0078125 0.003125
3 0.1953125 0.41953125 0.0078125 0.003125
3 0.16171875 0.41328125 0.00625 0.0046875
3 0.1765625 0.41640625 0.0078125 0.003125
3 0.14609375 0.4109375 0.0078125 0.003125
3 0.13125 0.40625 0.00625 0.003125
3 0.115625 0.40390625 0.00625 0.003125
3 0.103125 0.4015625 0.00625 0.003125
3 0.0890625 0.39921875 0.00625 0.003125
3 0.04296875 0.3921875 0.009375 0.0046875
3 0.02578125 0.38984375 0.0078125 0.003125
3 0.08203125 0.39765625 0.00625 0.003125
3 0.3703125 0.4515625 0.00625 0.003125
3 0.40703125 0.45859375 0.00625 0.003125
3 0.3203125 0.44140625 0.00625 0.003125
3 0.3046875 0.43828125 0.0046875 0.003125
3 0.290625 0.4359375 0.0046875 0.003125
3 0.07109375 0.39609375 0.00625 0.003125