0 0.5484375 0.48515625 0.0734375 0.0109375
0 0.66015625 0.471875 0.1625 0.0234375
0 0.51328125 0.490625 0.0796875 0.0109375
0 0.7953125 0.45625 0.1390625 0.0203125
0 0.91953125 0.44140625 0.15 0.0234375
3 0.878125 0.45078125 0.0125 0.0078125
3 0.97734375 0.4390625 0.0171875 0.00625
3 0.79296875 0.46171875 0.0109375 0.00625
3 0.7140625 0.47109375 0.0109375 0.0078125
3 0.64375 0.47890625 0.009375 0.00625
3 0.57734375 0.4859375 0.0078125 0.00625
3 0.51328125 0.49375 0.009375 0.00625
3 0.4546875 0.5015625 0.0078125 0.0046875
3 0.39453125 0.509375 0.0078125 0.0046875
3 0.33515625 0.515625 0.0078125 0.0046875