3 0.1328125 0.61875 0.071875 0.0375
3 0.125 0.5390625 0.021875 0.0125
3 0.315625 0.53125 0.021875 0.0125
3 0.475 0.528125 0.021875 0.009375
3 0.55 0.584375 0.065625 0.0296875
3 0.6109375 0.5234375 0.021875 0.009375
3 0.734375 0.51875 0.0234375 0.009375
3 0.8421875 0.515625 0.0234375 0.0078125
3 0.9390625 0.5125 0.0234375 0.0078125
3 0.8140625 0.5640625 0.0640625 0.021875
3 0.1078125 0.515625 0.009375 0.0046875
3 0.1828125 0.5140625 0.009375 0.003125
3 0.253125 0.5125 0.0109375 0.003125
3 0.984375 0.546875 0.028125 0.0125
3 0.984375 0.49375 0.0078125 0.0015625
3 0.9625 0.4953125 0.0078125 0.0015625
3 0.9390625 0.4953125 0.0078125 0.0015625
3 0.915625 0.496875 0.0078125 0.0015625
3 0.890625 0.496875 0.0078125 0.0015625
3 0.834375 0.4984375 0.0078125 0.0015625
3 0.8625 0.496875 0.0078125 0.0015625