3 0.0859375 0.44609375 0.1125 0.0671875
3 0.16171875 0.3828125 0.053125 0.0265625
3 0.17109375 0.35546875 0.025 0.0171875
3 0.3109375 0.37109375 0.0234375 0.0140625
3 0.43046875 0.4125 0.05 0.0296875
3 0.659375 0.52265625 0.0953125 0.0765625
3 0.734375 0.4484375 0.0453125 0.0296875
3 0.85078125 0.415625 0.0125 0.0078125
3 0.9515625 0.428125 0.0140625 0.0078125
3 0.55859375 0.38125 0.009375 0.00625
3 0.5671875 0.38671875 0.0125 0.0078125
3 0.48046875 0.378125 0.0125 0.0078125
3 0.39609375 0.36953125 0.0140625 0.0078125
3 0.3140625 0.359375 0.0140625 0.00625
3 0.359375 0.36171875 0.0109375 0.00625
3 0.29765625 0.35390625 0.0109375 0.0078125
3 0.23515625 0.35078125 0.0140625 0.00625
3 0.0328125 0.3421875 0.025 0.015625
3 0.75390625 0.40703125 0.0125 0.00625
3 0.78203125 0.40546875 0.009375 0.00625
3 0.86171875 0.4140625 0.009375 0.00625
3 0.94375 0.42265625 0.009375 0.0078125
3 0.98359375 0.42109375 0.0078125 0.0046875
3 0.92578125 0.415625 0.00625 0.003125
3 0.871875 0.40859375 0.00625 0.003125
3 0.76328125 0.396875 0.00625 0.003125
3 0.70625 0.39765625 0.009375 0.00625
3 0.71015625 0.3921875 0.00625 0.003125
3 0.63125 0.38984375 0.009375 0.00625
3 0.659375 0.396875 0.0109375 0.0078125
3 0.65859375 0.3875 0.00625 0.003125
3 0.60859375 0.3828125 0.00625 0.003125
3 0.425 0.36796875 0.0109375 0.00625
3 0.48984375 0.37421875 0.009375 0.00625
3 0.48515625 0.3671875 0.00625 0.003125
3 0.5125 0.37265625 0.00625 0.0015625
3 0.40234375 0.35859375 0.00625 0.003125
3 0.36015625 0.35390625 0.00625 0.003125
3 0.321875 0.34921875 0.00625 0.0015625
3 0.23984375 0.3484375 0.0125 0.00625
3 0.23203125 0.33828125 0.00625 0.003125