3 0.565625 0.578125 0.546875 0.3640625
3 0.903125 0.28203125 0.1234375 0.075
3 0.49140625 0.21796875 0.1546875 0.0953125
3 0.221875 0.0984375 0.0671875 0.0453125
3 0.46328125 0.14921875 0.071875 0.0359375
3 0.6796875 0.190625 0.0625 0.0359375
3 0.88125 0.22890625 0.0671875 0.034375
3 0.93515625 0.10390625 0.1234375 0.075
3 0.5234375 0.03515625 0.153125 0.0703125
3 0.23125 0.04296875 0.0671875 0.0453125
3 0.47578125 0.078125 0.071875 0.0359375
3 0.69375 0.11328125 0.0625 0.0359375
3 0.8953125 0.14609375 0.0671875 0.034375