3 0.52109375 0.6140625 0.1359375 0.0671875
3 0.38515625 0.5953125 0.1015625 0.0484375
3 0.31171875 0.58515625 0.071875 0.0296875
3 0.26328125 0.58046875 0.0578125 0.028125
3 0.2296875 0.57578125 0.0515625 0.025
3 0.83203125 0.4609375 0.034375 0.0140625
3 0.89296875 0.45546875 0.0390625 0.0171875
3 0.965625 0.446875 0.04375 0.01875
3 0.78203125 0.46484375 0.03125 0.0140625
3 0.7421875 0.47109375 0.028125 0.0125
3 0.7046875 0.47421875 0.0265625 0.0125
3 0.19921875 0.571875 0.021875 0.0125
3 0.18203125 0.5703125 0.0171875 0.0125
3 0.603125 0.48359375 0.01875 0.00625
3 0.6234375 0.4828125 0.01875 0.009375
3 0.646875 0.4796875 0.0203125 0.009375
3 0.6734375 0.47578125 0.021875 0.009375
3 0.95703125 0.4203125 0.0140625 0.00625
3 0.98359375 0.41796875 0.0140625 0.0046875
3 0.9359375 0.42265625 0.0125 0.0046875