1 0.328125 0.4984375 0.00625 0.0078125
2 0.196875 0.5 0.009375 0.0046875
3 0.6359375 0.521875 0.0046875 0.0015625
3 0.61875 0.528125 0.0078125 0.003125
3 0.6296875 0.5296875 0.0109375 0.0046875
3 0.6453125 0.53125 0.0140625 0.0046875
3 0.6640625 0.5328125 0.015625 0.0046875
3 0.6921875 0.5375 0.0171875 0.0046875
3 0.3 0.5234375 0.015625 0.0046875
3 0.315625 0.5203125 0.0109375 0.0046875
3 0.3296875 0.51875 0.0171875 0.0046875
3 0.34375 0.5171875 0.009375 0.003125
3 0.3515625 0.5171875 0.009375 0.003125
3 0.3609375 0.515625 0.009375 0.003125
3 0.3703125 0.515625 0.009375 0.003125
3 0.38125 0.515625 0.009375 0.003125
3 0.390625 0.515625 0.0078125 0.003125
3 0.4 0.515625 0.0078125 0.003125
3 0.4109375 0.5140625 0.0078125 0.003125
3 0.421875 0.5140625 0.00625 0.0015625
3 0.43125 0.5140625 0.00625 0.0015625
3 0.6125 0.5265625 0.00625 0.003125
3 0.6296875 0.521875 0.00625 0.0015625
3 0.625 0.521875 0.0046875 0.0015625
3 0.621875 0.521875 0.003125 0.0015625
3 0.615625 0.521875 0.00625 0.0015625