3 0.4203125 0.5671875 0.2578125 0.1484375
3 0.678125 0.3859375 0.090625 0.040625
3 0.2453125 0.3796875 0.0890625 0.046875
3 0.4265625 0.3375 0.0546875 0.021875
3 0.16875 0.3328125 0.053125 0.0234375
3 0.96875 0.3234375 0.025 0.0078125
3 0.921875 0.3171875 0.0203125 0.0078125
3 0.853125 0.321875 0.0234375 0.009375
3 0.828125 0.3140625 0.01875 0.0078125
3 0.7328125 0.31875 0.021875 0.009375
3 0.6078125 0.3171875 0.0234375 0.009375
3 0.634375 0.3109375 0.01875 0.009375
3 0.5328125 0.3078125 0.0171875 0.009375
3 0.478125 0.3140625 0.0234375 0.009375
3 0.5703125 0.3046875 0.015625 0.0078125
3 0.49375 0.303125 0.0140625 0.0078125
3 0.428125 0.30625 0.01875 0.0078125
3 0.4109375 0.3015625 0.0140625 0.00625
3 0.34375 0.3109375 0.025 0.009375
3 0.3203125 0.303125 0.0203125 0.009375
3 0.203125 0.3078125 0.025 0.0078125
3 0.19375 0.3015625 0.0171875 0.0078125
3 0.2125 0.3 0.0171875 0.009375
3 0.146875 0.2953125 0.0140625 0.0078125
3 0.2375 0.296875 0.0140625 0.0078125
3 0.053125 0.3046875 0.021875 0.0078125
3 0.06875 0.2984375 0.021875 0.0078125
3 0.053125 0.2921875 0.0140625 0.0078125
3 0.021875 0.2875 0.009375 0.00625
3 0.175 0.290625 0.009375 0.0046875
3 0.2703125 0.290625 0.0078125 0.003125
3 0.34375 0.290625 0.009375 0.0046875
3 0.371875 0.2953125 0.009375 0.0046875
3 0.38125 0.29375 0.0078125 0.0046875
3 0.4328125 0.296875 0.009375 0.0046875
3 0.5265625 0.3015625 0.0140625 0.0046875
3 0.5546875 0.3 0.009375 0.003125
3 0.590625 0.303125 0.0140625 0.00625
3 0.6140625 0.3015625 0.009375 0.003125
3 0.65625 0.3046875 0.0125 0.0046875
3 0.7328125 0.3109375 0.0171875 0.00625
3 0.715625 0.30625 0.0078125 0.0046875
3 0.671875 0.303125 0.0109375 0.0046875
3 0.7796875 0.3078125 0.0125 0.0046875
3 0.840625 0.309375 0.0125 0.00625
3 0.95625 0.3109375 0.0125 0.0046875
3 0.8984375 0.3109375 0.0125 0.0046875
3 0.95 0.3078125 0.0109375 0.0046875
3 0.8890625 0.3046875 0.0140625 0.0046875