0 0.5875 0.5234375 0.31875 0.1171875
0 0.4375 0.4796875 0.1828125 0.075
0 0.35625 0.453125 0.128125 0.0546875
0 0.265625 0.428125 0.0734375 0.03125
0 0.209375 0.4140625 0.0390625 0.0265625
0 0.1765625 0.4046875 0.0265625 0.0171875
3 0.8421875 0.446875 0.028125 0.0109375
3 0.9078125 0.4515625 0.0328125 0.0140625
3 0.98125 0.459375 0.0359375 0.015625
0 0.303125 0.4375 0.0921875 0.0375
0 0.2390625 0.4203125 0.0640625 0.0265625
3 0.3390625 0.4015625 0.0140625 0.0046875
3 0.3234375 0.4 0.0140625 0.0046875