3 0.190625 0.45625 0.0828125 0.03125
3 0.34375 0.4484375 0.0625 0.015625
3 0.4375 0.4484375 0.046875 0.0171875
3 0.496875 0.4484375 0.040625 0.015625
3 0.3484375 0.4046875 0.0140625 0.0046875
3 0.36875 0.40625 0.0140625 0.0046875
3 0.3890625 0.4078125 0.0125 0.003125
3 0.4078125 0.409375 0.0125 0.0046875
3 0.425 0.4109375 0.0109375 0.0046875
3 0.4421875 0.4109375 0.0109375 0.003125
3 0.45625 0.4140625 0.0109375 0.003125
3 0.471875 0.415625 0.0109375 0.003125
3 0.4859375 0.415625 0.0109375 0.003125
3 0.4984375 0.4171875 0.009375 0.003125
3 0.5109375 0.4171875 0.009375 0.003125
3 0.5328125 0.4203125 0.0078125 0.003125
3 0.521875 0.41875 0.009375 0.003125
3 0.54375 0.4203125 0.0078125 0.003125
3 0.553125 0.421875 0.00625 0.003125
3 0.5625 0.421875 0.0078125 0.0015625
3 0.571875 0.4234375 0.00625 0.0015625
3 0.553125 0.45 0.0375 0.0078125
3 0.5953125 0.45 0.0296875 0.0109375
3 0.6234375 0.4515625 0.028125 0.009375
3 0.659375 0.4515625 0.025 0.00625
3 0.68125 0.4515625 0.01875 0.0078125
3 0.70625 0.453125 0.0203125 0.0046875
3 0.725 0.453125 0.015625 0.0078125
3 0.75 0.4546875 0.03125 0.00625
3 0.7734375 0.4546875 0.0140625 0.0046875
3 0.7890625 0.45625 0.0140625 0.0046875