3 0.55546875 0.57890625 0.06875 0.028125
3 0.74296875 0.59453125 0.1015625 0.040625
3 0.4609375 0.5703125 0.0515625 0.0234375
3 0.40078125 0.56171875 0.04375 0.0171875
3 0.35703125 0.55859375 0.0375 0.015625
3 0.796875 0.5109375 0.025 0.0078125
3 0.853125 0.50859375 0.0265625 0.009375
3 0.9203125 0.50625 0.03125 0.009375
3 0.32734375 0.5578125 0.0296875 0.0125
3 0.30546875 0.5578125 0.0265625 0.0109375
3 0.2875 0.55390625 0.021875 0.0109375
3 0.2703125 0.55390625 0.0125 0.0078125
3 0.259375 0.5515625 0.0109375 0.0046875
3 0.25 0.5515625 0.00625 0.0046875
3 0.4421875 0.52421875 0.0078125 0.0015625
3 0.4296875 0.525 0.0078125 0.0015625
3 0.415625 0.5265625 0.0078125 0.0015625
3 0.4046875 0.52734375 0.00625 0.0015625
3 0.39375 0.528125 0.00625 0.0015625
3 0.384375 0.528125 0.00625 0.0015625
3 0.4578125 0.5234375 0.009375 0.0015625
3 0.475 0.521875 0.0078125 0.0015625
3 0.49375 0.52109375 0.009375 0.0015625
3 0.5125 0.51953125 0.009375 0.0015625
3 0.56796875 0.5125 0.00625 0.0015625
3 0.57890625 0.51171875 0.00625 0.0015625
3 0.58984375 0.5109375 0.00625 0.0015625
3 0.60234375 0.51015625 0.0078125 0.0015625
3 0.61640625 0.509375 0.00625 0.0015625
3 0.63046875 0.5078125 0.0078125 0.0015625
3 0.64609375 0.50703125 0.0078125 0.0015625
3 0.66328125 0.50546875 0.0078125 0.0015625
3 0.68203125 0.5046875 0.009375 0.0015625
3 0.70234375 0.5046875 0.009375 0.0015625
3 0.72265625 0.503125 0.009375 0.003125
3 0.74765625 0.5015625 0.009375 0.003125
3 0.77421875 0.5 0.009375 0.0015625
3 0.80390625 0.49765625 0.0109375 0.003125
3 0.8234375 0.49296875 0.009375 0.003125
3 0.83515625 0.4953125 0.0109375 0.003125
3 0.8453125 0.49140625 0.009375 0.0015625
3 0.8671875 0.48828125 0.0078125 0.0015625
3 0.87109375 0.49296875 0.0125 0.0046875
3 0.99609375 0.50390625 0.0078125 0.0078125
3 0.953125 0.48828125 0.0140625 0.0046875
3 0.9765625 0.48046875 0.009375 0.003125
3 0.9453125 0.4828125 0.009375 0.003125
3 0.8921875 0.48671875 0.0078125 0.003125
3 0.909375 0.48984375 0.0125 0.0046875
3 0.9171875 0.48515625 0.009375 0.003125