3 0.784375 0.5765625 0.08125 0.0390625
3 0.4265625 0.55625 0.071875 0.0296875
3 0.196875 0.5453125 0.0640625 0.025
3 0.028125 0.53515625 0.05625 0.0234375
3 0.0125 0.496875 0.0140625 0.0046875
3 0.20625 0.4859375 0.0046875 0.0015625
3 0.190625 0.4859375 0.00625 0.0015625
3 0.221875 0.4875 0.00625 0.0015625
3 0.228125 0.490625 0.009375 0.0015625
3 0.2390625 0.4875 0.0046875 0.0015625
3 0.253125 0.490625 0.0109375 0.003125
3 0.2546875 0.4875 0.0046875 0.0015625
3 0.278125 0.490625 0.0109375 0.003125
3 0.290625 0.4875 0.00625 0.0015625
3 0.30625 0.490625 0.009375 0.003125
3 0.3078125 0.4875 0.0046875 0.0015625
3 0.3359375 0.490625 0.009375 0.003125
3 0.328125 0.4875 0.00625 0.0015625
3 0.346875 0.4875 0.00625 0.0015625
3 0.36875 0.4875 0.00625 0.0015625
3 0.3671875 0.4921875 0.0109375 0.003125
3 0.3890625 0.4875 0.00625 0.0015625
3 0.403125 0.4921875 0.0109375 0.0046875
3 0.4125 0.4875 0.00625 0.003125
3 0.4359375 0.4875 0.0078125 0.0015625
3 0.4390625 0.4921875 0.0109375 0.003125
3 0.4796875 0.49375 0.0140625 0.0046875
3 0.525 0.49375 0.0125 0.0046875
3 0.571875 0.4953125 0.0140625 0.00625
3 0.6265625 0.4953125 0.0140625 0.00625
3 0.64375 0.490625 0.0109375 0.0046875
3 0.6890625 0.4953125 0.015625 0.00625
3 0.6953125 0.490625 0.0109375 0.003125
3 0.7515625 0.4921875 0.0125 0.003125
3 0.7578125 0.4953125 0.015625 0.00625
3 0.8125 0.4921875 0.0125 0.0046875
3 0.8390625 0.496875 0.01875 0.0046875
3 0.878125 0.4921875 0.0109375 0.0046875
3 0.9296875 0.496875 0.0203125 0.00625
3 0.9515625 0.4921875 0.0125 0.0046875