3 0.378125 0.640625 0.115625 0.0640625
3 0.678125 0.5890625 0.0796875 0.0359375
3 0.8125 0.571875 0.05625 0.028125
3 0.8984375 0.5578125 0.0421875 0.01875
3 0.953125 0.55 0.0390625 0.015625
3 0.5375 0.525 0.015625 0.00625
3 0.484375 0.5265625 0.0171875 0.0078125
3 0.421875 0.528125 0.0171875 0.009375
3 0.3546875 0.5296875 0.021875 0.0078125
3 0.2640625 0.53125 0.0234375 0.0078125
3 0.15 0.534375 0.0265625 0.0109375
3 0.0171875 0.5359375 0.0296875 0.0109375
3 0.0796875 0.5203125 0.0109375 0.00625
3 0.021875 0.521875 0.0140625 0.0046875
1 0.078125 0.5046875 0.0046875 0.0109375
1 0.2671875 0.503125 0.0109375 0.01875
3 0.1796875 0.5203125 0.0109375 0.0046875
3 0.13125 0.5203125 0.0140625 0.0046875
3 0.221875 0.51875 0.0109375 0.0046875
3 0.2609375 0.51875 0.0140625 0.0046875
3 0.2953125 0.51875 0.0125 0.0046875
3 0.328125 0.51875 0.0109375 0.0046875
3 0.35625 0.5171875 0.0109375 0.003125
3 0.384375 0.5171875 0.0109375 0.0046875
3 0.4078125 0.5171875 0.0109375 0.0046875
3 0.9875 0.54375 0.021875 0.0125