3 0.315625 0.5921875 0.08125 0.0390625
3 0.19609375 0.56875 0.059375 0.0265625
3 0.6109375 0.646875 0.14375 0.0640625
3 0.1296875 0.55703125 0.046875 0.0203125
3 0.0828125 0.55 0.0375 0.0171875
3 0.00625 0.53359375 0.0125 0.0078125
3 0.01640625 0.5375 0.021875 0.009375
3 0.03359375 0.53984375 0.025 0.009375
3 0.053125 0.54375 0.0265625 0.0125
3 0.9671875 0.54140625 0.021875 0.0078125
3 0.9609375 0.53515625 0.0125 0.0046875
3 0.9 0.53359375 0.0109375 0.0046875
3 0.8875 0.5390625 0.01875 0.0078125
3 0.846875 0.53203125 0.0109375 0.0046875
3 0.8203125 0.5375 0.015625 0.00625
3 0.8 0.53125 0.0109375 0.0046875
3 0.7640625 0.5359375 0.0140625 0.0046875
3 0.7140625 0.534375 0.0125 0.0046875
3 0.71875 0.53046875 0.009375 0.003125
3 0.7578125 0.53046875 0.009375 0.003125
3 0.671875 0.5328125 0.0125 0.0046875
3 0.68125 0.528125 0.009375 0.003125
3 0.634375 0.53203125 0.0109375 0.003125
3 0.65 0.528125 0.0078125 0.003125
3 0.6234375 0.5265625 0.0078125 0.0015625
3 0.603125 0.53046875 0.0109375 0.0046875
3 0.5546875 0.5265625 0.00625 0.0015625
3 0.5484375 0.52890625 0.009375 0.003125
3 0.5734375 0.53046875 0.009375 0.003125
3 0.575 0.52578125 0.0078125 0.003125
3 0.5984375 0.52734375 0.0078125 0.0015625
3 0.5265625 0.528125 0.009375 0.003125
3 0.5359375 0.525 0.0078125 0.0015625
3 0.5046875 0.5265625 0.0078125 0.0015625
3 0.4875 0.52734375 0.0078125 0.003125
3 0.4703125 0.5265625 0.0078125 0.0015625
3 0.4546875 0.52578125 0.0078125 0.0015625
3 0.440625 0.525 0.0078125 0.0015625