3 0.71875 0.55625 0.0640625 0.0375
3 0.815625 0.4875 0.025 0.0265625
3 0.8421875 0.4734375 0.0125 0.0109375
3 0.9375 0.48125 0.0265625 0.0078125
3 0.7375 0.4734375 0.0203125 0.0125
3 0.6515625 0.4875 0.021875 0.0109375
3 0.6328125 0.46875 0.015625 0.0140625
3 0.459375 0.48125 0.0328125 0.0171875
3 0.4078125 0.4609375 0.0234375 0.0125
3 0.209375 0.5421875 0.0640625 0.05
3 0.2640625 0.475 0.0296875 0.025
3 0.303125 0.4578125 0.0234375 0.015625
3 0.175 0.4546875 0.025 0.015625
3 0.0453125 0.4671875 0.0265625 0.0234375
3 0.053125 0.4484375 0.0234375 0.0109375