3 0.50703125 0.73359375 0.1078125 0.053125
3 0.81875 0.6671875 0.009375 0.0046875
3 0.771875 0.6609375 0.009375 0.0046875
3 0.72890625 0.6546875 0.009375 0.003125
3 0.6890625 0.646875 0.0078125 0.003125
3 0.61796875 0.63671875 0.0078125 0.003125
3 0.6515625 0.64140625 0.0078125 0.003125
3 0.55703125 0.62890625 0.0078125 0.003125
3 0.58671875 0.63203125 0.0078125 0.003125
3 0.5296875 0.62421875 0.0078125 0.0046875
3 0.503125 0.61953125 0.00625 0.0015625
3 0.41484375 0.60859375 0.0078125 0.0046875
3 0.43984375 0.61171875 0.009375 0.0046875
3 0.39140625 0.6046875 0.0078125 0.0046875
3 0.34453125 0.603125 0.0109375 0.0046875
3 0.37578125 0.6078125 0.0109375 0.00625
3 0.36796875 0.60234375 0.0078125 0.0046875
3 0.3484375 0.5984375 0.0078125 0.0046875
3 0.2890625 0.5953125 0.009375 0.0046875
3 0.315625 0.5984375 0.0109375 0.0046875
3 0.3296875 0.5953125 0.00625 0.003125
3 0.3109375 0.59296875 0.00625 0.003125
3 0.265625 0.59140625 0.009375 0.003125
3 0.27734375 0.58828125 0.00625 0.003125
3 0.2921875 0.59140625 0.00625 0.003125
3 0.22421875 0.5859375 0.009375 0.003125
3 0.2421875 0.5875 0.009375 0.003125
3 0.26015625 0.5859375 0.00625 0.0015625
3 0.24609375 0.58359375 0.00625 0.0015625
3 0.23046875 0.58203125 0.00625 0.0015625
3 0.18671875 0.57890625 0.009375 0.003125
3 0.20390625 0.58203125 0.0078125 0.003125
3 0.21640625 0.58046875 0.00625 0.0015625
3 0.2046875 0.57734375 0.00625 0.0015625
3 0.1921875 0.57578125 0.0046875 0.0015625
3 0.1796875 0.5734375 0.0046875 0.0015625
3 0.16875 0.571875 0.0046875 0.0015625
3 0.17109375 0.57734375 0.0078125 0.003125
3 0.15625 0.5734375 0.0078125 0.003125
3 0.1421875 0.57265625 0.0078125 0.003125
3 0.128125 0.56953125 0.0078125 0.003125
3 0.115625 0.56796875 0.0078125 0.003125
3 0.10390625 0.56484375 0.00625 0.0015625
3 0.09296875 0.5640625 0.00625 0.0015625
3 0.08203125 0.5625 0.00625 0.0015625
3 0.07265625 0.56171875 0.00625 0.0015625