0 0.3859375 0.5796875 0.046875 0.015625
0 0.425 0.575 0.059375 0.01875
3 0.32578125 0.5859375 0.0109375 0.00625
3 0.3453125 0.584375 0.0109375 0.00625
3 0.50390625 0.565625 0.021875 0.0125
3 0.58828125 0.55859375 0.0265625 0.0140625
3 0.57734375 0.54921875 0.0140625 0.0046875
3 0.25703125 0.59375 0.009375 0.0046875
3 0.26640625 0.5921875 0.0078125 0.0046875
3 0.27421875 0.59140625 0.0078125 0.0046875
3 0.28359375 0.59140625 0.0078125 0.0046875
3 0.29453125 0.58984375 0.0078125 0.0046875
3 0.30703125 0.5890625 0.009375 0.0046875
3 0.53984375 0.55390625 0.009375 0.0046875
3 0.60546875 0.546875 0.015625 0.00625
3 0.63203125 0.54375 0.015625 0.00625
3 0.66875 0.53828125 0.0203125 0.00625
3 0.7109375 0.5328125 0.0234375 0.0078125
3 0.771875 0.5265625 0.025 0.0078125
3 0.87890625 0.5125 0.03125 0.0109375