3 0.76484375 0.6 0.0453125 0.0203125
3 0.87890625 0.61328125 0.04375 0.0171875
3 0.971875 0.6234375 0.03125 0.015625
3 0.92109375 0.5921875 0.0203125 0.0109375
3 0.95625 0.59765625 0.0203125 0.0109375
3 0.88046875 0.58828125 0.0203125 0.0109375
3 0.834375 0.58203125 0.021875 0.0109375
3 0.78125 0.57421875 0.0265625 0.0125
3 0.72265625 0.5671875 0.0265625 0.0140625
3 0.64921875 0.55859375 0.028125 0.0140625
3 0.5671875 0.54921875 0.03125 0.0171875
3 0.46640625 0.5359375 0.034375 0.0171875
3 0.34375 0.5203125 0.0375 0.01875
3 0.1875 0.5015625 0.04375 0.0234375
3 0.00546875 0.47890625 0.0109375 0.0171875
3 0.01796875 0.45078125 0.0125 0.0078125
3 0.10625 0.46328125 0.0125 0.0078125
3 0.18828125 0.475 0.0125 0.0078125
3 0.26328125 0.4875 0.0125 0.00625
3 0.3328125 0.496875 0.0125 0.0078125
3 0.32421875 0.49140625 0.009375 0.0046875
3 0.37109375 0.49765625 0.009375 0.00625
3 0.39765625 0.5078125 0.0125 0.0078125
3 0.4140625 0.50546875 0.009375 0.0046875
3 0.45546875 0.5109375 0.0078125 0.0046875
3 0.45859375 0.51640625 0.0125 0.00625
3 0.49609375 0.5171875 0.0078125 0.0046875
3 0.5140625 0.52421875 0.0125 0.00625
3 0.5328125 0.521875 0.0078125 0.0046875
3 0.56640625 0.53125 0.0109375 0.00625
3 0.60546875 0.53359375 0.0078125 0.0046875
3 0.615625 0.53984375 0.0125 0.00625
3 0.6703125 0.54296875 0.0078125 0.0046875
3 0.6625 0.54609375 0.0109375 0.0046875
3 0.63984375 0.53828125 0.0078125 0.0046875
3 0.65859375 0.53984375 0.00625 0.003125
3 0.63359375 0.5359375 0.00625 0.003125
3 0.70546875 0.55234375 0.0109375 0.0046875
3 0.703125 0.54765625 0.0078125 0.0046875
3 0.73203125 0.553125 0.0078125 0.0046875
3 0.78984375 0.5609375 0.0078125 0.0046875
3 0.76015625 0.55703125 0.0078125 0.0046875
3 0.77421875 0.5578125 0.00625 0.003125
3 0.79453125 0.56015625 0.00625 0.003125
3 0.815625 0.56484375 0.0078125 0.0046875
3 0.8421875 0.56875 0.0078125 0.0046875
3 0.9859375 0.6 0.009375 0.009375
3 0.86640625 0.5734375 0.0078125 0.0046875