3 0.0671875 0.61953125 0.1140625 0.08125
3 0.5515625 0.525 0.1125 0.0671875
3 0.8296875 0.4671875 0.096875 0.053125
3 0.1859375 0.49609375 0.0484375 0.025
3 0.37421875 0.47265625 0.04375 0.0203125
3 0.52421875 0.4515625 0.0453125 0.01875
3 0.64609375 0.43515625 0.0390625 0.0171875
3 0.7515625 0.41875 0.0359375 0.01875
3 0.84296875 0.40625 0.034375 0.0171875
3 0.9234375 0.39453125 0.0328125 0.0125
3 0.171875 0.46953125 0.03125 0.0140625
3 0.28671875 0.45703125 0.0265625 0.0109375
3 0.03984375 0.4859375 0.0296875 0.0125
3 0.3875 0.44453125 0.0265625 0.0125
3 0.47578125 0.43359375 0.0265625 0.0109375
3 0.55546875 0.42421875 0.0234375 0.0109375
3 0.628125 0.41484375 0.025 0.009375
3 0.69296875 0.40703125 0.0234375 0.0109375
3 0.75390625 0.39921875 0.0203125 0.009375
3 0.8078125 0.39296875 0.0203125 0.009375
3 0.859375 0.38671875 0.0203125 0.009375
3 0.90234375 0.38125 0.0171875 0.00625