3 0.28359375 0.63671875 0.0515625 0.028125
3 0.37109375 0.64296875 0.0375 0.01875
3 0.4265625 0.6453125 0.028125 0.015625
3 0.465625 0.64609375 0.025 0.0109375
3 0.49453125 0.64609375 0.0203125 0.0109375
3 0.51640625 0.6484375 0.0171875 0.009375
3 0.53359375 0.64921875 0.015625 0.0078125
3 0.54765625 0.6484375 0.0125 0.00625
3 0.56015625 0.65 0.0125 0.0046875
3 0.35625 0.61015625 0.00625 0.003125
3 0.365625 0.61171875 0.0046875 0.0015625
3 0.375 0.61171875 0.0046875 0.0015625
3 0.3828125 0.6125 0.0046875 0.0015625
3 0.57109375 0.65078125 0.0078125 0.0046875
3 0.57890625 0.6515625 0.009375 0.0046875
3 0.58671875 0.6515625 0.0078125 0.0046875
3 0.59296875 0.65234375 0.0046875 0.0015625
3 0.59765625 0.6515625 0.0046875 0.0015625
3 0.60234375 0.65234375 0.003125 0.0015625
3 0.60703125 0.653125 0.003125 0.0015625
3 0.6015625 0.64765625 0.003125 0.0015625