3 0.49609375 0.5296875 0.1546875 0.10625
3 0.18671875 0.484375 0.05 0.0265625
3 0.3953125 0.4359375 0.0453125 0.025
3 0.63671875 0.37578125 0.04375 0.0234375
3 0.92109375 0.309375 0.0453125 0.028125
3 0.07421875 0.48359375 0.025 0.0125
3 0.17265625 0.459375 0.0265625 0.015625
3 0.27890625 0.4328125 0.0234375 0.0140625
3 0.39296875 0.40625 0.0234375 0.0125
3 0.5140625 0.37578125 0.0234375 0.0140625
3 0.64921875 0.3421875 0.021875 0.0140625
3 0.79765625 0.3046875 0.021875 0.0140625
3 0.015625 0.525 0.03125 0.021875
3 0.0234375 0.48203125 0.0125 0.0046875
3 0.0859375 0.46640625 0.0125 0.00625
3 0.14609375 0.4515625 0.0109375 0.0046875
3 0.21015625 0.43515625 0.0109375 0.00625
3 0.22265625 0.42890625 0.0078125 0.003125
3 0.2609375 0.41953125 0.0078125 0.003125
3 0.2734375 0.41953125 0.0109375 0.00625
3 0.303125 0.40859375 0.0078125 0.003125
3 0.340625 0.403125 0.0109375 0.00625
3 0.34765625 0.39765625 0.0078125 0.0046875
3 0.39140625 0.38671875 0.0078125 0.003125
3 0.40859375 0.384375 0.0109375 0.00625
3 0.43671875 0.37578125 0.0078125 0.003125
3 0.478125 0.3671875 0.009375 0.0046875
3 0.53203125 0.35 0.0078125 0.003125
3 0.54921875 0.34921875 0.0078125 0.0046875
3 0.58359375 0.3375 0.0078125 0.003125
3 0.625 0.32890625 0.0078125 0.0046875
3 0.63515625 0.325 0.0078125 0.0046875
3 0.6875 0.31015625 0.00625 0.0046875
3 0.70390625 0.309375 0.009375 0.0046875
3 0.73984375 0.29375 0.0046875 0.003125
3 0.74375 0.29609375 0.0078125 0.0046875
3 0.78515625 0.2875 0.009375 0.0046875
3 0.78515625 0.28203125 0.0046875 0.003125
3 0.8015625 0.28125 0.00625 0.0046875
3 0.83125 0.27109375 0.0046875 0.003125
3 0.86171875 0.26484375 0.0078125 0.0046875
3 0.8703125 0.26640625 0.0109375 0.00625
3 0.87890625 0.25703125 0.00625 0.0046875
3 0.95234375 0.26640625 0.0109375 0.0140625
3 0.92265625 0.25 0.0078125 0.0046875
3 0.92734375 0.2453125 0.00625 0.0046875