3 0.253125 0.4609375 0.059375 0.04375
3 0.571875 0.440625 0.05 0.028125
3 0.8390625 0.425 0.0546875 0.025
3 0.6453125 0.5359375 0.121875 0.0734375
3 0.928125 0.38125 0.0234375 0.0109375
3 0.834375 0.3859375 0.021875 0.009375
3 0.86875 0.3796875 0.015625 0.00625
3 0.8078125 0.3828125 0.015625 0.00625
3 0.734375 0.390625 0.025 0.0109375
3 0.671875 0.390625 0.0140625 0.0046875
3 0.6921875 0.384375 0.0125 0.0046875
3 0.74375 0.38125 0.0125 0.003125
3 0.6375 0.3875 0.0125 0.0046875
3 0.625 0.3796875 0.00625 0.0015625
3 0.603125 0.3828125 0.0078125 0.003125
3 0.6 0.39375 0.0140625 0.00625
3 0.59375 0.38125 0.0046875 0.0015625
3 0.578125 0.390625 0.0125 0.0046875
3 0.5625 0.384375 0.0078125 0.003125
3 0.5234375 0.396875 0.0140625 0.00625
3 0.5171875 0.3921875 0.0109375 0.0046875
3 0.521875 0.3859375 0.0078125 0.003125
3 0.4796875 0.3875 0.0078125 0.003125
3 0.453125 0.3953125 0.0109375 0.0046875
3 0.44375 0.4 0.0125 0.00625
3 0.3859375 0.3984375 0.0109375 0.0046875
3 0.4359375 0.390625 0.0078125 0.003125
3 0.390625 0.3921875 0.00625 0.003125
3 0.3578125 0.4046875 0.0140625 0.00625
3 0.3140625 0.4015625 0.0109375 0.0046875
3 0.2671875 0.4078125 0.0140625 0.00625
3 0.29375 0.3953125 0.0078125 0.003125
3 0.34375 0.39375 0.0078125 0.003125
3 0.25625 0.3953125 0.00625 0.003125