3 0.159375 0.4703125 0.0375 0.0140625
3 0.2 0.4796875 0.0484375 0.0171875
3 0.2890625 0.4984375 0.0671875 0.025
3 0.5546875 0.5625 0.134375 0.0640625
3 0.6890625 0.4546875 0.01875 0.00625
3 0.7921875 0.4578125 0.021875 0.0078125
3 0.9375 0.4609375 0.028125 0.009375
3 0.6109375 0.453125 0.0171875 0.0046875
3 0.55625 0.4515625 0.0140625 0.003125
3 0.5625 0.4421875 0.00625 0.0015625
3 0.540625 0.4421875 0.0046875 0.0015625
3 0.584375 0.4421875 0.00625 0.0015625
3 0.609375 0.4421875 0.00625 0.0015625
3 0.6375 0.44375 0.00625 0.0015625
3 0.66875 0.44375 0.00625 0.0015625
3 0.703125 0.44375 0.0078125 0.0015625
3 0.74375 0.44375 0.0078125 0.0015625
3 0.7890625 0.44375 0.0078125 0.0015625
3 0.7984375 0.440625 0.00625 0.0015625
3 0.8421875 0.44375 0.009375 0.003125
3 0.8421875 0.440625 0.00625 0.0015625
3 0.903125 0.4453125 0.009375 0.003125
3 0.8921875 0.440625 0.0078125 0.0015625
3 0.95 0.440625 0.0078125 0.0015625
3 0.975 0.4453125 0.0109375 0.003125