3 0.8921875 0.62109375 0.1203125 0.0515625
3 0.515625 0.546875 0.0140625 0.0109375
3 0.615625 0.553125 0.015625 0.009375
3 0.71171875 0.55859375 0.0203125 0.009375
3 0.80234375 0.56328125 0.0234375 0.009375
3 0.88671875 0.56953125 0.0234375 0.009375
3 0.96484375 0.5734375 0.0265625 0.009375
3 0.05703125 0.51953125 0.034375 0.0109375
3 0.17890625 0.52734375 0.0234375 0.0109375
3 0.2953125 0.534375 0.01875 0.0109375
3 0.409375 0.540625 0.0140625 0.0109375
3 0.95 0.565625 0.0125 0.0046875
3 0.909375 0.56328125 0.0125 0.0046875
3 0.8703125 0.56015625 0.0109375 0.0015625
3 0.828125 0.55703125 0.009375 0.003125
3 0.7859375 0.55625 0.009375 0.003125
3 0.7421875 0.553125 0.0078125 0.003125
3 0.696875 0.55 0.0078125 0.003125
3 0.65 0.546875 0.0078125 0.003125
3 0.6828125 0.5453125 0.00625 0.0015625
3 0.715625 0.54765625 0.00625 0.0015625
3 0.746875 0.55 0.00625 0.0015625
3 0.61796875 0.54296875 0.0046875 0.0015625
3 0.603125 0.54296875 0.0078125 0.0015625
3 0.58515625 0.540625 0.0046875 0.0015625
3 0.5546875 0.54140625 0.00625 0.003125
3 0.55078125 0.53828125 0.0046875 0.0015625
3 0.50390625 0.5375 0.00625 0.0015625
3 0.51484375 0.53515625 0.0046875 0.0015625
3 0.48046875 0.5328125 0.003125 0.0015625
3 0.45390625 0.534375 0.00625 0.003125
3 0.44453125 0.53203125 0.003125 0.0015625
3 0.40078125 0.53046875 0.00625 0.003125
3 0.34765625 0.528125 0.00625 0.003125
3 0.40859375 0.5296875 0.003125 0.0015625
3 0.33359375 0.52421875 0.0046875 0.0015625
3 0.29296875 0.525 0.009375 0.003125
3 0.259375 0.51953125 0.00625 0.0015625
3 0.29609375 0.521875 0.0046875 0.0015625
3 0.23671875 0.52265625 0.0109375 0.003125
3 0.2203125 0.51640625 0.00625 0.0015625
3 0.18046875 0.51875 0.0109375 0.003125