3 0.265625 0.509375 0.03125 0.0234375
3 0.40234375 0.53515625 0.0296875 0.021875
3 0.503125 0.55703125 0.0234375 0.015625
3 0.57890625 0.56953125 0.025 0.0140625
3 0.63671875 0.57890625 0.0203125 0.0125
3 0.67890625 0.58984375 0.0171875 0.0109375
3 0.71328125 0.5953125 0.01875 0.0125
3 0.740625 0.6 0.015625 0.0109375
3 0.7609375 0.60390625 0.015625 0.009375
3 0.778125 0.60625 0.0125 0.009375
3 0.7921875 0.6078125 0.0125 0.0078125
3 0.80390625 0.6109375 0.0125 0.0078125
3 0.81484375 0.6125 0.0125 0.0078125
3 0.82421875 0.61484375 0.0078125 0.0046875
3 0.83359375 0.615625 0.0078125 0.0046875