0 0.23046875 0.540625 0.18125 0.0265625
0 0.40234375 0.54375 0.1015625 0.0125
0 0.209375 0.52734375 0.115625 0.0140625
0 0.1015625 0.51953125 0.125 0.015625
0 0.48984375 0.54921875 0.096875 0.0125
3 0.4359375 0.5546875 0.0296875 0.0140625
3 0.5515625 0.5625 0.0265625 0.015625
3 0.609375 0.55859375 0.0140625 0.00625
3 0.57578125 0.55078125 0.0140625 0.0046875
3 0.653125 0.5703125 0.0265625 0.0125
3 0.684375 0.5640625 0.015625 0.0078125
3 0.74140625 0.575 0.025 0.0125
3 0.7546875 0.56953125 0.015625 0.0078125
0 0.85078125 0.578125 0.078125 0.0125
3 0.93984375 0.584375 0.015625 0.0078125
3 0.98984375 0.58828125 0.009375 0.0046875
3 0.52890625 0.5484375 0.0125 0.0046875
3 0.47421875 0.54375 0.0125 0.0046875
3 0.44609375 0.5375 0.009375 0.003125
3 0.41484375 0.5390625 0.0125 0.0046875
0 0.3171875 0.53125 0.08125 0.0125
0 0.38984375 0.53515625 0.05 0.0078125
2 0.34375 0.5234375 0.0140625 0.003125
3 0.23125 0.5234375 0.0109375 0.003125
3 0.24375 0.52421875 0.009375 0.0015625
3 0.2125 0.52421875 0.0140625 0.00625
3 0.2 0.5203125 0.009375 0.0015625
3 0.1765625 0.51875 0.0125 0.0046875
3 0.1390625 0.51875 0.015625 0.0078125
3 0.115625 0.5140625 0.0125 0.0046875
3 0.13515625 0.5109375 0.00625 0.003125
3 0.16796875 0.5125 0.00625 0.0015625
3 0.08046875 0.5078125 0.009375 0.003125
3 0.10234375 0.50703125 0.00625 0.003125
3 0.06171875 0.51015625 0.015625 0.009375
3 0.06953125 0.50546875 0.00625 0.003125
3 0.03203125 0.50390625 0.009375 0.003125
3 0.00078125 0.4984375 0.0015625 0.003125
3 0.1984375 0.515625 0.00625 0.0015625
3 0.23125 0.5171875 0.00625 0.0015625
3 0.2625 0.5203125 0.00625 0.0015625
3 0.328125 0.53046875 0.0109375 0.0046875