0 0.58828125 0.51875 0.325 0.134375
0 0.43671875 0.4828125 0.1859375 0.084375
0 0.35390625 0.4609375 0.13125 0.0609375
0 0.2625 0.440625 0.075 0.034375
0 0.20546875 0.4296875 0.040625 0.028125
0 0.171875 0.421875 0.028125 0.01875
3 0.8390625 0.42890625 0.028125 0.0125
3 0.9046875 0.43046875 0.0328125 0.015625
3 0.978125 0.434375 0.0359375 0.0171875
0 0.3 0.44765625 0.09375 0.0421875
0 0.23515625 0.434375 0.065625 0.0296875
3 0.334375 0.41015625 0.0140625 0.0046875
3 0.31875 0.409375 0.0140625 0.0046875