3 0.028125 0.57265625 0.05625 0.0265625
3 0.1203125 0.5859375 0.06875 0.0296875
3 0.86875 0.53125 0.0390625 0.0125
3 0.7390625 0.528125 0.0328125 0.0109375
3 0.6390625 0.5265625 0.0296875 0.009375
3 0.5625 0.525 0.025 0.0078125
3 0.5015625 0.5234375 0.025 0.009375
3 0.453125 0.521875 0.0234375 0.0078125
3 0.415625 0.5203125 0.021875 0.00625
3 0.3875 0.51875 0.0203125 0.00625
3 0.9078125 0.5015625 0.0140625 0.003125
3 0.940625 0.5015625 0.015625 0.0046875
3 0.9796875 0.503125 0.015625 0.0046875
3 0.365625 0.5171875 0.0171875 0.00625
3 0.346875 0.5171875 0.015625 0.00625
3 0.3328125 0.515625 0.0109375 0.0046875
3 0.3234375 0.5140625 0.0078125 0.0046875