3 0.27890625 0.61171875 0.025 0.021875
3 0.309375 0.509375 0.0109375 0.00625
3 0.3265625 0.5484375 0.0140625 0.0109375
3 0.346875 0.57421875 0.0140625 0.0109375
3 0.39453125 0.5921875 0.021875 0.0140625
3 0.3703125 0.59609375 0.025 0.01875
3 0.29609375 0.42421875 0.03125 0.0265625
3 0.21796875 0.3546875 0.046875 0.028125
3 0.35390625 0.37421875 0.0125 0.0078125
3 0.41953125 0.43359375 0.025 0.0140625
3 0.51171875 0.459375 0.025 0.0140625
3 0.54921875 0.553125 0.046875 0.0359375
3 0.60625 0.546875 0.0453125 0.0328125
3 0.6515625 0.540625 0.040625 0.03125
3 0.7375 0.70859375 0.05625 0.04375
3 0.79921875 0.6671875 0.05625 0.0484375
3 0.86328125 0.62734375 0.04375 0.040625
2 0.6515625 0.35078125 0.096875 0.0390625
2 0.2703125 0.334375 0.234375 0.0984375
2 0.39609375 0.37890625 0.271875 0.1125
2 0.43828125 0.42578125 0.21875 0.1234375
2 0.57734375 0.48359375 0.365625 0.215625
2 0.69453125 0.61171875 0.384375 0.278125
3 0.29765625 0.50390625 0.0140625 0.009375
3 0.6828125 0.53359375 0.0375 0.0359375
3 0.640625 0.4484375 0.0109375 0.0078125
3 0.65703125 0.4484375 0.028125 0.0140625
3 0.275 0.35546875 0.00625 0.0046875
3 0.46875 0.37265625 0.0109375 0.0078125