3 0.18828125 0.44609375 0.165625 0.1125
3 0.75859375 0.63828125 0.2640625 0.184375
3 0.4640625 0.3796875 0.03125 0.015625
3 0.375 0.3625 0.0296875 0.015625
3 0.3015625 0.34609375 0.028125 0.015625
3 0.2375 0.3328125 0.025 0.0125
3 0.18203125 0.32265625 0.025 0.0125
3 0.1328125 0.31328125 0.0234375 0.0109375
3 0.9625 0.45390625 0.025 0.0125
3 0.8640625 0.4359375 0.0234375 0.0109375
3 0.77890625 0.42109375 0.021875 0.0125
3 0.05234375 0.2984375 0.01875 0.009375
3 0.08984375 0.3046875 0.0203125 0.009375
3 0.4 0.35078125 0.0140625 0.0078125
3 0.3578125 0.3390625 0.0078125 0.003125
3 0.3828125 0.34375 0.009375 0.003125
3 0.40859375 0.3484375 0.0078125 0.0046875
3 0.43515625 0.353125 0.009375 0.0046875
3 0.43671875 0.35859375 0.015625 0.0078125
3 0.4640625 0.359375 0.009375 0.0046875
3 0.48046875 0.36640625 0.015625 0.0078125
3 0.496875 0.3640625 0.009375 0.003125
3 0.5265625 0.37421875 0.015625 0.0078125
3 0.53203125 0.37109375 0.0109375 0.00625
3 0.57109375 0.37734375 0.0109375 0.00625
3 0.57890625 0.384375 0.0171875 0.009375
3 0.6125 0.384375 0.0109375 0.00625
3 0.6375 0.3953125 0.01875 0.009375
3 0.65859375 0.39296875 0.0125 0.0078125
3 0.703125 0.40703125 0.0203125 0.0109375
3 0.709375 0.40234375 0.0125 0.00625
3 0.6890625 0.39453125 0.009375 0.0046875
3 0.65546875 0.3875 0.009375 0.003125
3 0.72734375 0.40078125 0.009375 0.0046875
3 0.76796875 0.4125 0.0140625 0.0078125
3 0.76640625 0.40703125 0.0109375 0.00625
3 0.8109375 0.41484375 0.009375 0.0046875
3 0.834375 0.42421875 0.015625 0.00625
3 0.85703125 0.4234375 0.0109375 0.00625
3 0.90546875 0.43671875 0.015625 0.0078125
3 0.90859375 0.43125 0.0109375 0.00625
3 0.9625 0.43984375 0.0125 0.0078125