3 0.4453125 0.54375 0.0171875 0.00625
3 0.3828125 0.54140625 0.015625 0.0046875
3 0.3328125 0.540625 0.015625 0.0046875
3 0.290625 0.53828125 0.015625 0.0046875
3 0.5203125 0.54765625 0.0171875 0.00625
3 0.6171875 0.55234375 0.01875 0.0078125
3 0.74296875 0.55703125 0.0203125 0.009375
3 0.91015625 0.5640625 0.028125 0.0140625
3 0.55625 0.5375 0.0046875 0.0015625
3 0.5890625 0.5375 0.0046875 0.0015625
3 0.5265625 0.53671875 0.0046875 0.0015625
3 0.5 0.5359375 0.0046875 0.0015625
3 0.475 0.53515625 0.0046875 0.0015625
3 0.4515625 0.534375 0.0046875 0.0015625
3 0.41875 0.5375 0.0078125 0.0015625
3 0.38515625 0.53515625 0.0078125 0.0015625
3 0.41015625 0.534375 0.0046875 0.0015625
3 0.35546875 0.534375 0.0078125 0.0015625
3 0.32890625 0.534375 0.00625 0.0015625
3 0.30703125 0.53359375 0.00625 0.0015625
3 0.25390625 0.53671875 0.0140625 0.003125
3 0.14921875 0.5328125 0.0109375 0.003125
3 0.16953125 0.53359375 0.0109375 0.003125
3 0.19453125 0.534375 0.0125 0.003125
3 0.22109375 0.5359375 0.0125 0.003125
3 0.13046875 0.53203125 0.009375 0.0015625
3 0.11484375 0.53203125 0.009375 0.0015625