0 0.25546875 0.51796875 0.421875 0.0546875
0 0.625 0.5078125 0.4125 0.0546875
3 0.89765625 0.465625 0.03125 0.015625
3 0.71953125 0.46875 0.0265625 0.01875
3 0.53359375 0.4734375 0.021875 0.015625
3 0.34453125 0.47890625 0.0234375 0.0171875
3 0.15703125 0.48046875 0.025 0.015625
3 0.03125 0.46640625 0.0125 0.00625
3 0.140625 0.4640625 0.0125 0.00625
3 0.25 0.46171875 0.0125 0.00625
3 0.3515625 0.46015625 0.0125 0.0078125
3 0.45625 0.4578125 0.0140625 0.0046875
3 0.2828125 0.459375 0.0109375 0.00625
3 0.0625 0.4625 0.0109375 0.0046875
3 0.096875 0.4625 0.009375 0.0046875
3 0.146875 0.459375 0.009375 0.0046875
3 0.190625 0.4609375 0.009375 0.003125
3 0.2328125 0.4578125 0.0078125 0.003125
3 0.3140625 0.45625 0.009375 0.0046875
3 0.371875 0.45625 0.009375 0.0046875
3 0.39375 0.45390625 0.0078125 0.0046875
3 0.471875 0.45234375 0.009375 0.0046875
3 0.55625 0.45546875 0.0140625 0.0046875
3 0.634375 0.4515625 0.009375 0.003125
3 0.71875 0.4484375 0.0125 0.003125
3 0.628125 0.4453125 0.0078125 0.00625