3 0.765625 0.434375 0.26875 0.1703125
3 0.1671875 0.12109375 0.025 0.0125
3 0.13046875 0.0953125 0.0078125 0.0046875
3 0.1796875 0.10390625 0.0078125 0.0046875
3 0.22734375 0.1109375 0.0078125 0.003125
3 0.2890625 0.1375 0.0234375 0.0125
3 0.3359375 0.134375 0.0140625 0.0078125
3 0.39921875 0.15390625 0.021875 0.0109375
3 0.42421875 0.1484375 0.0125 0.00625
3 0.49609375 0.16953125 0.0203125 0.009375
3 0.50234375 0.1609375 0.0109375 0.00625
3 0.51484375 0.15703125 0.0078125 0.00625
3 0.553125 0.16328125 0.009375 0.00625
3 0.575 0.171875 0.0125 0.0046875
3 0.5828125 0.18125 0.0203125 0.009375
0 0.60703125 0.17109375 0.0421875 0.0109375
3 0.64296875 0.1828125 0.0125 0.00625
3 0.66015625 0.19375 0.0203125 0.009375
0 0.6765625 0.18203125 0.0421875 0.0125
3 0.709375 0.19296875 0.0125 0.00625
3 0.725 0.1890625 0.0078125 0.00625
3 0.709375 0.184375 0.00625 0.003125
3 0.740625 0.18984375 0.00625 0.003125
3 0.75546875 0.19296875 0.0078125 0.0046875
3 0.76875 0.2015625 0.0125 0.0046875
3 0.78671875 0.1984375 0.00625 0.0046875
3 0.8140625 0.203125 0.0078125 0.0046875
3 0.82578125 0.21015625 0.0125 0.0046875
3 0.8421875 0.20625 0.0078125 0.0046875
3 0.86953125 0.21171875 0.0078125 0.0046875
3 0.8765625 0.2171875 0.0125 0.0046875
3 0.925 0.22421875 0.0125 0.0046875
3 0.96953125 0.23046875 0.0125 0.0046875
3 0.1875 0.0046875 0.025 0.009375
3 0.14453125 0.015625 0.0078125 0.0046875
3 0.19375 0.02421875 0.0078125 0.0046875
3 0.24140625 0.03359375 0.0078125 0.003125
3 0.30859375 0.0296875 0.0234375 0.0125
3 0.35078125 0.0484375 0.0140625 0.0078125
3 0.4171875 0.05234375 0.021875 0.0109375
3 0.43828125 0.065625 0.0125 0.00625
3 0.5140625 0.07109375 0.0203125 0.009375
3 0.51640625 0.08125 0.0109375 0.00625
3 0.5265625 0.0890625 0.0078125 0.00625
3 0.56484375 0.09609375 0.009375 0.00625
3 0.5890625 0.0953125 0.0125 0.0046875
3 0.59921875 0.0890625 0.0203125 0.009375
0 0.61875 0.10703125 0.0421875 0.0109375
3 0.65625 0.10859375 0.0125 0.00625
3 0.67578125 0.10390625 0.0203125 0.009375
0 0.6875 0.1203125 0.0421875 0.0125
3 0.721875 0.121875 0.0125 0.00625
3 0.73515625 0.13046875 0.0078125 0.00625
3 0.71953125 0.1296875 0.00625 0.003125
3 0.75 0.134375 0.00625 0.003125
3 0.765625 0.1375 0.0078125 0.0046875
3 0.78046875 0.13359375 0.0125 0.0046875
3 0.79609375 0.14296875 0.00625 0.0046875
3 0.82421875 0.14765625 0.0078125 0.0046875
3 0.83671875 0.1453125 0.0125 0.0046875
3 0.8515625 0.15390625 0.0078125 0.0046875
3 0.87890625 0.159375 0.0078125 0.0046875
3 0.8875 0.15546875 0.0125 0.0046875
3 0.93515625 0.165625 0.0125 0.0046875
3 0.9796875 0.175 0.0125 0.0046875