3 0.02734375 0.63359375 0.0265625 0.0125
3 0.13984375 0.6140625 0.0265625 0.0125
3 0.25078125 0.59609375 0.021875 0.0125
3 0.35859375 0.57734375 0.01875 0.0125
3 0.465625 0.5609375 0.0140625 0.0109375
3 0.565625 0.5453125 0.015625 0.0109375
3 0.61015625 0.58671875 0.0859375 0.05625
3 0.6625 0.5296875 0.01875 0.0125
3 0.75546875 0.51328125 0.021875 0.009375
3 0.84140625 0.5 0.0234375 0.0109375
3 0.925 0.48671875 0.025 0.0109375
3 0.95703125 0.525 0.0859375 0.05
3 0.946875 0.475 0.0125 0.0046875
3 0.90546875 0.48203125 0.0125 0.0046875
3 0.86328125 0.48828125 0.0109375 0.0046875
3 0.8203125 0.4953125 0.009375 0.0046875
3 0.77578125 0.50234375 0.009375 0.0046875
3 0.73125 0.509375 0.009375 0.0046875
3 0.684375 0.51640625 0.0078125 0.0046875
3 0.63828125 0.52578125 0.0078125 0.0046875
3 0.590625 0.5328125 0.0078125 0.0046875
3 0.54140625 0.540625 0.00625 0.0046875
3 0.4921875 0.5484375 0.00625 0.0046875
3 0.440625 0.55703125 0.00625 0.0046875
3 0.38984375 0.56484375 0.00625 0.0046875
3 0.9953125 0.47421875 0.009375 0.0078125