3 0.4203125 0.56796875 0.0609375 0.0390625
3 0.15078125 0.63046875 0.059375 0.034375
3 0.7703125 0.46796875 0.059375 0.059375
3 0.94296875 0.39140625 0.0171875 0.01875
3 0.80859375 0.428125 0.0171875 0.009375
3 0.690625 0.45703125 0.0171875 0.009375
3 0.59375 0.48125 0.0171875 0.009375
3 0.4984375 0.50546875 0.0125 0.009375
3 0.41640625 0.52734375 0.0125 0.0078125
3 0.33046875 0.5484375 0.0140625 0.0078125
3 0.26015625 0.56640625 0.015625 0.0078125
3 0.2015625 0.58125 0.0140625 0.0078125
3 0.1359375 0.596875 0.0140625 0.0078125
3 0.08125 0.6109375 0.0140625 0.00625
3 0.0296875 0.6234375 0.0140625 0.00625