3 0.83125 0.56875 0.025 0.0078125
3 0.965625 0.5765625 0.0296875 0.0109375
3 0.9921875 0.56875 0.0125 0.003125
3 0.9296875 0.565625 0.0109375 0.003125
3 0.8703125 0.5625 0.0109375 0.003125
3 0.8125 0.559375 0.009375 0.003125
3 0.7578125 0.55625 0.009375 0.003125
3 0.6515625 0.5515625 0.00625 0.0015625
3 0.703125 0.553125 0.0078125 0.003125
3 0.603125 0.5484375 0.0046875 0.003125
3 0.0078125 0.521875 0.015625 0.003125
3 0.0578125 0.525 0.015625 0.003125
3 0.1078125 0.5265625 0.0140625 0.003125
3 0.1625 0.5296875 0.0140625 0.003125
3 0.2171875 0.5328125 0.0125 0.003125
3 0.2734375 0.5359375 0.0109375 0.003125
3 0.3625 0.534375 0.0046875 0.0015625
3 0.3328125 0.5328125 0.0046875 0.0015625
3 0.303125 0.53125 0.0046875 0.0015625