3 0.47421875 0.58515625 0.0140625 0.0078125
3 0.3109375 0.61953125 0.0109375 0.00625
3 0.34296875 0.61328125 0.0125 0.00625
3 0.378125 0.60625 0.0140625 0.00625
3 0.42265625 0.596875 0.0140625 0.0078125
3 0.5390625 0.57265625 0.015625 0.0078125
3 0.61875 0.55703125 0.01875 0.0109375
3 0.7234375 0.5359375 0.0203125 0.0125
3 0.859375 0.50859375 0.021875 0.015625
3 0.28125 0.625 0.0109375 0.0046875
3 0.25859375 0.63125 0.0109375 0.0046875
3 0.2359375 0.63515625 0.009375 0.003125
3 0.215625 0.63828125 0.009375 0.003125
3 0.19921875 0.64296875 0.009375 0.003125
3 0.18203125 0.6453125 0.009375 0.003125
3 0.1671875 0.64921875 0.0078125 0.003125