0 0.2984375 0.51640625 0.1703125 0.0484375
0 0.44296875 0.5484375 0.165625 0.0484375
0 0.1515625 0.48515625 0.1765625 0.05
3 0.6109375 0.57265625 0.009375 0.00625
3 0.6671875 0.58515625 0.0109375 0.00625
3 0.721875 0.596875 0.0109375 0.00625
3 0.77578125 0.6078125 0.0109375 0.0046875
3 0.82734375 0.61953125 0.0109375 0.0046875
3 0.48203125 0.54609375 0.009375 0.00625
3 0.54921875 0.56015625 0.009375 0.00625
3 0.59609375 0.56796875 0.009375 0.0046875
3 0.63828125 0.57734375 0.0078125 0.0046875
3 0.6765625 0.58515625 0.009375 0.003125
3 0.71484375 0.59375 0.0078125 0.0046875
3 0.75 0.60078125 0.009375 0.003125
3 0.78515625 0.60859375 0.0078125 0.003125
3 0.88125 0.63046875 0.0125 0.0078125
3 0.9328125 0.64140625 0.0125 0.00625