3 0.3171875 0.46171875 0.1234375 0.06875
3 0.65625 0.52578125 0.1484375 0.075
3 0.125 0.42109375 0.0921875 0.05
3 0.025 0.39765625 0.0375 0.0359375
3 0.025 0.35546875 0.0234375 0.009375
3 0.071875 0.3609375 0.0265625 0.0125
3 0.12578125 0.36484375 0.0265625 0.0109375
3 0.18359375 0.37265625 0.028125 0.0140625
3 0.25 0.3796875 0.03125 0.0140625
3 0.3234375 0.3875 0.03125 0.015625
3 0.41015625 0.39765625 0.0375 0.0171875
3 0.5046875 0.4078125 0.034375 0.01875
3 0.62421875 0.421875 0.040625 0.021875
3 0.76328125 0.43515625 0.040625 0.0234375
3 0.93671875 0.4546875 0.046875 0.0265625