3 0.428125 0.5484375 0.0640625 0.040625
3 0.5453125 0.490625 0.021875 0.0125
3 0.36875 0.4890625 0.0203125 0.0125
3 0.18125 0.490625 0.0265625 0.0140625
3 0.7140625 0.4875 0.025 0.0109375
3 0.86875 0.4875 0.028125 0.0125
3 0.9515625 0.546875 0.09375 0.04375
3 0.0046875 0.4921875 0.009375 0.0125
3 0.0765625 0.4765625 0.015625 0.00625
3 0.1703125 0.4765625 0.0125 0.00625
3 0.2625 0.475 0.0109375 0.00625
3 0.325 0.4734375 0.0109375 0.0046875
3 0.390625 0.4734375 0.009375 0.0046875
0 0.4 0.475 0.1 0.00625
3 0.4625 0.4734375 0.0078125 0.0046875
3 0.534375 0.475 0.0109375 0.00625
3 0.61875 0.475 0.0109375 0.0046875
3 0.7 0.4734375 0.0125 0.00625
3 0.765625 0.4734375 0.0109375 0.0046875
3 0.7765625 0.4734375 0.0125 0.0046875
3 0.8359375 0.4734375 0.0125 0.0046875
3 0.85 0.471875 0.0140625 0.0046875
3 0.9015625 0.471875 0.0140625 0.0046875
3 0.91875 0.4734375 0.0140625 0.0046875
3 0.96875 0.471875 0.0140625 0.0046875