3 0.634375 0.40625 0.034375 0.03125
3 0.58125 0.4453125 0.0203125 0.0171875
3 0.471875 0.5421875 0.015625 0.0125
3 0.4359375 0.665625 0.0171875 0.01875
3 0.6953125 0.4453125 0.04375 0.0171875
2 0.3234375 0.53125 0.646875 0.4125
2 0.740625 0.590625 0.515625 0.421875
2 0.7546875 0.2453125 0.0609375 0.0328125
2 0.8296875 0.25 0.05 0.015625
2 0.875 0.2515625 0.0421875 0.0171875
2 0.909375 0.2515625 0.028125 0.0171875
2 0.634375 0.24375 0.0265625 0.0171875
2 0.5125 0.2390625 0.046875 0.034375
2 0.325 0.246875 0.1421875 0.03125
3 0.9078125 0.259375 0.003125 0.003125
3 0.9625 0.3828125 0.0109375 0.009375
3 0.678125 0.765625 0.1609375 0.134375
3 0.10625 0.7078125 0.0984375 0.103125
3 0.93125 0.61875 0.021875 0.0375
3 0.98125 0.68125 0.034375 0.040625
3 0.928125 0.2546875 0.0078125 0.0078125
3 0.6421875 0.246875 0.003125 0.003125
3 0.615625 0.2515625 0.0078125 0.0046875
3 0.5390625 0.2453125 0.0078125 0.0046875
3 0.55 0.2453125 0.0109375 0.0046875
3 0.5609375 0.2453125 0.009375 0.0046875
3 0.5703125 0.2453125 0.0078125 0.0046875
3 0.58125 0.2453125 0.0109375 0.0046875
3 0.325 0.2578125 0.0015625 0.0015625
2 0.16875 0.2453125 0.125 0.01875
3 0.1015625 0.25625 0.009375 0.0015625
3 0.1546875 0.2515625 0.0109375 0.003125
3 0.1875 0.25 0.009375 0.003125
3 0.221875 0.246875 0.0078125 0.003125
3 0.43515625 0.99609375 0.0171875 0.0078125
2 0.740625 0.9328125 0.515625 0.134375
2 0.7546875 0.0859375 0.0609375 0.0328125
2 0.8296875 0.08125 0.05 0.015625
2 0.875 0.0796875 0.0421875 0.0171875
2 0.909375 0.0796875 0.028125 0.0171875
2 0.634375 0.0875 0.0265625 0.0171875
2 0.5125 0.0921875 0.046875 0.034375
2 0.325 0.084375 0.1421875 0.03125
3 0.9078125 0.071875 0.003125 0.003125
3 0.678125 0.9015625 0.1609375 0.134375
3 0.10546875 0.95390625 0.0984375 0.0921875
3 0.98125 0.9828125 0.034375 0.034375
3 0.928125 0.0765625 0.0078125 0.0078125
3 0.6421875 0.084375 0.003125 0.003125
3 0.615625 0.0796875 0.0078125 0.0046875
3 0.5390625 0.0859375 0.0078125 0.0046875
3 0.55 0.0859375 0.0109375 0.0046875
3 0.5609375 0.0859375 0.009375 0.0046875
3 0.5703125 0.0859375 0.0078125 0.0046875
3 0.58125 0.0859375 0.0109375 0.0046875
3 0.325 0.0734375 0.0015625 0.0015625
2 0.16875 0.0859375 0.125 0.01875
3 0.1015625 0.075 0.009375 0.0015625
3 0.1546875 0.0796875 0.0109375 0.003125
3 0.1875 0.08125 0.009375 0.003125
3 0.221875 0.084375 0.0078125 0.003125