3 0.184375 0.5234375 0.1515625 0.078125
3 0.784375 0.571875 0.2390625 0.1296875
3 0.4359375 0.3921875 0.0296875 0.009375
3 0.3453125 0.396875 0.028125 0.009375
3 0.2703125 0.3984375 0.0265625 0.009375
3 0.2046875 0.4015625 0.0234375 0.0078125
3 0.1484375 0.4046875 0.0234375 0.00625
3 0.0984375 0.4078125 0.021875 0.00625
3 0.9375 0.34375 0.0234375 0.0078125
3 0.8375 0.35 0.021875 0.00625
3 0.7515625 0.35625 0.0203125 0.0078125
3 0.0171875 0.4125 0.01875 0.0046875
3 0.0546875 0.409375 0.0203125 0.0046875
3 0.3671875 0.3796875 0.0140625 0.0046875
3 0.3234375 0.378125 0.0078125 0.0015625
3 0.3484375 0.3765625 0.009375 0.0015625
3 0.375 0.375 0.0078125 0.003125
3 0.4015625 0.3734375 0.009375 0.003125
3 0.4046875 0.378125 0.015625 0.0046875
3 0.43125 0.371875 0.009375 0.003125
3 0.4484375 0.375 0.015625 0.0046875
3 0.4640625 0.36875 0.009375 0.0015625
3 0.4953125 0.371875 0.015625 0.0046875
3 0.5 0.3671875 0.0109375 0.003125
3 0.5390625 0.3640625 0.0109375 0.003125
3 0.5484375 0.36875 0.0171875 0.0046875
3 0.58125 0.3609375 0.0109375 0.003125
3 0.6078125 0.365625 0.01875 0.0046875
3 0.628125 0.3578125 0.0125 0.0046875
3 0.675 0.3609375 0.01875 0.00625
3 0.6796875 0.3546875 0.0125 0.003125
3 0.6578125 0.3515625 0.009375 0.003125
3 0.6234375 0.353125 0.009375 0.0015625
3 0.696875 0.3484375 0.009375 0.003125
3 0.7390625 0.35 0.0140625 0.0046875
3 0.7359375 0.3453125 0.0109375 0.003125
3 0.78125 0.3421875 0.009375 0.003125
3 0.80625 0.3453125 0.015625 0.003125
3 0.828125 0.3390625 0.0109375 0.003125
3 0.878125 0.340625 0.015625 0.0046875
3 0.8796875 0.334375 0.0109375 0.003125
3 0.934375 0.3296875 0.0109375 0.0046875
3 0.99375 0.3265625 0.009375 0.0046875