3 0.065625 0.5515625 0.0234375 0.0078125
3 0.146875 0.553125 0.021875 0.0078125
3 0.2453125 0.5890625 0.0703125 0.03125
3 0.321875 0.553125 0.0171875 0.009375
3 0.2328125 0.553125 0.01875 0.0078125
3 0.4140625 0.553125 0.015625 0.0078125
3 0.575 0.5890625 0.0453125 0.0328125
3 0.509375 0.553125 0.0125 0.0078125
3 0.6078125 0.5546875 0.015625 0.0078125
3 0.7078125 0.5546875 0.0171875 0.009375
3 0.8109375 0.5546875 0.0203125 0.0078125
3 0.9140625 0.5546875 0.025 0.009375
3 0.9359375 0.59375 0.0890625 0.0359375
3 0.9796875 0.546875 0.0140625 0.003125
3 0.9234375 0.546875 0.0125 0.003125
3 0.86875 0.546875 0.0125 0.0015625
3 0.8140625 0.546875 0.009375 0.003125
3 0.759375 0.546875 0.009375 0.003125
3 0.70625 0.546875 0.0078125 0.003125
3 0.6546875 0.546875 0.0078125 0.003125
3 0.603125 0.546875 0.00625 0.003125
3 0.553125 0.546875 0.00625 0.003125
3 0.503125 0.5453125 0.00625 0.003125
3 0.4546875 0.546875 0.00625 0.003125
3 0.4078125 0.546875 0.00625 0.003125
3 0.3609375 0.546875 0.0078125 0.003125
3 0.315625 0.5453125 0.0078125 0.003125
3 0.271875 0.5453125 0.009375 0.003125
3 0.228125 0.5453125 0.009375 0.003125
3 0.1859375 0.5453125 0.009375 0.0015625