3 0.23046875 0.6 0.0265625 0.0140625
3 0.31171875 0.58359375 0.0203125 0.0109375
3 0.3640625 0.575 0.0171875 0.009375
3 0.20546875 0.59453125 0.0078125 0.0046875
3 0.21953125 0.5921875 0.0078125 0.0046875
3 0.2515625 0.58671875 0.0078125 0.0046875
3 0.30546875 0.57734375 0.00625 0.003125
3 0.29375 0.58046875 0.0078125 0.003125
3 0.28125 0.58125 0.00625 0.003125
3 0.32578125 0.5734375 0.0078125 0.003125
3 0.3515625 0.56875 0.00625 0.0046875
3 0.365625 0.56640625 0.0046875 0.003125
3 0.375 0.56484375 0.0078125 0.003125
3 0.40078125 0.56640625 0.0109375 0.0046875
3 0.396875 0.5609375 0.00625 0.003125
3 0.40859375 0.55859375 0.003125 0.0015625
3 0.428125 0.56015625 0.0109375 0.00625
3 0.41640625 0.5578125 0.0046875 0.003125
3 0.44453125 0.55546875 0.009375 0.0046875
3 0.45546875 0.55390625 0.0078125 0.003125
3 0.47578125 0.55 0.0109375 0.0078125
3 0.49375 0.5453125 0.0046875 0.003125
3 0.6296875 0.525 0.00625 0.0046875
3 0.6234375 0.52578125 0.0046875 0.003125
3 0.95234375 0.47265625 0.0125 0.00625
3 0.984375 0.46875 0.0109375 0.00625
3 0.92734375 0.47578125 0.0109375 0.0046875
3 0.90546875 0.47890625 0.009375 0.0046875
3 0.8890625 0.48203125 0.009375 0.0046875
3 0.871875 0.48359375 0.0078125 0.0046875
3 0.8359375 0.48828125 0.00625 0.003125
3 0.825 0.490625 0.0046875 0.003125
3 0.859375 0.4859375 0.0046875 0.003125
3 0.853125 0.48515625 0.003125 0.0015625
3 0.846875 0.48671875 0.0046875 0.003125
3 0.8171875 0.48984375 0.0046875 0.003125
3 0.8078125 0.49140625 0.003125 0.0015625
3 0.8 0.49296875 0.003125 0.0015625