3 0.09921875 0.59140625 0.0859375 0.0640625
3 0.0546875 0.540625 0.0453125 0.03125
3 0.54140625 0.48515625 0.0796875 0.0546875
3 0.56015625 0.43125 0.04375 0.0296875
3 0.590625 0.39296875 0.0203125 0.0125
3 0.509375 0.41015625 0.021875 0.0125
3 0.41796875 0.4296875 0.0234375 0.0140625
3 0.3375 0.47890625 0.046875 0.03125
3 0.20078125 0.47421875 0.025 0.0140625
3 0.31484375 0.45 0.0234375 0.015625
3 0.84296875 0.4078125 0.0765625 0.0484375
3 0.7421875 0.39140625 0.04375 0.0265625
3 0.89609375 0.35703125 0.0421875 0.025
3 0.89609375 0.328125 0.01875 0.009375
3 0.84921875 0.33828125 0.01875 0.0109375
3 0.79375 0.35 0.0203125 0.0109375
3 0.7328125 0.3625 0.0203125 0.0125
3 0.665625 0.37734375 0.021875 0.0140625
3 0.06875 0.50078125 0.0234375 0.015625
3 0.178125 0.47421875 0.015625 0.009375
3 0.128125 0.478125 0.0125 0.0078125
3 0.0921875 0.490625 0.0140625 0.0078125
3 0.05625 0.49375 0.0109375 0.00625
3 0.00234375 0.5109375 0.0046875 0.009375
3 0.19375 0.465625 0.0109375 0.00625
3 0.259375 0.45703125 0.0140625 0.0078125
3 0.3328125 0.44296875 0.0140625 0.0078125