0 0.615625 0.6453125 0.7640625 0.1203125
3 0.775 0.5609375 0.021875 0.0109375
3 0.909375 0.56875 0.028125 0.0125
3 0.8109375 0.553125 0.009375 0.003125
3 0.86875 0.55625 0.0109375 0.0046875
3 0.925 0.559375 0.0125 0.003125
3 0.65 0.5546875 0.015625 0.009375
3 0.7015625 0.546875 0.0078125 0.003125
3 0.7546875 0.55 0.009375 0.003125
3 0.6484375 0.5453125 0.00625 0.003125
3 0.5984375 0.5421875 0.00625 0.003125
3 0.534375 0.546875 0.0140625 0.009375
3 0.5484375 0.540625 0.00625 0.003125
3 0.4296875 0.5421875 0.015625 0.009375
3 0.45625 0.534375 0.00625 0.003125
3 0.5015625 0.5375 0.00625 0.003125
3 0.3671875 0.53125 0.0078125 0.003125
3 0.4109375 0.5328125 0.00625 0.003125
3 0.325 0.528125 0.0078125 0.003125
3 0.33125 0.5375 0.0171875 0.0078125
3 0.240625 0.5328125 0.0203125 0.009375
3 0.2859375 0.5265625 0.0078125 0.003125
3 0.2453125 0.525 0.009375 0.003125
3 0.2078125 0.521875 0.009375 0.003125
3 0.153125 0.528125 0.021875 0.0078125
3 0.1703125 0.5203125 0.009375 0.003125
3 0.0734375 0.5234375 0.0234375 0.0078125
3 0.003125 0.51875 0.00625 0.00625