3 0.1609375 0.571875 0.0203125 0.0109375
0 0.2625 0.5703125 0.1109375 0.009375
0 0.3296875 0.56875 0.0515625 0.0109375
0 0.4421875 0.565625 0.0359375 0.0078125
0 0.3890625 0.5671875 0.0953125 0.009375
0 0.4921875 0.565625 0.0890625 0.0078125
0 0.578125 0.5640625 0.0875 0.0078125
0 0.71875 0.5625 0.0625 0.0078125
0 0.865625 0.5609375 0.05625 0.0046875
3 0.765625 0.5640625 0.0140625 0.00625
3 0.7953125 0.5609375 0.0140625 0.0046875
3 0.8328125 0.5625 0.0140625 0.0046875
3 0.509375 0.5609375 0.0078125 0.003125
3 0.5578125 0.559375 0.0078125 0.003125
3 0.603125 0.559375 0.0078125 0.003125
3 0.64375 0.559375 0.0078125 0.003125
0 0.6484375 0.5640625 0.0765625 0.0078125
3 0.8984375 0.5625 0.015625 0.0046875
3 0.928125 0.559375 0.0140625 0.0046875
3 0.9671875 0.559375 0.0125 0.0046875
3 0.959375 0.5625 0.015625 0.003125