3 0.42421875 0.56484375 0.0421875 0.021875
3 0.30234375 0.53359375 0.040625 0.015625
3 0.21796875 0.5140625 0.0375 0.0140625
3 0.15546875 0.5 0.0296875 0.0109375
3 0.1109375 0.48984375 0.0265625 0.009375
3 0.07578125 0.48125 0.025 0.009375
3 0.62890625 0.57578125 0.0109375 0.0046875
3 0.7140625 0.5921875 0.0125 0.00625
3 0.81953125 0.61484375 0.0140625 0.00625
3 0.953125 0.640625 0.0171875 0.0078125
3 0.353125 0.51953125 0.0046875 0.0015625
3 0.3359375 0.51640625 0.0046875 0.0015625
3 0.39453125 0.528125 0.0046875 0.0015625
3 0.00859375 0.46484375 0.015625 0.00625
3 0.0265625 0.46875 0.0203125 0.0078125
3 0.046875 0.47421875 0.021875 0.0078125