3 0.5046875 0.615625 0.1296875 0.05
3 0.3734375 0.578125 0.096875 0.0359375
3 0.3015625 0.5578125 0.0703125 0.0203125
3 0.2546875 0.546875 0.05625 0.0203125
3 0.221875 0.5375 0.05 0.01875
3 0.834375 0.5078125 0.0328125 0.009375
3 0.8953125 0.5109375 0.0375 0.0125
3 0.96875 0.5125 0.0421875 0.0125
3 0.784375 0.5046875 0.0296875 0.009375
3 0.74375 0.5046875 0.0265625 0.009375
3 0.70625 0.503125 0.025 0.009375
3 0.1921875 0.5296875 0.0203125 0.009375
3 0.175 0.525 0.015625 0.0109375
3 0.6046875 0.4984375 0.01875 0.003125
3 0.625 0.5 0.01875 0.00625
3 0.6484375 0.5 0.0203125 0.00625
3 0.675 0.5 0.021875 0.00625
3 0.9640625 0.484375 0.0140625 0.0046875
3 0.990625 0.4859375 0.0140625 0.003125
3 0.9421875 0.484375 0.0125 0.003125