2 0.43125 0.61328125 0.540625 0.3625
2 0.0546875 0.52421875 0.1 0.05625
2 0.16953125 0.48515625 0.10625 0.053125
2 0.24765625 0.46875 0.0484375 0.025
2 0.3375 0.44296875 0.09375 0.04375
2 0.775 0.4046875 0.4171875 0.178125
3 0.17421875 0.59453125 0.028125 0.0328125
3 0.165625 0.57421875 0.0234375 0.01875
3 0.240625 0.475 0.009375 0.00625
3 0.253125 0.471875 0.009375 0.00625
3 0.23359375 0.4765625 0.0046875 0.0046875
3 0.0140625 0.54296875 0.00625 0.0046875
3 0.13359375 0.5046875 0.003125 0.0015625
3 0.22734375 0.4734375 0.0015625 0.0015625
3 0.42890625 0.428125 0.0015625 0.0015625
2 0.6734375 0.4859375 0.490625 0.2484375
2 0.51484375 0.94765625 0.4953125 0.1046875