3 0.425 0.57265625 0.2671875 0.165625
3 0.66953125 0.3734375 0.09375 0.046875
3 0.2375 0.39765625 0.0921875 0.053125
3 0.415625 0.34296875 0.05625 0.025
3 0.1578125 0.35625 0.0546875 0.0265625
3 0.95546875 0.29140625 0.025 0.009375
3 0.9078125 0.28828125 0.0203125 0.009375
3 0.83984375 0.29765625 0.0234375 0.0109375
3 0.8140625 0.29140625 0.01875 0.009375
3 0.71953125 0.303125 0.021875 0.0109375
3 0.59453125 0.31015625 0.0234375 0.0109375
3 0.62109375 0.30234375 0.01875 0.0109375
3 0.51953125 0.30625 0.0171875 0.0109375
3 0.46484375 0.31640625 0.0234375 0.0109375
3 0.55625 0.3 0.015625 0.009375
3 0.4796875 0.30390625 0.0140625 0.009375
3 0.41484375 0.31171875 0.01875 0.009375
3 0.39765625 0.30859375 0.0140625 0.0078125
3 0.33125 0.32265625 0.025 0.0109375
3 0.30703125 0.31640625 0.0203125 0.0109375
3 0.190625 0.32890625 0.025 0.009375
3 0.18046875 0.3234375 0.0171875 0.009375
3 0.19921875 0.3203125 0.0171875 0.0109375
3 0.13359375 0.3203125 0.0140625 0.009375
3 0.22421875 0.315625 0.0140625 0.009375
3 0.040625 0.33671875 0.021875 0.009375
3 0.05546875 0.32890625 0.021875 0.009375
3 0.03984375 0.32421875 0.0140625 0.009375
3 0.00859375 0.32109375 0.009375 0.00625
3 0.1609375 0.3140625 0.009375 0.0046875
3 0.25625 0.30703125 0.0078125 0.003125
3 0.3296875 0.30234375 0.009375 0.0046875
3 0.3578125 0.3046875 0.009375 0.0046875
3 0.3671875 0.30234375 0.0078125 0.0046875
3 0.41875 0.30234375 0.009375 0.0046875
3 0.5125 0.3 0.0140625 0.00625
3 0.540625 0.296875 0.009375 0.003125
3 0.5765625 0.29765625 0.0140625 0.0078125
3 0.6 0.29375 0.009375 0.003125
3 0.6421875 0.29453125 0.0125 0.00625
3 0.71875 0.2953125 0.0171875 0.0078125
3 0.7015625 0.29140625 0.0078125 0.0046875
3 0.6578125 0.29140625 0.0109375 0.0046875
3 0.765625 0.2890625 0.0125 0.00625
3 0.8265625 0.2859375 0.0125 0.0078125
3 0.9421875 0.2796875 0.0125 0.00625
3 0.884375 0.28359375 0.0125 0.00625
3 0.93515625 0.2765625 0.0109375 0.0046875
3 0.87421875 0.278125 0.0140625 0.00625