3 0.409375 0.6046875 0.121875 0.059375
3 0.690625 0.5875 0.096875 0.04375
3 0.8578125 0.5765625 0.06875 0.034375
3 0.9734375 0.5671875 0.05 0.0296875
3 0.825 0.528125 0.021875 0.009375
3 0.8671875 0.5265625 0.0203125 0.00625
3 0.903125 0.5265625 0.0203125 0.0078125
3 0.7765625 0.528125 0.021875 0.009375
3 0.7203125 0.528125 0.0234375 0.009375
3 0.653125 0.5296875 0.028125 0.0078125
3 0.575 0.5296875 0.0265625 0.0109375
3 0.4828125 0.5296875 0.0296875 0.0125
3 0.3765625 0.5328125 0.0328125 0.0125
3 0.2421875 0.5328125 0.034375 0.0140625
3 0.009375 0.503125 0.0109375 0.0046875
3 0.0578125 0.503125 0.009375 0.003125
3 0.078125 0.534375 0.0375 0.0171875
3 0.103125 0.503125 0.009375 0.003125
3 0.153125 0.50625 0.0125 0.0046875
3 0.184375 0.5046875 0.009375 0.003125
3 0.2015625 0.50625 0.0125 0.0046875
3 0.246875 0.50625 0.009375 0.003125
3 0.2203125 0.5046875 0.009375 0.003125
3 0.25625 0.5046875 0.0078125 0.0015625
3 0.2875 0.5078125 0.009375 0.003125
3 0.3171875 0.509375 0.0125 0.0046875
3 0.36875 0.509375 0.0125 0.0046875
3 0.3625 0.5078125 0.0078125 0.003125
3 0.3453125 0.50625 0.0078125 0.0015625
3 0.328125 0.5078125 0.009375 0.003125
3 0.396875 0.5078125 0.009375 0.003125
3 0.415625 0.5109375 0.0109375 0.0046875
3 0.4296875 0.5078125 0.009375 0.003125
3 0.459375 0.5109375 0.0109375 0.003125
3 0.4875 0.509375 0.0078125 0.003125
3 0.5 0.5109375 0.009375 0.0046875
3 0.5140625 0.509375 0.0078125 0.0015625
3 0.540625 0.5125 0.009375 0.003125
3 0.5765625 0.5125 0.009375 0.003125
3 0.6078125 0.51875 0.015625 0.0046875
3 0.6125 0.5125 0.009375 0.003125
3 0.64375 0.5125 0.0109375 0.0015625
3 0.659375 0.51875 0.015625 0.003125
3 0.6734375 0.5125 0.0078125 0.003125
3 0.7046875 0.5125 0.009375 0.003125
3 0.70625 0.51875 0.0140625 0.0046875
3 0.7875 0.51875 0.0140625 0.003125
3 0.7484375 0.51875 0.015625 0.003125
3 0.73125 0.5140625 0.009375 0.003125
3 0.7578125 0.5140625 0.009375 0.003125
3 0.78125 0.5140625 0.0078125 0.003125
3 0.8046875 0.5140625 0.0078125 0.003125
3 0.821875 0.51875 0.0140625 0.003125
3 0.846875 0.5140625 0.0078125 0.003125
3 0.8546875 0.51875 0.0125 0.003125
3 0.8859375 0.51875 0.0125 0.003125
3 0.9140625 0.51875 0.0125 0.003125
3 0.9390625 0.51875 0.0109375 0.003125
3 0.934375 0.5265625 0.01875 0.00625
3 0.9609375 0.5265625 0.0171875 0.0046875
3 0.9828125 0.525 0.0171875 0.0046875
3 0.9859375 0.51875 0.0109375 0.003125
3 0.9640625 0.51875 0.0109375 0.003125