3 0.6296875 0.5953125 0.0375 0.01875
3 0.6125 0.58125 0.0203125 0.0109375
3 0.2859375 0.5609375 0.009375 0.003125
3 0.3078125 0.5625 0.0125 0.003125
3 0.321875 0.5609375 0.0078125 0.0015625
3 0.353125 0.5625 0.0109375 0.0015625
3 0.3515625 0.559375 0.0078125 0.0015625
3 0.390625 0.5609375 0.009375 0.003125
3 0.4203125 0.5609375 0.0078125 0.0015625
3 0.60625 0.571875 0.0125 0.00625
3 0.621875 0.5640625 0.00625 0.003125
3 0.628125 0.5625 0.0046875 0.003125
3 0.6359375 0.5625 0.0046875 0.0015625
3 0.6421875 0.5625 0.0046875 0.0015625
3 0.65 0.5609375 0.0046875 0.0015625
3 0.659375 0.5609375 0.0046875 0.0015625
3 0.66875 0.5609375 0.0046875 0.0015625
3 0.678125 0.5609375 0.003125 0.0015625
3 0.6875 0.559375 0.003125 0.0015625
3 0.6984375 0.559375 0.003125 0.0015625