3 0.66171875 0.65546875 0.0421875 0.01875
3 0.74140625 0.65546875 0.0375 0.0171875
3 0.80078125 0.6546875 0.03125 0.0140625
3 0.85234375 0.6546875 0.0296875 0.0125
3 0.89296875 0.6546875 0.025 0.0125
3 0.92578125 0.65390625 0.025 0.0109375
3 0.9578125 0.65234375 0.021875 0.0078125
3 0.9828125 0.653125 0.021875 0.0078125
3 0.10625 0.61953125 0.0296875 0.0125
3 0.21875 0.6234375 0.028125 0.0125
3 0.3125 0.6234375 0.025 0.0109375
3 0.390625 0.62578125 0.0234375 0.009375
3 0.4609375 0.6265625 0.0203125 0.0078125
3 0.5203125 0.62890625 0.01875 0.0078125
3 0.571875 0.62890625 0.01875 0.0046875
3 0.61875 0.63046875 0.01875 0.0046875
3 0.6609375 0.63203125 0.0171875 0.00625
3 0.696875 0.63359375 0.0171875 0.00625
3 0.834375 0.63515625 0.0125 0.003125
3 0.81875 0.6359375 0.0125 0.003125
3 0.8 0.6359375 0.0140625 0.0046875
3 0.7796875 0.63515625 0.0140625 0.0046875
3 0.75625 0.634375 0.0140625 0.0046875
3 0.728125 0.634375 0.015625 0.0046875
3 0.00859375 0.59375 0.009375 0.003125
3 0.04765625 0.5953125 0.0078125 0.003125
3 0.08359375 0.59609375 0.009375 0.003125
3 0.11796875 0.59765625 0.009375 0.003125
3 0.14609375 0.6 0.0109375 0.003125
3 0.18359375 0.6015625 0.0109375 0.003125
3 0.21953125 0.603125 0.009375 0.003125
3 0.25078125 0.60390625 0.0078125 0.003125
3 0.29296875 0.60703125 0.0109375 0.003125
3 0.28203125 0.6046875 0.0078125 0.003125
3 0.20703125 0.60078125 0.0078125 0.0015625
3 0.23359375 0.6015625 0.0078125 0.0015625
3 0.31171875 0.60625 0.0078125 0.003125
3 0.33203125 0.61015625 0.0109375 0.003125
3 0.33984375 0.60703125 0.0078125 0.003125
3 0.36953125 0.609375 0.009375 0.003125
3 0.36484375 0.6078125 0.0078125 0.0015625
3 0.38984375 0.60859375 0.0078125 0.0015625
3 0.40390625 0.6109375 0.009375 0.003125
3 0.41328125 0.609375 0.0078125 0.003125
3 0.43828125 0.61328125 0.009375 0.003125
3 0.46796875 0.61484375 0.0078125 0.003125
3 0.49765625 0.615625 0.0078125 0.003125
3 0.54609375 0.621875 0.0125 0.003125
3 0.52578125 0.61640625 0.0078125 0.003125
3 0.55234375 0.6171875 0.0078125 0.003125
3 0.57578125 0.61796875 0.0078125 0.003125
3 0.58359375 0.6234375 0.0109375 0.003125
3 0.60078125 0.61953125 0.0078125 0.003125
3 0.62109375 0.61953125 0.0078125 0.003125
3 0.61953125 0.62421875 0.0125 0.0015625
3 0.64296875 0.6203125 0.0078125 0.003125
3 0.65078125 0.62578125 0.0109375 0.003125
3 0.66328125 0.62109375 0.0078125 0.003125
3 0.678125 0.6265625 0.0109375 0.003125
3 0.68203125 0.621875 0.00625 0.0015625
3 0.71640625 0.625 0.0078125 0.0015625