2 0.4796875 0.5765625 0.775 0.26875
2 0.38359375 0.28984375 0.0625 0.0140625
2 0.45703125 0.29296875 0.0359375 0.0109375
2 0.53203125 0.29609375 0.046875 0.0125
2 0.6296875 0.30234375 0.034375 0.0171875
2 0.6671875 0.309375 0.03125 0.0140625
2 0.7109375 0.31484375 0.053125 0.021875
2 0.7828125 0.315625 0.0953125 0.0453125
3 0.1328125 0.41875 0.021875 0.0171875
3 0.059375 0.384375 0.0484375 0.021875
3 0.19609375 0.34296875 0.0078125 0.0046875
2 0.07421875 0.3546875 0.1453125 0.06875
2 0.2046875 0.29765625 0.13125 0.0359375
2 0.203125 0.30703125 0.1078125 0.021875
2 0.26953125 0.28828125 0.0265625 0.0125
3 0.578125 0.3 0.0078125 0.003125
3 0.590625 0.3015625 0.009375 0.003125
3 0.8546875 0.3359375 0.009375 0.00625