0 0.3671875 0.4546875 0.134375 0.0265625
0 0.2765625 0.4609375 0.115625 0.0234375
0 0.47578125 0.4453125 0.15625 0.0296875
0 0.7703125 0.421875 0.225 0.0390625
0 0.6078125 0.434375 0.1875 0.0328125
3 0.2609375 0.53359375 0.1046875 0.0546875
3 0.034375 0.53671875 0.06875 0.040625
3 0.665625 0.52109375 0.134375 0.0703125
3 0.1640625 0.4703125 0.03125 0.0140625
1 0.7734375 0.37421875 0.0109375 0.03125
3 0.80078125 0.40859375 0.028125 0.009375
3 0.91875 0.4 0.03125 0.009375
3 0.70234375 0.4171875 0.0265625 0.009375
3 0.6203125 0.42421875 0.0234375 0.009375
3 0.4921875 0.434375 0.021875 0.00625
3 0.55 0.43046875 0.0234375 0.0078125