3 0.2890625 0.51484375 0.0625 0.0359375
3 0.55546875 0.61328125 0.0515625 0.034375
3 0.1125 0.44765625 0.0625 0.0296875
3 0.8609375 0.67265625 0.0203125 0.0125
3 0.65703125 0.6015625 0.0140625 0.0078125
3 0.75234375 0.63359375 0.0140625 0.009375
3 0.6578125 0.5921875 0.003125 0.0015625
3 0.57734375 0.57421875 0.0125 0.0078125
3 0.5046875 0.55 0.0125 0.0078125
3 0.52578125 0.54921875 0.0046875 0.003125
3 0.55546875 0.55859375 0.0046875 0.003125
3 0.55625 0.56171875 0.0078125 0.003125
3 0.62109375 0.5796875 0.0046875 0.003125
3 0.58671875 0.56875 0.003125 0.0015625
3 0.4421875 0.5296875 0.0125 0.00625
3 0.465625 0.53125 0.0078125 0.0046875
3 0.47109375 0.5296875 0.0046875 0.003125
3 0.50859375 0.54609375 0.0078125 0.0046875
3 0.42578125 0.5171875 0.00625 0.003125
3 0.3875 0.51015625 0.0125 0.00625
3 0.38984375 0.50625 0.0078125 0.003125
3 0.421875 0.51484375 0.0046875 0.003125
3 0.37734375 0.49921875 0.0046875 0.003125
3 0.35703125 0.4953125 0.00625 0.003125
3 0.39921875 0.50703125 0.003125 0.0015625
3 0.2921875 0.478125 0.0125 0.00625
3 0.33671875 0.49375 0.0140625 0.0078125
3 0.328125 0.484375 0.00625 0.003125
3 0.21875 0.45234375 0.0125 0.00625
3 0.25234375 0.4640625 0.0125 0.00625
3 0.01171875 0.409375 0.0125 0.0125