3 0.0765625 0.59921875 0.0671875 0.025
3 0.271875 0.59296875 0.0421875 0.0234375
3 0.478125 0.584375 0.03125 0.0265625
3 0.68828125 0.5734375 0.0453125 0.0203125
3 0.6140625 0.5578125 0.0125 0.00625
3 0.5328125 0.5625 0.009375 0.009375
3 0.4546875 0.56484375 0.0125 0.0078125
3 0.375 0.56875 0.0140625 0.00625
3 0.2953125 0.571875 0.015625 0.009375
3 0.425 0.56171875 0.00625 0.003125
3 0.4703125 0.559375 0.00625 0.003125
3 0.515625 0.55703125 0.0046875 0.0015625
3 0.5625 0.5546875 0.0078125 0.003125
3 0.6078125 0.55390625 0.0078125 0.003125
3 0.6953125 0.55390625 0.015625 0.0078125
3 0.653125 0.5515625 0.0078125 0.003125
3 0.90703125 0.56328125 0.053125 0.0265625
3 0.771875 0.5515625 0.0203125 0.00625