3 0.821875 0.5515625 0.059375 0.0234375
3 0.571875 0.5296875 0.046875 0.0171875
3 0.4203125 0.5203125 0.0375 0.0140625
3 0.321875 0.5140625 0.03125 0.0109375
3 0.25 0.509375 0.028125 0.0109375
3 0.796875 0.5015625 0.0109375 0.003125
3 0.684375 0.5046875 0.0171875 0.00625
3 0.6421875 0.503125 0.0140625 0.00625
3 0.6046875 0.5 0.0125 0.0046875
3 0.5734375 0.5 0.0109375 0.0046875
3 0.5453125 0.4984375 0.0109375 0.0046875
3 0.5203125 0.496875 0.0109375 0.0046875
3 0.4984375 0.496875 0.009375 0.003125
3 0.478125 0.4953125 0.0078125 0.003125
3 0.4578125 0.49375 0.0078125 0.003125
3 0.4390625 0.49375 0.0078125 0.003125
3 0.4234375 0.49375 0.0078125 0.003125
3 0.40625 0.4921875 0.0078125 0.0015625
3 0.390625 0.4921875 0.00625 0.003125
3 0.3765625 0.490625 0.00625 0.0015625
3 0.3625 0.490625 0.00625 0.0015625
3 0.35 0.490625 0.00625 0.0015625