3 0.4390625 0.53515625 0.0171875 0.0078125
3 0.37734375 0.52265625 0.015625 0.00625
3 0.328125 0.51328125 0.015625 0.00625
3 0.28671875 0.50546875 0.015625 0.00625
3 0.5125 0.55 0.0171875 0.0078125
3 0.6078125 0.56953125 0.0203125 0.009375
3 0.73046875 0.59453125 0.021875 0.0125
3 0.8953125 0.62734375 0.0296875 0.015625
3 0.54921875 0.5453125 0.0046875 0.0015625
3 0.58203125 0.55078125 0.0046875 0.0015625
3 0.5203125 0.540625 0.0046875 0.0015625
3 0.49375 0.53515625 0.0046875 0.0015625
3 0.46953125 0.53125 0.0046875 0.0015625
3 0.44609375 0.5265625 0.0046875 0.0015625
3 0.41328125 0.52421875 0.0078125 0.003125
3 0.38125 0.5171875 0.0078125 0.003125
3 0.40625 0.5203125 0.0046875 0.0015625
3 0.35234375 0.51171875 0.0078125 0.003125
3 0.32578125 0.50703125 0.00625 0.0015625
3 0.3046875 0.503125 0.00625 0.0015625
3 0.2515625 0.49765625 0.0140625 0.0046875
3 0.1484375 0.47734375 0.0109375 0.0046875
3 0.16875 0.48125 0.0109375 0.0046875
3 0.19296875 0.4859375 0.0125 0.0046875
3 0.21953125 0.4921875 0.0125 0.0046875
3 0.13046875 0.4734375 0.009375 0.003125
3 0.11484375 0.471875 0.009375 0.003125