3 0.1875 0.5265625 0.0453125 0.0203125
3 0.10859375 0.5140625 0.0375 0.0171875
3 0.53515625 0.55078125 0.015625 0.0078125
3 0.44296875 0.53828125 0.0109375 0.00625
3 0.39296875 0.5328125 0.0125 0.00625
3 0.01953125 0.4984375 0.03125 0.0109375
3 0.284375 0.51796875 0.0078125 0.0046875
3 0.259375 0.515625 0.0078125 0.003125
3 0.3140625 0.52109375 0.009375 0.003125
3 0.34765625 0.5265625 0.009375 0.003125
3 0.384375 0.52734375 0.00625 0.0015625
3 0.43046875 0.53203125 0.00625 0.0015625
3 0.3484375 0.521875 0.0046875 0.0015625
3 0.365625 0.525 0.00625 0.0015625
3 0.40546875 0.5296875 0.00625 0.0015625
3 0.45859375 0.53671875 0.0078125 0.003125
3 0.48828125 0.53515625 0.003125 0.0015625
3 0.48984375 0.53984375 0.0078125 0.003125
3 0.46796875 0.5328125 0.003125 0.0015625
3 0.446875 0.53046875 0.003125 0.0015625
3 0.428125 0.52890625 0.003125 0.0015625
3 0.50546875 0.53828125 0.0046875 0.0015625
3 0.528125 0.5453125 0.0078125 0.003125
3 0.52578125 0.540625 0.0046875 0.0015625
3 0.5484375 0.54453125 0.00625 0.0015625
3 0.56015625 0.54375 0.003125 0.0015625
3 0.575 0.546875 0.00625 0.0015625
3 0.5734375 0.55 0.0078125 0.003125
3 0.603125 0.55 0.00625 0.0015625
3 0.62578125 0.55703125 0.009375 0.0046875
3 0.634375 0.553125 0.00625 0.003125
3 0.66640625 0.55859375 0.00625 0.003125
3 0.70546875 0.5625 0.00625 0.003125
3 0.69140625 0.5640625 0.009375 0.0046875
3 0.74765625 0.5671875 0.00625 0.003125
3 0.7953125 0.571875 0.00625 0.003125
3 0.8484375 0.57890625 0.00625 0.003125
3 0.90390625 0.59140625 0.0140625 0.0046875
3 0.90859375 0.58515625 0.0078125 0.0046875
3 0.97734375 0.59453125 0.009375 0.0046875