3 0.1703125 0.54375 0.0140625 0.00625
3 0.1984375 0.54296875 0.0140625 0.00625
3 0.2359375 0.540625 0.0140625 0.00625
3 0.2796875 0.5390625 0.015625 0.0078125
3 0.33125 0.53671875 0.015625 0.0078125
3 0.39140625 0.53203125 0.015625 0.0078125
3 0.359375 0.52109375 0.00625 0.0015625
3 0.3390625 0.5234375 0.00625 0.0015625
3 0.384375 0.5203125 0.00625 0.0015625
3 0.4109375 0.51875 0.00625 0.0015625
3 0.440625 0.515625 0.00625 0.0015625
3 0.46328125 0.52734375 0.0140625 0.009375
3 0.475 0.51328125 0.00625 0.003125
3 0.5125 0.5109375 0.00625 0.0015625
3 0.5546875 0.50859375 0.00625 0.003125
3 0.54609375 0.521875 0.015625 0.0109375
3 0.59921875 0.50546875 0.00625 0.003125
3 0.64453125 0.51640625 0.0125 0.009375
3 0.65078125 0.5015625 0.00625 0.003125
3 0.70546875 0.496875 0.00625 0.003125
3 0.75703125 0.5078125 0.0203125 0.0109375
3 0.76484375 0.49296875 0.0078125 0.0046875
3 0.82578125 0.4875 0.0109375 0.0046875
3 0.8921875 0.48203125 0.0140625 0.0046875
3 0.88671875 0.5 0.028125 0.0125
3 0.9578125 0.47734375 0.015625 0.0046875