0 0.5921875 0.54375 0.0953125 0.015625
0 0.5140625 0.54765625 0.09375 0.015625
3 0.7171875 0.53515625 0.01875 0.0078125
0 0.4375 0.5515625 0.090625 0.015625
0 0.15703125 0.56796875 0.0828125 0.0140625
3 0.278125 0.59375 0.0515625 0.0265625
3 0.25703125 0.5625 0.0171875 0.009375
3 0.32578125 0.5578125 0.0171875 0.009375
3 0.40859375 0.5609375 0.0234375 0.0109375
3 0.60546875 0.57578125 0.0375 0.0265625
3 0.690625 0.54140625 0.0234375 0.009375
3 0.78125 0.53671875 0.0234375 0.009375
3 0.8015625 0.53046875 0.0203125 0.009375
3 0.8671875 0.52890625 0.025 0.009375
3 0.8890625 0.52578125 0.025 0.009375
3 0.9515625 0.525 0.0265625 0.0109375
3 0.025 0.61015625 0.0390625 0.01875
3 0.06015625 0.57265625 0.0203125 0.009375
3 0.453125 0.5453125 0.0078125 0.0015625
3 0.51171875 0.55390625 0.021875 0.009375
3 0.4921875 0.54296875 0.0078125 0.0015625
3 0.525 0.540625 0.0078125 0.003125
3 0.60234375 0.55078125 0.021875 0.0046875
3 0.5609375 0.53828125 0.00625 0.003125
3 0.59453125 0.5359375 0.00625 0.0015625
3 0.63125 0.534375 0.0078125 0.0015625
3 0.66484375 0.53203125 0.0078125 0.003125
3 0.69765625 0.5296875 0.0078125 0.0015625
3 0.98046875 0.51953125 0.0265625 0.0109375
3 0.95546875 0.51484375 0.0109375 0.003125
3 0.91171875 0.51640625 0.0109375 0.003125
3 0.96875 0.55546875 0.0625 0.0359375