3 0.7 0.5671875 0.021875 0.009375
3 0.88125 0.58125 0.028125 0.0140625
3 0.56875 0.55625 0.021875 0.0078125
3 0.4734375 0.546875 0.0203125 0.00625
3 0.3984375 0.5421875 0.01875 0.00625
3 0.3390625 0.5375 0.01875 0.0046875
3 0.290625 0.5328125 0.0171875 0.0046875
3 0.2515625 0.53125 0.015625 0.003125
3 0.21875 0.528125 0.0140625 0.0046875
3 0.0796875 0.5171875 0.0078125 0.0015625
3 0.09375 0.5171875 0.009375 0.003125
3 0.1078125 0.51875 0.0109375 0.0015625
3 0.1234375 0.5203125 0.0109375 0.003125
3 0.14375 0.521875 0.0125 0.003125
3 0.1640625 0.5234375 0.0125 0.003125
3 0.1890625 0.525 0.0140625 0.003125
3 0.275 0.525 0.00625 0.0015625
3 0.3171875 0.528125 0.0078125 0.0015625
3 0.2953125 0.5265625 0.0046875 0.0015625
3 0.3421875 0.5296875 0.0078125 0.0015625
3 0.371875 0.5328125 0.0078125 0.0015625
3 0.4953125 0.5359375 0.0046875 0.0015625
3 0.4703125 0.534375 0.0046875 0.0015625
3 0.4484375 0.5328125 0.0046875 0.0015625
3 0.4265625 0.5328125 0.0046875 0.0015625
3 0.5234375 0.5375 0.0046875 0.0015625
3 0.553125 0.540625 0.0046875 0.0015625
3 0.5859375 0.5421875 0.0046875 0.0015625
3 0.9421875 0.56875 0.0125 0.0046875
3 0.9359375 0.5609375 0.0046875 0.0015625
3 0.89375 0.559375 0.0046875 0.0015625