0 0.2546875 0.509375 0.4203125 0.040625
0 0.625 0.5125 0.4109375 0.040625
3 0.8984375 0.4796875 0.03125 0.0140625
3 0.7203125 0.4765625 0.0265625 0.0171875
3 0.534375 0.475 0.021875 0.015625
3 0.3453125 0.4734375 0.0234375 0.015625
3 0.1578125 0.46875 0.025 0.0140625
3 0.0328125 0.45 0.0125 0.00625
3 0.1421875 0.4515625 0.0125 0.00625
3 0.2515625 0.453125 0.0125 0.00625
3 0.353125 0.4546875 0.0125 0.0078125
3 0.4578125 0.45625 0.0140625 0.0046875
3 0.284375 0.4515625 0.0109375 0.00625
3 0.0640625 0.446875 0.0109375 0.0046875
3 0.0984375 0.4484375 0.009375 0.0046875
3 0.1484375 0.446875 0.009375 0.0046875
3 0.1921875 0.45 0.009375 0.003125
3 0.234375 0.4484375 0.0078125 0.003125
3 0.315625 0.45 0.009375 0.0046875
3 0.3734375 0.4515625 0.009375 0.0046875
3 0.3953125 0.45 0.0078125 0.0046875
3 0.4734375 0.4515625 0.009375 0.0046875
3 0.5578125 0.4578125 0.0140625 0.0046875
3 0.6359375 0.45625 0.009375 0.003125
3 0.7203125 0.45625 0.0125 0.003125
3 0.6296875 0.45 0.0078125 0.00625