3 0.178125 0.584375 0.0515625 0.025
3 0.2609375 0.56796875 0.040625 0.01875
3 0.31640625 0.55546875 0.0328125 0.01875
3 0.35546875 0.5484375 0.028125 0.015625
3 0.3875 0.54140625 0.021875 0.0109375
3 0.409375 0.5359375 0.01875 0.009375
3 0.42734375 0.5328125 0.0171875 0.009375
3 0.44453125 0.5296875 0.0140625 0.0078125
3 0.484375 0.5203125 0.0078125 0.0046875
3 0.45703125 0.52734375 0.0109375 0.0078125
3 0.46796875 0.525 0.009375 0.00625
3 0.4765625 0.52265625 0.0078125 0.00625
3 0.0328125 0.578125 0.0234375 0.009375
3 0.0859375 0.56953125 0.021875 0.0078125
3 0.12890625 0.5640625 0.01875 0.0078125
3 0.16328125 0.5578125 0.015625 0.0078125
3 0.19296875 0.55546875 0.015625 0.00625
3 0.21875 0.5515625 0.0140625 0.00625
3 0.2390625 0.54765625 0.0140625 0.00625
3 0.78671875 0.515625 0.0421875 0.0203125
3 0.4921875 0.51953125 0.00625 0.0046875
3 0.4984375 0.5171875 0.00625 0.0046875