2 0.41796875 0.6046875 0.5203125 0.3078125
2 0.05546875 0.46953125 0.096875 0.0453125
2 0.1734375 0.44453125 0.1046875 0.0421875
2 0.253125 0.43828125 0.0484375 0.0203125
2 0.34609375 0.4234375 0.0921875 0.0328125
2 0.784375 0.4390625 0.415625 0.13125
3 0.16484375 0.55390625 0.025 0.0296875
3 0.159375 0.5328125 0.021875 0.015625
3 0.24609375 0.44375 0.0078125 0.00625
3 0.25859375 0.4421875 0.0078125 0.00625
3 0.23828125 0.44453125 0.0046875 0.003125
3 0.0125 0.48359375 0.00625 0.003125
3 0.1359375 0.459375 0.003125 0.0015625
3 0.2328125 0.43984375 0.0015625 0.0015625
3 0.43828125 0.4203125 0.0015625 0.0015625
2 0.6734375 0.50703125 0.4828125 0.1953125
2 0.45703125 0.96171875 0.4984375 0.0765625