0 0.128125 0.5234375 0.15 0.0203125
0 0.25625 0.5296875 0.1671875 0.0234375
0 0.3984375 0.5375 0.1875 0.025
0 0.5671875 0.5453125 0.2109375 0.0265625
0 0.74375 0.5546875 0.21875 0.0296875
3 0.8859375 0.5328125 0.0171875 0.009375
3 0.778125 0.528125 0.0109375 0.0078125
3 0.6765625 0.525 0.0140625 0.009375
3 0.58125 0.51875 0.0140625 0.0078125
3 0.4984375 0.515625 0.015625 0.009375
3 0.4203125 0.5125 0.0140625 0.00625
3 0.3484375 0.5109375 0.015625 0.00625
3 0.221875 0.5046875 0.0140625 0.0046875
3 0.2828125 0.5078125 0.015625 0.00625