3 0.0609375 0.6109375 0.0515625 0.0234375
3 0.246875 0.5890625 0.0390625 0.021875
3 0.43984375 0.56953125 0.0296875 0.021875
3 0.63828125 0.5484375 0.0296875 0.021875
3 0.84375 0.5265625 0.0484375 0.0234375
3 0.278125 0.5703125 0.0140625 0.0078125
3 0.203125 0.578125 0.0171875 0.0078125
3 0.12890625 0.5859375 0.0171875 0.00625
3 0.05625 0.5953125 0.01875 0.0078125
3 0.04140625 0.590625 0.0125 0.0046875
3 0.08203125 0.58671875 0.009375 0.003125
3 0.121875 0.58203125 0.009375 0.0046875
3 0.1625 0.578125 0.009375 0.0046875
3 0.2046875 0.5734375 0.0078125 0.003125
3 0.24609375 0.56875 0.0078125 0.0046875
3 0.28828125 0.56484375 0.0078125 0.003125
3 0.33203125 0.55859375 0.0078125 0.0046875
3 0.375 0.55390625 0.0078125 0.003125
3 0.975 0.4875 0.0109375 0.0046875
3 0.9234375 0.49296875 0.0109375 0.003125