3 0.240625 0.48515625 0.0375 0.025
3 0.31796875 0.5046875 0.0359375 0.0203125
3 0.1265625 0.46328125 0.0515625 0.0328125
3 0.37734375 0.5171875 0.0296875 0.01875
3 0.41875 0.525 0.0265625 0.0171875
3 0.45234375 0.5328125 0.0234375 0.0140625
3 0.48125 0.5390625 0.0234375 0.0125
3 0.4921875 0.603125 0.0828125 0.05
3 0.58359375 0.61015625 0.059375 0.0390625
3 0.6375 0.61484375 0.046875 0.0328125
3 0.675 0.61484375 0.0375 0.025
3 0.7015625 0.6171875 0.0328125 0.021875
3 0.71953125 0.6171875 0.025 0.0171875
3 0.4203125 0.5140625 0.0125 0.00625
3 0.44765625 0.52109375 0.0109375 0.00625
3 0.4703125 0.52734375 0.0109375 0.00625
3 0.49296875 0.53359375 0.009375 0.0046875
3 0.5109375 0.53671875 0.009375 0.0046875
3 0.52890625 0.5421875 0.0078125 0.003125
3 0.54453125 0.54609375 0.0078125 0.003125
3 0.559375 0.55 0.0078125 0.003125
3 0.571875 0.553125 0.0078125 0.0046875
3 0.58359375 0.55625 0.0078125 0.003125
3 0.5953125 0.559375 0.0078125 0.0046875
3 0.60625 0.5625 0.0078125 0.003125
3 0.615625 0.56484375 0.00625 0.003125
3 0.2078125 0.45390625 0.0125 0.00625
3 0.24609375 0.4625 0.0140625 0.0078125
3 0.28046875 0.4734375 0.0109375 0.00625
3 0.3125 0.48203125 0.0109375 0.00625
3 0.340625 0.48984375 0.0109375 0.00625
3 0.36640625 0.496875 0.009375 0.0046875
3 0.3890625 0.50234375 0.009375 0.0046875
3 0.4109375 0.50703125 0.0078125 0.0046875
3 0.42890625 0.51171875 0.0078125 0.003125
3 0.446875 0.51640625 0.0078125 0.0046875
3 0.46171875 0.521875 0.0078125 0.0046875
3 0.47734375 0.525 0.0078125 0.003125
3 0.490625 0.528125 0.00625 0.0046875
3 0.51328125 0.534375 0.00625 0.003125
3 0.503125 0.53125 0.00625 0.003125
3 0.52421875 0.5375 0.00625 0.003125
3 0.5328125 0.53984375 0.00625 0.003125
3 0.540625 0.54140625 0.00625 0.003125
3 0.73359375 0.61796875 0.021875 0.0140625
3 0.7484375 0.61796875 0.0078125 0.009375