3 0.29453125 0.4453125 0.128125 0.0796875
3 0.80390625 0.63203125 0.184375 0.1234375
3 0.0640625 0.3640625 0.0890625 0.0546875
3 0.72578125 0.47265625 0.028125 0.01875
3 0.86015625 0.5078125 0.0359375 0.0234375
3 0.61640625 0.4453125 0.0296875 0.01875
3 0.53046875 0.4234375 0.0296875 0.015625
3 0.45546875 0.4015625 0.021875 0.015625
3 0.39296875 0.38671875 0.0234375 0.0140625
3 0.3390625 0.37109375 0.0234375 0.0125
3 0.290625 0.3578125 0.01875 0.0109375
3 0.25 0.34765625 0.01875 0.0125
3 0.215625 0.3375 0.0203125 0.0109375