3 0.275 0.565625 0.028125 0.0171875
3 0.4140625 0.5578125 0.0265625 0.015625
3 0.5171875 0.5546875 0.021875 0.0109375
3 0.59375 0.5484375 0.0234375 0.009375
3 0.6515625 0.54375 0.01875 0.0078125
3 0.6953125 0.54375 0.015625 0.0078125
3 0.7296875 0.540625 0.0171875 0.0078125
3 0.7578125 0.5390625 0.0140625 0.0078125
3 0.778125 0.5375 0.0140625 0.00625
3 0.7953125 0.5359375 0.0109375 0.00625
3 0.809375 0.534375 0.0109375 0.0046875
3 0.821875 0.534375 0.0109375 0.0046875
3 0.8328125 0.5328125 0.0109375 0.0046875
3 0.8421875 0.5328125 0.0078125 0.003125
3 0.8515625 0.53125 0.0078125 0.003125