3 0.7265625 0.6609375 0.071875 0.0265625
3 0.540625 0.6421875 0.05625 0.01875
3 0.4125 0.6328125 0.046875 0.0171875
3 0.025 0.603125 0.0234375 0.0078125
3 0.05625 0.60625 0.025 0.0078125
3 0.0921875 0.609375 0.0265625 0.0078125
3 0.134375 0.6109375 0.0296875 0.009375
3 0.1859375 0.615625 0.0328125 0.0109375
3 0.2453125 0.6203125 0.0359375 0.0125
3 0.3203125 0.6265625 0.0390625 0.0140625
3 0.4953125 0.6078125 0.0203125 0.00625
3 0.984375 0.6828125 0.0296875 0.021875
3 0.9203125 0.625 0.0328125 0.009375
3 0.8046875 0.61875 0.0265625 0.009375
3 0.7078125 0.615625 0.0265625 0.0078125
3 0.628125 0.6125 0.0234375 0.00625
3 0.5578125 0.609375 0.0203125 0.00625