2 0.3953125 0.6203125 0.59375 0.2046875
3 0.2828125 0.646875 0.028125 0.01875
3 0.309375 0.64609375 0.0234375 0.0171875
3 0.403125 0.66171875 0.021875 0.021875
3 0.4328125 0.6328125 0.0171875 0.0203125
3 0.46875 0.63984375 0.01875 0.0203125
3 0.4859375 0.6375 0.0265625 0.0265625
3 0.50234375 0.6234375 0.021875 0.01875
3 0.44609375 0.62265625 0.0265625 0.015625
3 0.534375 0.66015625 0.028125 0.01875
3 0.56171875 0.61953125 0.025 0.0203125
3 0.62421875 0.63984375 0.0265625 0.025
3 0.6703125 0.60703125 0.025 0.0234375
3 0.63203125 0.61484375 0.021875 0.01875
3 0.65 0.63046875 0.028125 0.028125
3 0.70078125 0.68359375 0.01875 0.0171875