3 0.23125 0.63125 0.0671875 0.0421875
3 0.2421875 0.68125 0.0453125 0.0734375
3 0.365625 0.65625 0.0515625 0.0328125
3 0.5171875 0.6234375 0.053125 0.05625
3 0.5796875 0.646875 0.0640625 0.0734375
3 0.5140625 0.6796875 0.059375 0.0484375
3 0.5625 0.709375 0.0546875 0.046875
2 0.49375 0.575 0.565625 0.4328125
2 0.796875 0.515625 0.05625 0.065625
3 0.2859375 0.675 0.04375 0.06875
3 0.3375 0.6984375 0.053125 0.0609375
3 0.4640625 0.6390625 0.0609375 0.0671875
3 0.509375 0.721875 0.0515625 0.028125
3 0.4578125 0.69375 0.053125 0.040625
3 0.7546875 0.5515625 0.015625 0.0125
3 0.765625 0.5921875 0.015625 0.0171875