3 0.38984375 0.6140625 0.1953125 0.1453125
3 0.4390625 0.51640625 0.125 0.053125
3 0.45625 0.49296875 0.090625 0.0421875
3 0.47421875 0.47265625 0.06875 0.0234375
3 0.48828125 0.4640625 0.053125 0.01875
3 0.51015625 0.459375 0.040625 0.0171875
3 0.52265625 0.4546875 0.0296875 0.015625
3 0.54140625 0.45390625 0.0296875 0.015625
3 0.55234375 0.45078125 0.0265625 0.0140625
3 0.18125 0.42265625 0.040625 0.009375
3 0.2375 0.421875 0.028125 0.0171875
3 0.2828125 0.42421875 0.03125 0.015625
3 0.35625 0.42734375 0.0296875 0.0125
3 0.390625 0.4296875 0.0234375 0.0078125
3 0.1203125 0.41953125 0.0359375 0.0171875
3 0.421875 0.428125 0.0234375 0.009375