0 0.1375 0.4609375 0.0640625 0.0265625
0 0.1765625 0.47265625 0.078125 0.0328125
0 0.23046875 0.4890625 0.1 0.0421875
0 0.31015625 0.5140625 0.1421875 0.0546875
0 0.4421875 0.55625 0.2234375 0.0890625
0 0.71796875 0.64765625 0.46875 0.175
3 0.6234375 0.57421875 0.0140625 0.009375
3 0.5546875 0.55703125 0.0140625 0.009375
3 0.49921875 0.54296875 0.0125 0.0078125
3 0.45703125 0.53125 0.0125 0.0078125
3 0.328125 0.49765625 0.009375 0.0046875
3 0.35234375 0.503125 0.009375 0.0046875
3 0.3796875 0.51171875 0.0109375 0.00625
3 0.4125 0.5203125 0.0109375 0.00625
3 0.7078125 0.596875 0.0171875 0.0109375
3 0.815625 0.6234375 0.0171875 0.0125
3 0.94921875 0.66015625 0.025 0.0140625
0 0.109375 0.45234375 0.05 0.0203125
0 0.08515625 0.4453125 0.0421875 0.0171875
0 0.0671875 0.4390625 0.0375 0.015625
0 0.05078125 0.434375 0.0296875 0.0125
0 0.0375 0.4296875 0.025 0.0109375
0 0.02578125 0.4265625 0.0203125 0.009375
0 0.01484375 0.42421875 0.01875 0.009375