3 0.31015625 0.6078125 0.1734375 0.134375
3 0.6125 0.5875 0.1015625 0.075
3 0.7484375 0.57734375 0.06875 0.05
3 0.83359375 0.571875 0.0625 0.0359375
3 0.87890625 0.56640625 0.04375 0.0265625
3 0.91015625 0.56484375 0.040625 0.025
3 0.4921875 0.48125 0.0375 0.0234375
3 0.56796875 0.48984375 0.034375 0.01875
3 0.62734375 0.49609375 0.0296875 0.01875
3 0.39375 0.4703125 0.05 0.028125
3 0.25234375 0.45625 0.0515625 0.0328125
3 0.6734375 0.50234375 0.021875 0.0171875
3 0.71328125 0.50390625 0.0203125 0.0140625
3 0.04296875 0.42890625 0.075 0.0453125