0 0.30546875 0.59609375 0.378125 0.0921875
0 0.6640625 0.58203125 0.4453125 0.109375
3 0.97109375 0.52890625 0.03125 0.009375
3 0.03203125 0.57421875 0.0265625 0.0125
3 0.11015625 0.57109375 0.025 0.0109375
3 0.3765625 0.54921875 0.0078125 0.0046875
3 0.3359375 0.55 0.0078125 0.0046875
3 0.2953125 0.553125 0.0078125 0.0046875
3 0.25625 0.55546875 0.009375 0.0046875
3 0.21875 0.55625 0.009375 0.0046875
3 0.18125 0.55859375 0.009375 0.0046875
3 0.14375 0.5609375 0.009375 0.0046875
3 0.10859375 0.56171875 0.009375 0.0046875
3 0.075 0.56328125 0.009375 0.0046875
3 0.040625 0.565625 0.0109375 0.0046875
3 0.009375 0.5671875 0.009375 0.003125