3 0.3125 0.53359375 0.0265625 0.015625
3 0.475 0.55625 0.025 0.01875
3 0.63046875 0.57578125 0.0265625 0.0140625
3 0.78203125 0.596875 0.0296875 0.0203125
3 0.92734375 0.61796875 0.0328125 0.0203125
3 0.96484375 0.61015625 0.01875 0.009375
3 0.8875 0.59921875 0.0171875 0.009375
3 0.80546875 0.58828125 0.015625 0.0078125
3 0.721875 0.5765625 0.0171875 0.009375
3 0.6375 0.5625 0.015625 0.0078125
3 0.55 0.55234375 0.0140625 0.0078125
3 0.46171875 0.53984375 0.0140625 0.0078125
3 0.37265625 0.52734375 0.0140625 0.0078125
3 0.2796875 0.5140625 0.0140625 0.0078125
3 0.91015625 0.596875 0.0125 0.00625
3 0.94375 0.596875 0.00625 0.003125
3 0.98046875 0.603125 0.0078125 0.003125
3 0.96796875 0.59921875 0.0046875 0.0015625
3 0.9046875 0.5921875 0.00625 0.0046875
3 0.865625 0.58671875 0.00625 0.0046875
3 0.884375 0.5875 0.0046875 0.0015625
3 0.9125 0.590625 0.0046875 0.0015625
3 0.89765625 0.58828125 0.0046875 0.0015625
3 0.940625 0.5953125 0.0046875 0.0015625
3 0.91953125 0.58984375 0.0046875 0.0015625
3 0.8515625 0.5890625 0.0125 0.0046875
3 0.8484375 0.58671875 0.0078125 0.0046875
3 0.82890625 0.58046875 0.00625 0.0046875
3 0.85703125 0.58359375 0.0046875 0.0015625
3 0.87578125 0.58515625 0.003125 0.0015625
3 0.85234375 0.58125 0.0046875 0.0015625
3 0.83046875 0.57890625 0.003125 0.0015625
3 0.8078125 0.57578125 0.003125 0.0015625
3 0.8 0.57578125 0.0046875 0.0015625
3 0.7921875 0.58125 0.0109375 0.0046875
3 0.80078125 0.57890625 0.0078125 0.003125
3 0.78984375 0.57578125 0.00625 0.003125
3 0.7796875 0.57265625 0.0046875 0.0015625
3 0.784375 0.571875 0.003125 0.0015625
3 0.7609375 0.56796875 0.0046875 0.0015625
3 0.7703125 0.57109375 0.003125 0.0015625
3 0.75234375 0.5734375 0.0078125 0.0046875
3 0.75 0.56953125 0.00625 0.003125
3 0.73203125 0.571875 0.0109375 0.00625
3 0.7484375 0.56796875 0.0046875 0.0015625
3 0.7421875 0.5671875 0.003125 0.0015625
3 0.73828125 0.56640625 0.003125 0.0015625
3 0.7046875 0.565625 0.00625 0.0046875
3 0.7109375 0.56484375 0.0046875 0.003125
3 0.71640625 0.5640625 0.0078125 0.0046875
3 0.72890625 0.56328125 0.003125 0.0015625
3 0.70859375 0.56171875 0.003125 0.0015625
3 0.6703125 0.56328125 0.009375 0.0046875
3 0.65703125 0.559375 0.00625 0.0046875
3 0.67109375 0.55859375 0.0046875 0.0015625
3 0.653125 0.55390625 0.0046875 0.003125
3 0.65703125 0.5546875 0.003125 0.0015625
3 0.63046875 0.55390625 0.0046875 0.003125
3 0.60859375 0.55390625 0.0109375 0.0078125
3 0.68984375 0.55859375 0.003125 0.0015625
3 0.68515625 0.559375 0.0046875 0.0015625
3 0.6671875 0.5546875 0.003125 0.0015625
3 0.6421875 0.55234375 0.0046875 0.0015625
3 0.6203125 0.55078125 0.0046875 0.003125
3 0.590625 0.54765625 0.0046875 0.0015625
3 0.5578125 0.5453125 0.00625 0.0046875
3 0.546875 0.5453125 0.0078125 0.00625
3 0.5515625 0.54296875 0.0046875 0.003125
3 0.58203125 0.54296875 0.0015625 0.0015625
3 0.57265625 0.54140625 0.003125 0.0015625
3 0.54921875 0.5390625 0.003125 0.0015625
3 0.52265625 0.53671875 0.003125 0.003125
3 0.50859375 0.5375 0.00625 0.0046875
3 0.51171875 0.53671875 0.0046875 0.0015625
3 0.48125 0.53671875 0.0078125 0.00625
3 0.45703125 0.53125 0.00625 0.0046875
3 0.47109375 0.53046875 0.0046875 0.0015625
3 0.4578125 0.528125 0.003125 0.0015625
3 0.4515625 0.52578125 0.0015625 0.0015625
3 0.490625 0.53203125 0.003125 0.0015625
3 0.41796875 0.528125 0.0078125 0.0046875
3 0.4078125 0.525 0.00625 0.003125
3 0.425 0.52265625 0.003125 0.0015625
3 0.3921875 0.51953125 0.0046875 0.0015625
3 0.40859375 0.51875 0.0015625 0.0015625
3 0.3515625 0.51953125 0.0078125 0.00625
3 0.35625 0.5171875 0.00625 0.0046875
3 0.36015625 0.5140625 0.0046875 0.0015625
3 0.30390625 0.51015625 0.00625 0.0046875
3 0.32578125 0.50859375 0.003125 0.0015625
3 0.29375 0.50546875 0.0046875 0.0015625
3 0.28359375 0.51015625 0.0078125 0.0046875
3 0.25234375 0.50390625 0.0078125 0.0046875
3 0.2609375 0.5 0.0046875 0.0015625
3 0.21484375 0.50078125 0.009375 0.00625
3 0.2 0.4953125 0.0078125 0.0046875
3 0.14765625 0.48828125 0.0078125 0.0046875
3 0.18515625 0.48828125 0.003125 0.0015625
3 0.09609375 0.48203125 0.0078125 0.0046875
3 0.084375 0.475 0.003125 0.0015625
3 0.1109375 0.478125 0.003125 0.0015625
3 0.04375 0.475 0.0078125 0.0046875
3 0.03046875 0.46796875 0.0046875 0.0015625