0 0.71328125 0.525 0.2875 0.0390625
0 0.50546875 0.53125 0.2078125 0.034375
0 0.08203125 0.53671875 0.0890625 0.0125
3 0.19609375 0.534375 0.025 0.0140625
3 0.29140625 0.53359375 0.028125 0.009375
0 0.88125 0.48515625 0.0796875 0.0078125
0 0.9328125 0.48359375 0.0109375 0.0046875
0 0.7265625 0.4921875 0.0546875 0.00625
0 0.7984375 0.48984375 0.065625 0.00625
0 0.60625 0.49765625 0.040625 0.0046875
3 0.56875 0.49921875 0.0078125 0.003125
3 0.6453125 0.496875 0.0078125 0.003125
3 0.6828125 0.49375 0.009375 0.0046875