3 0.2921875 0.60078125 0.0984375 0.0453125
3 0.9640625 0.53984375 0.0125 0.003125
3 0.9046875 0.5390625 0.0109375 0.003125
3 0.8484375 0.5375 0.009375 0.003125
3 0.7953125 0.53671875 0.009375 0.003125
3 0.5078125 0.5375 0.0078125 0.003125
3 0.44375 0.53515625 0.009375 0.0046875
3 0.47578125 0.53046875 0.003125 0.0015625
3 0.37734375 0.53359375 0.0109375 0.003125
3 0.37734375 0.52890625 0.0046875 0.0015625
3 0.31328125 0.5328125 0.0109375 0.003125
3 0.25078125 0.53203125 0.0125 0.003125
3 0.19140625 0.53125 0.015625 0.003125
3 0.13203125 0.5296875 0.015625 0.003125
3 0.07578125 0.53046875 0.015625 0.003125
3 0.01953125 0.52890625 0.0171875 0.003125