3 0.9546875 0.52734375 0.0296875 0.0125
3 0.8234375 0.53203125 0.0234375 0.0109375
3 0.7015625 0.5359375 0.01875 0.0109375
3 0.584375 0.53984375 0.0140625 0.0109375
3 0.475 0.5421875 0.0140625 0.0109375
3 0.3703125 0.5453125 0.015625 0.009375
3 0.26875 0.54921875 0.01875 0.0109375
3 0.1734375 0.55234375 0.021875 0.009375
3 0.08125 0.55625 0.0265625 0.0109375
3 0.20703125 0.54375 0.009375 0.0015625
3 0.24609375 0.54296875 0.009375 0.003125
3 0.28828125 0.53984375 0.0078125 0.003125
3 0.33203125 0.53828125 0.0078125 0.003125
3 0.37734375 0.53828125 0.00625 0.003125
3 0.42109375 0.53515625 0.00625 0.003125
3 0.46796875 0.53515625 0.00625 0.003125
3 0.51484375 0.53359375 0.00625 0.003125
3 0.56328125 0.53125 0.00625 0.003125
3 0.61171875 0.5296875 0.00625 0.003125
3 0.66328125 0.528125 0.00625 0.003125
3 0.71484375 0.52734375 0.0078125 0.003125
3 0.76796875 0.525 0.009375 0.0046875
3 0.82109375 0.52265625 0.009375 0.003125
3 0.87578125 0.52109375 0.0125 0.0046875
3 0.93203125 0.51953125 0.0125 0.0046875
3 0.98984375 0.5171875 0.0140625 0.0046875