3 0.3921875 0.615625 0.1921875 0.1421875
3 0.4390625 0.5171875 0.1234375 0.0515625
3 0.45625 0.49375 0.090625 0.040625
3 0.4734375 0.4734375 0.06875 0.021875
3 0.4875 0.4640625 0.053125 0.0171875
3 0.509375 0.459375 0.040625 0.0171875
3 0.521875 0.4546875 0.0296875 0.015625
3 0.540625 0.453125 0.0296875 0.015625
3 0.5515625 0.45 0.0265625 0.0140625
3 0.1796875 0.428125 0.040625 0.009375
3 0.2359375 0.4265625 0.028125 0.0171875
3 0.28125 0.428125 0.03125 0.015625
3 0.3546875 0.4296875 0.0296875 0.0125
3 0.3890625 0.43125 0.0234375 0.0078125
3 0.11875 0.4265625 0.0359375 0.0171875
3 0.4203125 0.4296875 0.0234375 0.009375