3 0.534375 0.51875 0.028125 0.0171875
3 0.86484375 0.5953125 0.0328125 0.0171875
3 0.3453125 0.4765625 0.025 0.0171875
3 0.08671875 0.38671875 0.009375 0.00625
3 0.01953125 0.371875 0.0078125 0.00625
3 0.13671875 0.42734375 0.0296875 0.0171875
3 0.13984375 0.4046875 0.015625 0.009375
3 0.1515625 0.40234375 0.009375 0.00625
3 0.215625 0.4171875 0.009375 0.00625
3 0.225 0.42578125 0.0140625 0.009375
3 0.2765625 0.43203125 0.00625 0.0046875
3 0.31015625 0.4453125 0.0109375 0.0078125
3 0.3375 0.44609375 0.0078125 0.00625
3 0.3921875 0.4640625 0.0125 0.0078125
3 0.3953125 0.46015625 0.00625 0.0046875
3 0.47265625 0.484375 0.0109375 0.00625
3 0.4515625 0.4734375 0.00625 0.0046875
3 0.5078125 0.4875 0.0078125 0.0046875
3 0.55078125 0.503125 0.0109375 0.00625
3 0.5625 0.50078125 0.009375 0.00625
3 0.615625 0.51328125 0.009375 0.0046875
3 0.628125 0.52109375 0.0140625 0.009375
3 0.7046875 0.5578125 0.0328125 0.015625
3 0.70390625 0.53828125 0.0125 0.0078125
3 0.8015625 0.5546875 0.0078125 0.003125
3 0.778125 0.5578125 0.0140625 0.0078125
3 0.853125 0.5734375 0.015625 0.0078125
3 0.88203125 0.5734375 0.0078125 0.0046875
3 0.84140625 0.56328125 0.0078125 0.003125
3 0.921875 0.58359375 0.0078125 0.0046875
3 0.96171875 0.59140625 0.0078125 0.0046875
3 0.92578125 0.5921875 0.01875 0.009375