2 0.48125 0.5765625 0.7703125 0.2546875
2 0.3796875 0.2921875 0.0625 0.0125
2 0.453125 0.29375 0.0359375 0.0109375
2 0.528125 0.2953125 0.046875 0.0109375
2 0.6265625 0.3 0.034375 0.0171875
2 0.6640625 0.30625 0.03125 0.0140625
2 0.7078125 0.3109375 0.053125 0.0203125
2 0.7796875 0.3109375 0.0953125 0.04375
3 0.13125 0.425 0.021875 0.0171875
3 0.0578125 0.3921875 0.0484375 0.0203125
3 0.19375 0.3484375 0.0078125 0.0046875
2 0.071875 0.3625 0.14375 0.065625
2 0.2015625 0.303125 0.13125 0.034375
2 0.2 0.3125 0.1078125 0.0203125
2 0.265625 0.2921875 0.0265625 0.0125
3 0.575 0.2984375 0.0078125 0.003125
3 0.5875 0.3 0.009375 0.003125
3 0.8515625 0.3296875 0.009375 0.00625