3 0.17109375 0.4984375 0.03125 0.015625
3 0.4546875 0.5546875 0.01875 0.0125
3 0.47734375 0.55 0.0078125 0.00625
3 0.41640625 0.5375 0.009375 0.00625
3 0.54453125 0.5640625 0.0078125 0.00625
3 0.5734375 0.5796875 0.0203125 0.0125
3 0.6875 0.6015625 0.0234375 0.0125
3 0.79765625 0.625 0.0234375 0.0140625
3 0.01015625 0.46640625 0.0203125 0.0171875
3 0.0734375 0.46640625 0.0125 0.00625
3 0.0125 0.4546875 0.0125 0.0046875
3 0.13046875 0.47734375 0.0109375 0.00625
3 0.18671875 0.48984375 0.0109375 0.0046875
3 0.4671875 0.54609375 0.0046875 0.0046875
3 0.8171875 0.621875 0.0140625 0.00625
3 0.9109375 0.646875 0.03125 0.015625