3 0.44765625 0.5609375 0.14375 0.08125
3 0.78828125 0.55859375 0.1015625 0.05
3 0.9609375 0.55859375 0.071875 0.0390625
3 0.60859375 0.47578125 0.0359375 0.015625
3 0.49453125 0.4640625 0.040625 0.01875
3 0.3453125 0.45 0.0453125 0.0203125
3 0.14453125 0.4296875 0.05 0.0265625
3 0.04296875 0.3703125 0.0171875 0.0078125
3 0.0453125 0.38359375 0.028125 0.0140625
3 0.115625 0.38046875 0.015625 0.0078125
3 0.17265625 0.40078125 0.0265625 0.0109375
3 0.18203125 0.38984375 0.015625 0.00625
3 0.16171875 0.3765625 0.0078125 0.003125
3 0.19765625 0.38125 0.00625 0.003125
3 0.23359375 0.38671875 0.00625 0.003125
3 0.240625 0.39765625 0.0140625 0.00625
3 0.21015625 0.38125 0.00625 0.003125
3 0.28125 0.41328125 0.025 0.0109375
3 0.2953125 0.40390625 0.0140625 0.00625
3 0.34453125 0.4109375 0.0140625 0.0046875
3 0.38828125 0.415625 0.0125 0.0046875
3 0.36953125 0.42421875 0.021875 0.009375
3 0.42890625 0.4203125 0.0125 0.0046875
3 0.465625 0.4265625 0.0109375 0.0046875
3 0.5 0.43046875 0.0109375 0.003125
3 0.53125 0.43359375 0.0109375 0.0046875
3 0.56015625 0.43828125 0.009375 0.0046875
3 0.58671875 0.440625 0.009375 0.003125
3 0.61171875 0.44296875 0.009375 0.0046875
3 0.63515625 0.446875 0.0078125 0.003125
3 0.65625 0.45078125 0.009375 0.003125
3 0.678125 0.45234375 0.0078125 0.003125
3 0.696875 0.45546875 0.0078125 0.003125
3 0.715625 0.45546875 0.00625 0.003125
3 0.8640625 0.47890625 0.0078125 0.003125
3 0.8484375 0.47578125 0.0078125 0.003125
3 0.878125 0.47890625 0.0078125 0.003125
3 0.89375 0.48203125 0.0078125 0.003125
3 0.90625 0.48203125 0.00625 0.003125
3 0.91875 0.484375 0.00625 0.003125
3 0.93125 0.4859375 0.00625 0.003125
3 0.94296875 0.48828125 0.00625 0.003125
3 0.9546875 0.48828125 0.00625 0.003125
3 0.96484375 0.48984375 0.00625 0.003125
3 0.97578125 0.49140625 0.00625 0.003125