3 0.4328125 0.5546875 0.0671875 0.0453125
3 0.54453125 0.48671875 0.0234375 0.0140625
3 0.36796875 0.50078125 0.021875 0.0140625
3 0.18203125 0.51875 0.028125 0.015625
3 0.7125 0.46875 0.0265625 0.0125
3 0.86640625 0.45546875 0.0296875 0.015625
3 0.95234375 0.50703125 0.0953125 0.0515625
3 0.00625 0.53515625 0.0109375 0.0125
3 0.07578125 0.51328125 0.015625 0.0078125
3 0.16953125 0.50546875 0.0125 0.0078125
3 0.2609375 0.49609375 0.0109375 0.0078125
3 0.3234375 0.4890625 0.0109375 0.00625
3 0.3890625 0.4828125 0.009375 0.00625
0 0.3984375 0.48359375 0.1 0.015625
3 0.46015625 0.4765625 0.0078125 0.0046875
3 0.53203125 0.471875 0.0109375 0.0078125
3 0.61640625 0.46484375 0.0109375 0.00625
3 0.696875 0.45625 0.0125 0.0078125
3 0.7625 0.45 0.0109375 0.00625
3 0.7734375 0.44921875 0.0125 0.00625
3 0.83203125 0.44453125 0.0125 0.00625
3 0.84609375 0.44140625 0.0140625 0.00625
3 0.89765625 0.43671875 0.0140625 0.00625
3 0.91484375 0.43671875 0.0140625 0.00625
3 0.96484375 0.43125 0.0140625 0.00625