3 0.2328125 0.659375 0.18125 0.1125
3 0.77421875 0.48203125 0.1 0.103125
3 0.95625 0.434375 0.08125 0.05
3 0.15546875 0.52421875 0.0296875 0.015625
3 0.29609375 0.50078125 0.025 0.0171875
3 0.4125 0.47890625 0.025 0.0109375
3 0.50078125 0.46328125 0.0234375 0.0109375
3 0.57890625 0.44921875 0.0171875 0.009375
3 0.646875 0.4375 0.01875 0.009375
0 0.12265625 0.5125 0.1171875 0.025
1 0.475 0.4421875 0.009375 0.0171875
3 0.3296875 0.48125 0.0109375 0.0046875
3 0.37421875 0.47421875 0.0109375 0.0046875
3 0.28203125 0.490625 0.0125 0.00625
3 0.22734375 0.49921875 0.0125 0.00625
3 0.16875 0.5078125 0.0140625 0.00625
0 0.25625 0.49140625 0.096875 0.021875
0 0.38125 0.46953125 0.0484375 0.0125