3 0.08125 0.5578125 0.0171875 0.00625
3 0.153125 0.5578125 0.0171875 0.00625
3 0.228125 0.5578125 0.015625 0.00625
3 0.303125 0.5578125 0.0140625 0.00625
3 0.3828125 0.5578125 0.0125 0.00625
3 0.4609375 0.5578125 0.0109375 0.00625
3 0.5421875 0.5578125 0.0109375 0.00625
3 0.6234375 0.5578125 0.0109375 0.00625
3 0.70625 0.5578125 0.0140625 0.0046875
3 0.7890625 0.5578125 0.0171875 0.00625
3 0.8703125 0.5578125 0.01875 0.00625
3 0.9515625 0.5578125 0.0203125 0.0046875
3 0.840625 0.5515625 0.0078125 0.003125
3 0.8015625 0.5515625 0.0078125 0.003125
3 0.64375 0.5515625 0.0046875 0.0015625
3 0.6046875 0.5515625 0.0046875 0.0015625
3 0.565625 0.55 0.0046875 0.0015625
3 0.528125 0.55 0.003125 0.0015625
3 0.4890625 0.55 0.0046875 0.0015625
3 0.4515625 0.55 0.0046875 0.0015625
3 0.415625 0.55 0.0046875 0.0015625
3 0.378125 0.55 0.0046875 0.0015625
3 0.3421875 0.55 0.0046875 0.0015625
3 0.3078125 0.55 0.00625 0.0015625
3 0.0140625 0.5578125 0.0203125 0.00625
3 0.1078125 0.553125 0.0125 0.003125
3 0.059375 0.5546875 0.0125 0.003125