0 0.55859375 0.48984375 0.0609375 0.13203125
0 0.746875 0.58671875 0.0921875 0.13671875
0 0.58984375 0.6578125 0.18046875 0.1375
0 0.88984375 0.7265625 0.2203125 0.1625
0 0.95 0.4640625 0.05859375 0.1171875
0 0.640625 0.73359375 0.34140625 0.140625
0 0.4046875 0.6046875 0.2296875 0.13359375
0 0.45625 0.44140625 0.15703125 0.10078125
0 0.33828125 0.5203125 0.27421875 0.1140625
0 0.17734375 0.57265625 0.12421875 0.13984375
0 0.171875 0.67890625 0.08203125 0.15
0 0.109375 0.3171875 0.1296875 0.30078125
0 0.31015625 0.16484375 0.10390625 0.0703125