0 0.16640625 0.34375 0.0765625 0.1984375
0 0.41640625 0.44921875 0.1375 0.0734375
0 0.4359375 0.53828125 0.1484375 0.165625
0 0.64453125 0.696875 0.0625 0.1359375
0 0.46953125 0.73203125 0.196875 0.11875
0 0.32890625 0.7171875 0.1234375 0.103125
0 0.16484375 0.5234375 0.146875 0.0984375
0 0.1921875 0.6125 0.0828125 0.09375
0 0.30859375 0.534375 0.178125 0.140625
0 0.50234375 0.65078125 0.1703125 0.1328125
0 0.59140625 0.58515625 0.0421875 0.0671875
0 0.825 0.50078125 0.065625 0.1234375
0 0.7859375 0.40703125 0.1015625 0.059375
0 0.853125 0.57578125 0.0734375 0.0703125
0 0.89921875 0.61796875 0.1171875 0.153125