0 0.17578125 0.27265625 0.08203125 0.22578125
0 0.21953125 0.575 0.04140625 0.09453125
0 0.27265625 0.63203125 0.09765625 0.03046875
0 0.3265625 0.72734375 0.20625 0.13359375
0 0.25234375 0.6609375 0.08515625 0.04140625
0 0.35546875 0.6578125 0.1171875 0.05859375
0 0.43515625 0.71953125 0.15703125 0.08203125
0 0.47734375 0.771875 0.121875 0.071875
0 0.6125 0.44609375 0.25859375 0.17734375
0 0.796875 0.2390625 0.09609375 0.121875
0 0.80234375 0.41484375 0.09609375 0.16484375
0 0.7296875 0.68671875 0.0828125 0.04921875
0 0.721875 0.75234375 0.1265625 0.07109375