0 0.065625 0.4703125 0.10078125 0.18671875
0 0.159375 0.66484375 0.12578125 0.1109375
0 0.1359375 0.64609375 0.134375 0.12578125
0 0.12734375 0.78828125 0.2 0.09609375
0 0.2890625 0.5546875 0.30390625 0.12265625
0 0.3890625 0.46328125 0.16640625 0.0859375
0 0.48515625 0.3828125 0.10390625 0.1234375
0 0.49921875 0.51640625 0.08046875 0.10390625
0 0.3484375 0.64765625 0.20703125 0.140625
0 0.44921875 0.68828125 0.21015625 0.13359375
0 0.61328125 0.64140625 0.21328125 0.109375
0 0.54140625 0.7484375 0.2734375 0.159375
0 0.659375 0.5625 0.05859375 0.08125
0 0.7984375 0.47734375 0.078125 0.1015625
0 0.846875 0.6453125 0.20859375 0.08984375