0 0.35625 0.7453125 0.1734375 0.10625
0 0.37421875 0.9125 0.1421875 0.175
0 0.50078125 0.90703125 0.103125 0.1421875
0 0.575 0.8203125 0.1109375 0.0890625
0 0.6234375 0.7328125 0.08125 0.121875
0 0.4828125 0.446875 0.10625 0.121875
0 0.33359375 0.56875 0.1015625 0.1125
0 0.40546875 0.565625 0.0640625 0.0703125
0 0.253125 0.5390625 0.1078125 0.20625
0 0.20546875 0.37890625 0.1125 0.1171875
0 0.29765625 0.2984375 0.103125 0.1765625
0 0.47734375 0.1578125 0.1625 0.2234375
0 0.61171875 0.146875 0.2125 0.1171875
0 0.5109375 0.3203125 0.159375 0.1734375