0 0.44453125 0.1796875 0.1171875 0.0703125
0 0.57578125 0.075 0.1515625 0.125
0 0.52265625 0.12109375 0.0890625 0.0609375
0 0.6625 0.315625 0.1359375 0.0546875
0 0.56328125 0.3921875 0.0765625 0.0515625
0 0.63671875 0.46328125 0.11875 0.1609375
0 0.7203125 0.475 0.115625 0.2140625
0 0.73984375 0.6453125 0.0984375 0.1265625
0 0.521875 0.540625 0.134375 0.1203125
0 0.46484375 0.59765625 0.0734375 0.1390625
0 0.60546875 0.7046875 0.16875 0.2140625
0 0.578125 0.8390625 0.1 0.1484375
0 0.378125 0.8515625 0.209375 0.078125