0 0.70078125 0.45078125 0.3359375 0.2390625
0 0.6625 0.25546875 0.1359375 0.0796875
0 0.8296875 0.1609375 0.2265625 0.11875
0 0.8046875 0.0859375 0.290625 0.1515625
0 0.29140625 0.26171875 0.1046875 0.115625
0 0.3421875 0.3828125 0.078125 0.15
0 0.36796875 0.59375 0.1890625 0.121875
0 0.23359375 0.64375 0.103125 0.2359375
0 0.3890625 0.678125 0.11875 0.06875
0 0.265625 0.79296875 0.1578125 0.128125
0 0.37265625 0.79296875 0.09375 0.1203125
0 0.715625 0.89765625 0.203125 0.2
0 0.75078125 0.7796875 0.1984375 0.1265625