0 0.78125 0.765625 0.1171875 0.1921875
0 0.60390625 0.75625 0.21875 0.1328125
0 0.57578125 0.628125 0.0625 0.175
0 0.671875 0.59140625 0.1046875 0.1421875
0 0.89140625 0.27265625 0.2171875 0.2421875
0 0.6328125 0.278125 0.2703125 0.240625
0 0.28515625 0.3671875 0.09375 0.1203125
0 0.79609375 0.2625 0.134375 0.225
0 0.3796875 0.6515625 0.1765625 0.090625
0 0.24140625 0.696875 0.134375 0.103125
0 0.1828125 0.16328125 0.14375 0.240625
0 0.0984375 0.14921875 0.14375 0.2984375
0 0.259375 0.61796875 0.10625 0.0703125