0 0.8765625 0.54140625 0.09765625 0.090625
0 0.8875 0.6671875 0.125 0.09375
0 0.7328125 0.6484375 0.18828125 0.11875
0 0.77109375 0.36953125 0.171875 0.12734375
0 0.68671875 0.35625 0.11328125 0.04375
0 0.57578125 0.65078125 0.09296875 0.1328125
0 0.48359375 0.75703125 0.20625 0.1140625
0 0.503125 0.61875 0.06015625 0.05234375
0 0.42109375 0.5234375 0.1140625 0.14296875
0 0.353125 0.77265625 0.146875 0.08828125
0 0.23203125 0.3875 0.0609375 0.17578125
0 0.13828125 0.4109375 0.16015625 0.09140625
0 0.28828125 0.596875 0.159375 0.13046875
0 0.23046875 0.7078125 0.1515625 0.084375
0 0.24765625 0.75625 0.12734375 0.08984375