0 0.43515625 0.47265625 0.1203125 0.1203125
0 0.1328125 0.4875 0.14140625 0.07109375
0 0.28984375 0.60546875 0.14140625 0.1109375
0 0.23515625 0.61953125 0.03125 0.1453125
0 0.284375 0.52109375 0.13671875 0.06171875
0 0.18203125 0.509375 0.07109375 0.1078125
0 0.215625 0.7421875 0.15859375 0.08984375
0 0.33671875 0.77890625 0.1609375 0.078125
0 0.47890625 0.75625 0.19765625 0.11171875
0 0.48046875 0.6203125 0.06796875 0.07109375
0 0.5921875 0.62890625 0.07890625 0.12734375
0 0.78125 0.65078125 0.21015625 0.1171875
0 0.86953125 0.54375 0.1015625 0.05390625
0 0.89140625 0.64921875 0.084375 0.1046875
0 0.7375 0.39375 0.153125 0.08671875
0 0.6296875 0.38203125 0.1171875 0.0546875