0 0.58671875 0.13125 0.1015625 0.1078125
0 0.71328125 0.1359375 0.1078125 0.1359375
0 0.67578125 0.28671875 0.140625 0.2
0 0.40390625 0.21484375 0.1484375 0.1859375
0 0.3796875 0.296875 0.0578125 0.1171875
0 0.65859375 0.44296875 0.14375 0.109375
0 0.753125 0.54765625 0.1390625 0.21875
0 0.61796875 0.51171875 0.059375 0.065625
0 0.51328125 0.58125 0.15625 0.13125
0 0.75234375 0.67890625 0.1046875 0.15625
0 0.35546875 0.75234375 0.18125 0.08125
0 0.3671875 0.8484375 0.109375 0.16875
0 0.5703125 0.721875 0.15 0.1734375
0 0.6734375 0.79296875 0.1015625 0.1609375
0 0.7234375 0.78203125 0.1046875 0.1359375