0 0.4375 0.4671875 0.1296875 0.1296875
0 0.13515625 0.45546875 0.146875 0.084375
0 0.28125 0.58671875 0.15 0.1234375
0 0.22578125 0.59609375 0.04375 0.146875
0 0.28359375 0.50234375 0.1421875 0.075
0 0.1828125 0.48125 0.08125 0.1140625
0 0.1953125 0.71640625 0.1671875 0.1046875
0 0.31328125 0.76328125 0.1671875 0.0921875
0 0.45703125 0.753125 0.20625 0.1296875
0 0.4703125 0.61796875 0.075 0.078125
0 0.58046875 0.63671875 0.0890625 0.134375
0 0.7671875 0.675 0.21875 0.134375
0 0.8640625 0.57578125 0.10625 0.0625
0 0.8765625 0.6828125 0.09375 0.1109375
0 0.74609375 0.41484375 0.1609375 0.1
0 0.63984375 0.39375 0.121875 0.0640625