0 0.7390625 0.38671875 0.1671875 0.090625
0 0.58359375 0.37578125 0.121875 0.071875
0 0.428125 0.4625 0.14375 0.0875
0 0.1921875 0.52109375 0.0953125 0.1125
0 0.1265625 0.5265625 0.13125 0.0921875
0 0.28515625 0.61015625 0.15 0.140625
0 0.2859375 0.521875 0.14375 0.084375
0 0.4765625 0.621875 0.0625 0.0859375
0 0.60390625 0.62578125 0.1296875 0.1203125
0 0.77265625 0.66171875 0.196875 0.090625
0 0.8796875 0.62578125 0.1390625 0.0765625
0 0.86640625 0.51953125 0.128125 0.0796875
0 0.4828125 0.746875 0.2046875 0.125
0 0.3515625 0.77109375 0.1515625 0.0796875
0 0.15078125 0.6703125 0.1203125 0.1578125
0 0.23125 0.75390625 0.15625 0.1078125