0 0.88984375 0.39921875 0.1796875 0.08125
0 0.76875 0.51171875 0.0765625 0.1046875
0 0.69296875 0.89765625 0.1515625 0.1234375
0 0.53828125 0.61015625 0.128125 0.1359375
0 0.49375 0.6375 0.084375 0.1421875
0 0.5046875 0.4015625 0.084375 0.1453125
0 0.64453125 0.23359375 0.1890625 0.06875
0 0.871875 0.21640625 0.1671875 0.05625
0 0.47265625 0.26796875 0.1015625 0.1328125
0 0.4984375 0.2484375 0.0390625 0.065625
0 0.240625 0.2859375 0.209375 0.1875
0 0.33828125 0.4953125 0.1421875 0.0625
0 0.30234375 0.66484375 0.1875 0.2484375