0 0.2484375 0.3703125 0.1171875 0.32265625
0 0.30546875 0.428125 0.096875 0.2265625
0 0.515625 0.31640625 0.0609375 0.09140625
0 0.42109375 0.22890625 0.040625 0.12109375
0 0.41640625 0.41484375 0.04609375 0.13046875
0 0.39453125 0.6203125 0.13203125 0.1921875
0 0.4015625 0.68828125 0.09453125 0.1609375
0 0.24375 0.67578125 0.2125 0.225
0 0.8453125 0.42265625 0.0890625 0.28046875
0 0.64453125 0.61953125 0.11328125 0.1015625
0 0.53984375 0.659375 0.11015625 0.1921875
0 0.61953125 0.72421875 0.05390625 0.1359375